307 0
353 0
429 0
469 0
481 0
501 0
626 0
794 0
866 0
903 0
942 0
958 0
1002 0
1014 0
1035 0
1075 0
1176 0
1199 0
1222 0
1242 0
1268 0
1305 0
1316 0
1483 0
1519 0
1550 0
1565 0
1643 0
1671 0
1691 0
1729 0
1759 0
1780 0
1792 0
1816 0
1842 0
1862 0
1919 0
2019 0
2104 0
2280 0
2373 0
2413 0
2422 0
2443 0
2523 0
2547 0
2568 0
2588 0
2620 0
2641 0
2685 0
2690 0
2776 0
2795 0
2820 0
2849 0
2935 0
3119 0
3211 0
3309 0
3352 0
3376 0
3404 0
3419 0
3448 0
3452 0
3495 0
3523 0
3548 0
3575 0
3652 0
3661 0
3696 0
3726 0
3896 0
3923 0
3956 0
3966 0
4002 0
4023 0
4031 0
4140 0
4183 0
4215 0
4227 0
4256 0
4270 0
4305 0
4364 0
4422 0
4596 0
4717 0
4741 0
4756 0
4780 0
4871 0
4910 0
