321 0
329 0
344 0
369 0
399 0
417 0
456 0
486 0
512 0
555 0
562 0
634 0
698 0
911 0
964 0
1002 0
1014 0
1035 0
1101 0
1108 0
1143 0
1240 0
1361 0
1391 0
1426 0
1480 0
1516 0
1540 0
1841 0
1859 0
1911 0
1922 0
1940 0
1963 0
1985 0
2054 0
2132 0
2185 0
2218 0
2233 0
2260 0
2265 0
2339 0
2359 0
2369 0
2400 0
2443 0
2452 0
2481 0
2751 0
2764 0
2776 0
2817 0
2850 0
2860 0
2888 0
2950 0
2968 0
2982 0
2996 0
3027 0
3093 0
3175 0
3238 0
3261 0
3273 0
3293 0
3308 0
3362 0
3377 0
3680 0
3699 0
3735 0
3794 0
3830 0
3850 0
3993 0
4076 0
4108 0
4121 0
4194 0
4203 0
4218 0
4260 0
4304 0
4519 0
4582 0
4647 0
4674 0
4707 0
4729 0
4765 0
4803 0
4823 0
4856 0
4863 0
4886 0
4898 0
