318 0
343 0
368 0
424 0
457 0
460 0
536 0
557 0
614 0
744 0
796 0
803 0
843 0
858 0
885 0
931 0
944 0
966 0
1013 0
1116 0
1124 0
1234 0
1267 0
1305 0
1311 0
1332 0
1393 0
1440 0
1473 0
1573 0
1589 0
1642 0
1722 0
1778 0
1840 0
1885 0
1934 0
1946 0
1979 0
2099 0
2132 0
2155 0
2192 0
2216 0
2242 0
2287 0
2402 0
2434 0
2491 0
2518 0
2573 0
2594 0
2622 0
2642 0
2689 0
2725 0
2784 0
2811 0
2925 0
2988 0
3008 0
3040 0
3068 0
3082 0
3121 0
3238 0
3271 0
3293 0
3346 0
3369 0
3435 0
3490 0
3578 0
3622 0
3653 0
3743 0
3787 0
3830 0
3891 0
3895 0
3919 0
3958 0
3990 0
4096 0
4109 0
4204 0
4251 0
4269 0
4294 0
4325 0
4367 0
4373 0
4405 0
4431 0
4483 0
4606 0
4661 0
4676 0
4751 0
4767 0
4810 0
4860 0
4868 0
4907 0
