316 0
393 0
480 0
508 0
521 0
570 0
634 0
690 0
728 0
740 0
777 0
785 0
823 0
848 0
854 0
929 0
1084 0
1089 0
1246 0
1288 0
1304 0
1332 0
1376 0
1391 0
1421 0
1431 0
1490 0
1635 0
1712 0
1769 0
1788 0
1818 0
1831 0
1962 0
1976 0
2000 0
2016 0
2047 0
2067 0
2089 0
2192 0
2262 0
2334 0
2352 0
2375 0
2400 0
2449 0
2510 0
2520 0
2566 0
2569 0
2598 0
2620 0
2650 0
2661 0
2702 0
2704 0
2757 0
2819 0
2850 0
2860 0
2880 0
2948 0
3036 0
3142 0
3150 0
3163 0
3208 0
3229 0
3240 0
3248 0
3390 0
3415 0
3423 0
3443 0
3510 0
3576 0
3726 0
3787 0
3798 0
3833 0
3846 0
3877 0
3925 0
3939 0
3972 0
4117 0
4139 0
4294 0
4366 0
4381 0
4387 0
4430 0
4440 0
4484 0
4494 0
4538 0
4588 0
4657 0
4702 0
4724 0
4733 0
4819 0
4908 0
