311 0
339 0
349 0
460 0
495 0
598 0
658 0
721 0
759 0
803 0
856 0
925 0
973 0
1013 0
1046 0
1067 0
1102 0
1106 0
1177 0
1286 0
1321 0
1346 0
1407 0
1420 0
1483 0
1520 0
1539 0
1572 0
1582 0
1628 0
1732 0
1835 0
1856 0
1881 0
1928 0
1968 0
1976 0
2094 0
2121 0
2147 0
2238 0
2271 0
2290 0
2339 0
2351 0
2389 0
2435 0
2460 0
2471 0
2595 0
2632 0
2739 0
2759 0
2787 0
2830 0
2857 0
2880 0
2930 0
2953 0
2982 0
3074 0
3104 0
3116 0
3231 0
3263 0
3287 0
3347 0
3357 0
3395 0
3496 0
3603 0
3622 0
3645 0
3678 0
3701 0
3733 0
3801 0
3822 0
3868 0
3897 0
3930 0
4041 0
4100 0
4129 0
4161 0
4166 0
4210 0
4245 0
4291 0
4365 0
4411 0
4464 0
4495 0
4572 0
4611 0
4721 0
4745 0
4877 0
4882 0
4905 0
