352 0
358 0
445 0
484 0
503 0
540 0
576 0
605 0
633 0
666 0
706 0
732 0
772 0
838 0
856 0
891 0
1014 0
1056 0
1080 0
1121 0
1132 0
1237 0
1243 0
1324 0
1365 0
1385 0
1414 0
1432 0
1495 0
1609 0
1641 0
1670 0
1686 0
1840 0
1869 0
1884 0
1911 0
1940 0
1984 0
2064 0
2079 0
2100 0
2211 0
2271 0
2356 0
2371 0
2386 0
2453 0
2469 0
2529 0
2569 0
2644 0
2691 0
2738 0
2767 0
2832 0
2847 0
2868 0
2948 0
3005 0
3120 0
3129 0
3161 0
3246 0
3275 0
3306 0
3339 0
3359 0
3381 0
3521 0
3540 0
3582 0
3607 0
3738 0
3782 0
3796 0
3837 0
3858 0
3895 0
3975 0
3993 0
4091 0
4110 0
4140 0
4155 0
4204 0
4330 0
4361 0
4384 0
4438 0
4475 0
4507 0
4547 0
4578 0
4623 0
4642 0
4681 0
4717 0
4731 0
4775 0
4847 0
4876 0
