331 0
346 0
424 0
435 0
490 0
572 0
605 0
632 0
738 0
760 0
831 0
849 0
913 0
957 0
995 0
1048 0
1094 0
1112 0
1149 0
1182 0
1222 0
1266 0
1281 0
1353 0
1380 0
1408 0
1465 0
1527 0
1541 0
1705 0
1767 0
1774 0
1790 0
1833 0
1848 0
1868 0
1896 0
2013 0
2115 0
2175 0
2203 0
2230 0
2258 0
2262 0
2353 0
2373 0
2484 0
2528 0
2566 0
2659 0
2687 0
2723 0
2850 0
2865 0
2952 0
2963 0
2990 0
3023 0
3049 0
3102 0
3202 0
3327 0
3364 0
3377 0
3385 0
3430 0
3444 0
3452 0
3511 0
3682 0
3696 0
3746 0
3822 0
3831 0
3872 0
3936 0
3960 0
4000 0
4044 0
4068 0
4113 0
4127 0
4167 0
4217 0
4264 0
4309 0
4384 0
4398 0
4465 0
4476 0
4579 0
4623 0
4652 0
4742 0
4785 0
4797 0
4866 0
4891 0
