360 0
409 0
429 0
454 0
487 0
525 0
536 0
558 0
596 0
773 0
806 0
862 0
967 0
974 0
988 0
1015 0
1038 0
1064 0
1109 0
1209 0
1252 0
1306 0
1318 0
1417 0
1478 0
1503 0
1559 0
1601 0
1722 0
1798 0
1858 0
1880 0
1894 0
1954 0
1959 0
1980 0
2007 0
2109 0
2128 0
2206 0
2236 0
2294 0
2341 0
2384 0
2428 0
2444 0
2471 0
2492 0
2542 0
2557 0
2578 0
2649 0
2663 0
2670 0
2736 0
2742 0
2778 0
2797 0
2825 0
2877 0
2933 0
2978 0
3021 0
3082 0
3109 0
3199 0
3238 0
3257 0
3278 0
3317 0
3336 0
3361 0
3432 0
3500 0
3610 0
3668 0
3722 0
3742 0
3792 0
3902 0
3923 0
3975 0
4001 0
4102 0
4155 0
4176 0
4207 0
4225 0
4239 0
4254 0
4358 0
4418 0
4445 0
4617 0
4671 0
4678 0
4704 0
4728 0
4775 0
4788 0
4810 0
4846 0
