319 0
335 0
364 0
384 0
394 0
419 0
467 0
508 0
565 0
632 0
677 0
732 0
757 0
784 0
814 0
895 0
919 0
968 0
1075 0
1115 0
1240 0
1277 0
1304 0
1337 0
1391 0
1401 0
1420 0
1495 0
1507 0
1519 0
1561 0
1620 0
1657 0
1678 0
1841 0
1881 0
1971 0
1987 0
2045 0
2070 0
2103 0
2148 0
2174 0
2217 0
2255 0
2347 0
2395 0
2404 0
2435 0
2464 0
2494 0
2508 0
2709 0
2736 0
2766 0
2784 0
2815 0
2830 0
2859 0
2961 0
3003 0
3048 0
3074 0
3120 0
3160 0
3174 0
3242 0
3248 0
3338 0
3374 0
3547 0
3561 0
3592 0
3656 0
3696 0
3722 0
3727 0
3802 0
3815 0
3827 0
3877 0
3919 0
3943 0
3982 0
4111 0
4146 0
4263 0
4293 0
4329 0
4412 0
4431 0
4461 0
4475 0
4551 0
4575 0
4645 0
4718 0
4757 0
4795 0
4822 0
4835 0
4848 0
4887 0
4901 0
