355 0
415 0
445 0
535 0
554 0
658 0
769 0
791 0
814 0
830 0
886 0
958 0
1001 0
1015 0
1061 0
1072 0
1131 0
1204 0
1223 0
1341 0
1373 0
1397 0
1417 0
1486 0
1504 0
1529 0
1533 0
1573 0
1611 0
1660 0
1676 0
1701 0
1812 0
1832 0
1869 0
1877 0
1899 0
1910 0
1953 0
1992 0
2008 0
2068 0
2078 0
2173 0
2219 0
2274 0
2377 0
2415 0
2437 0
2498 0
2509 0
2537 0
2676 0
2714 0
2723 0
2781 0
2800 0
2843 0
2953 0
2994 0
3058 0
3137 0
3150 0
3212 0
3223 0
3279 0
3302 0
3316 0
3341 0
3356 0
3388 0
3403 0
3505 0
3550 0
3565 0
3620 0
3649 0
3676 0
3690 0
3716 0
3730 0
3804 0
3818 0
3843 0
3881 0
4011 0
4027 0
4096 0
4135 0
4162 0
4204 0
4225 0
4260 0
4330 0
4391 0
4407 0
4436 0
4440 0
4570 0
4660 0
4684 0
4771 0
4797 0
4863 0
