333 0
371 0
409 0
431 0
463 0
526 0
572 0
606 0
665 0
684 0
836 0
914 0
939 0
955 0
996 0
1010 0
1082 0
1119 0
1134 0
1178 0
1227 0
1345 0
1395 0
1436 0
1528 0
1538 0
1554 0
1569 0
1604 0
1618 0
1643 0
1721 0
1818 0
1912 0
1935 0
1943 0
1975 0
1995 0
2131 0
2195 0
2225 0
2240 0
2256 0
2268 0
2337 0
2355 0
2373 0
2449 0
2481 0
2582 0
2649 0
2753 0
2767 0
2841 0
2866 0
2885 0
2950 0
2971 0
2985 0
2994 0
3012 0
3083 0
3216 0
3236 0
3279 0
3295 0
3306 0
3401 0
3495 0
3581 0
3591 0
3616 0
3653 0
3658 0
3681 0
3695 0
3783 0
3822 0
3867 0
3988 0
4036 0
4086 0
4101 0
4140 0
4204 0
4232 0
4252 0
4275 0
4312 0
4380 0
4526 0
4554 0
4608 0
4642 0
4700 0
4756 0
4789 0
4800 0
4850 0
4893 0
