334 0
342 0
373 0
462 0
541 0
548 0
566 0
604 0
627 0
666 0
736 0
769 0
790 0
906 0
1044 0
1132 0
1200 0
1227 0
1248 0
1263 0
1289 0
1307 0
1322 0
1335 0
1423 0
1439 0
1501 0
1540 0
1555 0
1643 0
1658 0
1685 0
1733 0
1775 0
1796 0
1823 0
1859 0
1948 0
2004 0
2117 0
2213 0
2243 0
2252 0
2348 0
2372 0
2417 0
2472 0
2483 0
2504 0
2562 0
2664 0
2713 0
2721 0
2746 0
2794 0
2852 0
2859 0
2964 0
2989 0
3004 0
3107 0
3222 0
3275 0
3354 0
3386 0
3424 0
3450 0
3500 0
3520 0
3566 0
3577 0
3665 0
3684 0
3711 0
3785 0
3799 0
3888 0
3906 0
3925 0
3941 0
3960 0
3967 0
3981 0
4017 0
4086 0
4169 0
4302 0
4425 0
4451 0
4487 0
4540 0
4598 0
4609 0
4653 0
4672 0
4685 0
4746 0
4858 0
4878 0
4888 0
