332 0
365 0
384 0
517 0
550 0
577 0
600 0
640 0
696 0
723 0
828 0
834 0
915 0
947 0
997 0
1052 0
1113 0
1222 0
1234 0
1259 0
1299 0
1346 0
1388 0
1415 0
1504 0
1550 0
1570 0
1607 0
1616 0
1651 0
1730 0
1775 0
1820 0
1851 0
1867 0
1903 0
1917 0
1981 0
2069 0
2078 0
2102 0
2113 0
2190 0
2218 0
2247 0
2343 0
2348 0
2364 0
2477 0
2487 0
2537 0
2683 0
2729 0
2738 0
2855 0
2867 0
2885 0
2965 0
2994 0
3031 0
3100 0
3112 0
3131 0
3158 0
3239 0
3314 0
3326 0
3361 0
3367 0
3396 0
3442 0
3489 0
3561 0
3597 0
3619 0
3641 0
3664 0
3712 0
3801 0
3840 0
3868 0
3923 0
3956 0
3994 0
4006 0
4113 0
4170 0
4225 0
4277 0
4313 0
4377 0
4388 0
4495 0
4538 0
4577 0
4621 0
4654 0
4663 0
4696 0
4839 0
4847 0
4888 0
