328 0
363 0
402 0
530 0
563 0
657 0
692 0
705 0
730 0
737 0
766 0
826 0
865 0
951 0
1004 0
1031 0
1130 0
1146 0
1228 0
1248 0
1272 0
1372 0
1412 0
1469 0
1528 0
1549 0
1585 0
1624 0
1663 0
1674 0
1696 0
1798 0
1852 0
1902 0
1910 0
1960 0
2056 0
2078 0
2114 0
2130 0
2172 0
2200 0
2276 0
2304 0
2339 0
2394 0
2421 0
2440 0
2459 0
2490 0
2537 0
2590 0
2629 0
2671 0
2736 0
2758 0
2783 0
2794 0
2837 0
2887 0
2921 0
2951 0
3011 0
3046 0
3092 0
3110 0
3129 0
3175 0
3252 0
3305 0
3323 0
3380 0
3423 0
3525 0
3549 0
3564 0
3588 0
3626 0
3663 0
3691 0
3743 0
3804 0
3858 0
3955 0
3969 0
3987 0
4066 0
4091 0
4197 0
4211 0
4274 0
4357 0
4388 0
4445 0
4480 0
4495 0
4508 0
4538 0
4569 0
4647 0
4689 0
4824 0
4846 0
4889 0
