309 0
384 0
414 0
522 0
549 0
565 0
628 0
639 0
682 0
710 0
738 0
777 0
786 0
842 0
897 0
940 0
998 0
1029 0
1099 0
1121 0
1233 0
1274 0
1336 0
1346 0
1390 0
1395 0
1413 0
1474 0
1579 0
1602 0
1671 0
1703 0
1765 0
1863 0
1951 0
1957 0
1984 0
2021 0
2067 0
2079 0
2124 0
2146 0
2225 0
2230 0
2268 0
2292 0
2364 0
2395 0
2428 0
2439 0
2460 0
2484 0
2583 0
2639 0
2734 0
2757 0
2778 0
2794 0
2832 0
2847 0
2930 0
2955 0
2987 0
3000 0
3069 0
3095 0
3141 0
3160 0
3203 0
3239 0
3257 0
3275 0
3353 0
3457 0
3510 0
3552 0
3608 0
3653 0
3749 0
3802 0
3810 0
3826 0
3864 0
3885 0
3948 0
3993 0
4110 0
4126 0
4189 0
4219 0
4283 0
4320 0
4372 0
4424 0
4450 0
4477 0
4517 0
4524 0
4583 0
4597 0
4651 0
4663 0
4699 0
4810 0
4842 0
4907 0
