347 0
382 0
404 0
426 0
462 0
541 0
549 0
609 0
687 0
706 0
754 0
815 0
934 0
981 0
992 0
1007 0
1048 0
1076 0
1176 0
1202 0
1257 0
1313 0
1388 0
1430 0
1482 0
1524 0
1631 0
1647 0
1651 0
1672 0
1726 0
1758 0
1800 0
1850 0
1872 0
1905 0
1946 0
1960 0
2065 0
2101 0
2126 0
2189 0
2197 0
2330 0
2359 0
2406 0
2430 0
2540 0
2598 0
2623 0
2682 0
2802 0
2806 0
2859 0
2880 0
3025 0
3038 0
3082 0
3121 0
3160 0
3251 0
3274 0
3305 0
3338 0
3369 0
3433 0
3452 0
3493 0
3543 0
3556 0
3579 0
3588 0
3703 0
3725 0
3787 0
3831 0
3901 0
3968 0
4028 0
4034 0
4133 0
4177 0
4210 0
4224 0
4246 0
4287 0
4405 0
4469 0
4519 0
4538 0
4617 0
4665 0
4678 0
4748 0
4786 0
4813 0
4832 0
4875 0
