363 0
432 0
464 0
501 0
538 0
599 0
621 0
675 0
797 0
809 0
832 0
846 0
895 0
923 0
975 0
1004 0
1030 0
1080 0
1126 0
1203 0
1267 0
1349 0
1414 0
1464 0
1490 0
1529 0
1543 0
1591 0
1647 0
1656 0
1760 0
1778 0
1821 0
1860 0
1929 0
1970 0
1995 0
2053 0
2075 0
2136 0
2196 0
2268 0
2299 0
2351 0
2387 0
2405 0
2435 0
2496 0
2510 0
2534 0
2597 0
2625 0
2683 0
2719 0
2735 0
2779 0
2817 0
2835 0
2867 0
2915 0
2950 0
3020 0
3081 0
3131 0
3167 0
3219 0
3251 0
3293 0
3359 0
3386 0
3449 0
3453 0
3563 0
3572 0
3627 0
3685 0
3693 0
3737 0
3741 0
3795 0
3872 0
3953 0
4020 0
4083 0
4136 0
4184 0
4207 0
4246 0
4299 0
4330 0
4371 0
4397 0
4416 0
4436 0
4545 0
4597 0
4617 0
4690 0
4718 0
4753 0
4793 0
4847 0
