313 0
332 0
395 0
445 0
515 0
567 0
659 0
709 0
723 0
763 0
779 0
817 0
837 0
861 0
896 0
919 0
955 0
992 0
1022 0
1058 0
1104 0
1120 0
1205 0
1230 0
1268 0
1291 0
1294 0
1339 0
1367 0
1391 0
1397 0
1483 0
1525 0
1540 0
1562 0
1675 0
1718 0
1905 0
1997 0
2010 0
2062 0
2083 0
2126 0
2155 0
2199 0
2220 0
2241 0
2370 0
2470 0
2491 0
2511 0
2531 0
2536 0
2581 0
2648 0
2673 0
2698 0
2717 0
2729 0
2752 0
2841 0
2988 0
2998 0
3014 0
3074 0
3086 0
3132 0
3156 0
3211 0
3220 0
3308 0
3495 0
3552 0
3670 0
3685 0
3701 0
3730 0
3812 0
3836 0
3858 0
3883 0
3922 0
3937 0
3950 0
3993 0
4013 0
4113 0
4117 0
4150 0
4195 0
4220 0
4259 0
4295 0
4323 0
4357 0
4370 0
4399 0
4449 0
4469 0
4502 0
4521 0
4560 0
4647 0
4707 0
4765 0
4824 0
4882 0
4912 0
