367 0
385 0
424 0
446 0
478 0
564 0
675 0
686 0
724 0
747 0
779 0
801 0
1001 0
1047 0
1135 0
1192 0
1231 0
1250 0
1259 0
1278 0
1324 0
1337 0
1381 0
1433 0
1464 0
1526 0
1531 0
1554 0
1609 0
1629 0
1692 0
1793 0
1811 0
1890 0
1916 0
1948 0
2041 0
2085 0
2105 0
2114 0
2189 0
2282 0
2353 0
2373 0
2416 0
2508 0
2545 0
2561 0
2583 0
2644 0
2659 0
2675 0
2716 0
2792 0
2851 0
2861 0
2932 0
3035 0
3106 0
3125 0
3132 0
3172 0
3271 0
3310 0
3319 0
3409 0
3420 0
3523 0
3595 0
3610 0
3658 0
3681 0
3700 0
3747 0
3784 0
3828 0
3880 0
3895 0
3928 0
3960 0
3967 0
3991 0
4024 0
4093 0
4170 0
4218 0
4404 0
4440 0
4484 0
4502 0
4532 0
4547 0
4646 0
4735 0
4772 0
4809 0
4831 0
4855 0
