326 0
421 0
426 0
454 0
490 0
525 0
536 0
625 0
653 0
716 0
749 0
781 0
860 0
889 0
926 0
941 0
959 0
1024 0
1100 0
1123 0
1191 0
1221 0
1316 0
1328 0
1351 0
1363 0
1506 0
1575 0
1627 0
1682 0
1805 0
1820 0
1849 0
1920 0
1949 0
1963 0
1979 0
1994 0
2010 0
2048 0
2068 0
2079 0
2106 0
2124 0
2162 0
2228 0
2358 0
2396 0
2470 0
2508 0
2529 0
2561 0
2656 0
2692 0
2705 0
2749 0
2829 0
2871 0
2986 0
3053 0
3096 0
3125 0
3144 0
3151 0
3167 0
3203 0
3215 0
3236 0
3258 0
3269 0
3299 0
3378 0
3387 0
3409 0
3550 0
3590 0
3649 0
3710 0
3851 0
3873 0
3892 0
3903 0
4003 0
4023 0
4087 0
4122 0
4188 0
4259 0
4269 0
4287 0
4330 0
4367 0
4438 0
4456 0
4499 0
4562 0
4600 0
4686 0
4702 0
4733 0
4764 0
4791 0
4802 0
4888 0
