317 0
354 0
383 0
398 0
416 0
523 0
537 0
605 0
625 0
631 0
729 0
777 0
788 0
842 0
896 0
910 0
933 0
1002 0
1050 0
1133 0
1153 0
1180 0
1208 0
1228 0
1255 0
1271 0
1297 0
1337 0
1444 0
1478 0
1490 0
1501 0
1594 0
1600 0
1656 0
1672 0
1770 0
1939 0
2080 0
2136 0
2147 0
2162 0
2223 0
2243 0
2245 0
2292 0
2342 0
2403 0
2415 0
2502 0
2526 0
2582 0
2640 0
2698 0
2718 0
2792 0
2819 0
2881 0
2939 0
2972 0
2991 0
3000 0
3056 0
3072 0
3086 0
3132 0
3269 0
3441 0
3545 0
3564 0
3611 0
3627 0
3719 0
3735 0
3750 0
3789 0
3885 0
3924 0
3950 0
3973 0
3981 0
3997 0
4042 0
4065 0
4096 0
4168 0
4226 0
4285 0
4307 0
4325 0
4370 0
4424 0
4443 0
4491 0
4584 0
4598 0
4619 0
4687 0
4695 0
4809 0
4818 0
4841 0
4878 0
4905 0
