373 0
402 0
433 0
464 0
506 0
530 0
619 0
696 0
724 0
791 0
824 0
848 0
851 0
892 0
929 0
995 0
1075 0
1135 0
1145 0
1205 0
1255 0
1259 0
1294 0
1338 0
1366 0
1403 0
1439 0
1469 0
1562 0
1572 0
1617 0
1677 0
1726 0
1875 0
1891 0
1941 0
1967 0
2022 0
2066 0
2078 0
2114 0
2139 0
2162 0
2200 0
2308 0
2352 0
2441 0
2452 0
2497 0
2512 0
2581 0
2643 0
2707 0
2723 0
2756 0
2787 0
2865 0
2921 0
3016 0
3052 0
3078 0
3099 0
3139 0
3161 0
3212 0
3256 0
3272 0
3316 0
3344 0
3489 0
3538 0
3601 0
3648 0
3663 0
3747 0
3775 0
3816 0
3845 0
3888 0
3923 0
3955 0
3977 0
4019 0
4076 0
4084 0
4136 0
4230 0
4299 0
4320 0
4361 0
4381 0
4401 0
4421 0
4493 0
4525 0
4600 0
4691 0
4713 0
4745 0
4787 0
4826 0
4854 0
