314 0
328 0
351 0
363 0
383 0
409 0
488 0
517 0
599 0
674 0
925 0
982 0
988 0
1006 0
1065 0
1104 0
1199 0
1217 0
1240 0
1256 0
1299 0
1344 0
1362 0
1405 0
1434 0
1471 0
1487 0
1526 0
1558 0
1567 0
1627 0
1663 0
1701 0
1732 0
1756 0
1774 0
1868 0
1886 0
1894 0
1975 0
1998 0
2152 0
2189 0
2255 0
2267 0
2311 0
2339 0
2392 0
2420 0
2461 0
2474 0
2555 0
2667 0
2747 0
2759 0
2797 0
2828 0
2886 0
2923 0
2949 0
2967 0
3032 0
3073 0
3226 0
3233 0
3326 0
3338 0
3351 0
3446 0
3456 0
3496 0
3509 0
3566 0
3603 0
3642 0
3669 0
3692 0
3733 0
3748 0
3788 0
3813 0
3848 0
3871 0
3920 0
3970 0
3980 0
4003 0
4019 0
4121 0
4158 0
4201 0
4222 0
4236 0
4298 0
4540 0
4618 0
4694 0
4730 0
4808 0
4840 0
4846 0
4872 0
4894 0
4905 0
