421 0
433 0
445 0
464 0
482 0
495 0
545 0
654 0
699 0
746 0
774 0
805 0
820 0
885 0
1002 0
1064 0
1095 0
1120 0
1134 0
1144 0
1176 0
1233 0
1255 0
1262 0
1297 0
1361 0
1410 0
1468 0
1495 0
1562 0
1569 0
1622 0
1691 0
1778 0
1786 0
1835 0
1907 0
1968 0
1974 0
2085 0
2133 0
2149 0
2171 0
2194 0
2236 0
2305 0
2336 0
2392 0
2437 0
2481 0
2512 0
2524 0
2538 0
2679 0
2691 0
2706 0
2746 0
2782 0
2823 0
2880 0
2916 0
2983 0
3019 0
3044 0
3064 0
3080 0
3140 0
3238 0
3263 0
3310 0
3390 0
3427 0
3439 0
3533 0
3588 0
3648 0
3663 0
3738 0
3744 0
3824 0
3852 0
3917 0
3946 0
3973 0
3993 0
4032 0
4076 0
4089 0
4101 0
4115 0
4160 0
4222 0
4332 0
4396 0
4406 0
4453 0
4475 0
4520 0
4568 0
4664 0
4716 0
4731 0
4746 0
4762 0
4785 0
4808 0
