332 0
398 0
441 0
453 0
488 0
545 0
564 0
644 0
648 0
683 0
698 0
774 0
832 0
838 0
908 0
951 0
956 0
1015 0
1077 0
1136 0
1152 0
1176 0
1228 0
1285 0
1324 0
1405 0
1440 0
1584 0
1608 0
1665 0
1721 0
1759 0
1779 0
1794 0
1820 0
1860 0
1874 0
1899 0
1971 0
1982 0
2046 0
2061 0
2077 0
2101 0
2158 0
2207 0
2289 0
2336 0
2362 0
2429 0
2457 0
2510 0
2524 0
2580 0
2643 0
2689 0
2714 0
2759 0
2789 0
2858 0
2888 0
2939 0
3022 0
3062 0
3114 0
3140 0
3155 0
3168 0
3232 0
3260 0
3330 0
3340 0
3361 0
3386 0
3424 0
3443 0
3462 0
3496 0
3555 0
3610 0
3628 0
3787 0
3824 0
3894 0
3934 0
3986 0
4039 0
4067 0
4090 0
4142 0
4215 0
4259 0
4280 0
4304 0
4374 0
4394 0
4453 0
4516 0
4526 0
4563 0
4579 0
4642 0
4664 0
4730 0
4773 0
4780 0
4816 0
4891 0
