331 0
349 0
388 0
396 0
440 0
469 0
482 0
521 0
642 0
662 0
724 0
794 0
838 0
886 0
906 0
924 0
961 0
985 0
989 0
1058 0
1113 0
1180 0
1200 0
1238 0
1314 0
1368 0
1424 0
1466 0
1566 0
1658 0
1714 0
1754 0
1782 0
1865 0
1874 0
1936 0
1979 0
2081 0
2097 0
2118 0
2139 0
2230 0
2263 0
2345 0
2378 0
2393 0
2438 0
2520 0
2536 0
2578 0
2644 0
2679 0
2690 0
2773 0
2838 0
2854 0
2879 0
2944 0
2986 0
3082 0
3100 0
3118 0
3141 0
3244 0
3296 0
3341 0
3365 0
3444 0
3453 0
3515 0
3556 0
3652 0
3751 0
3797 0
3849 0
3896 0
3982 0
4014 0
4039 0
4102 0
4159 0
4222 0
4235 0
4263 0
4285 0
4308 0
4326 0
4385 0
4435 0
4491 0
4569 0
4587 0
4699 0
4735 0
4757 0
4778 0
4819 0
4833 0
4873 0
4895 0
