396 0
412 0
489 0
560 0
562 0
599 0
652 0
674 0
704 0
722 0
734 0
750 0
826 0
938 0
958 0
1042 0
1082 0
1186 0
1198 0
1209 0
1257 0
1287 0
1364 0
1388 0
1426 0
1474 0
1573 0
1591 0
1665 0
1713 0
1725 0
1757 0
1899 0
1945 0
1974 0
2009 0
2070 0
2093 0
2122 0
2170 0
2230 0
2273 0
2337 0
2355 0
2374 0
2387 0
2433 0
2514 0
2566 0
2653 0
2714 0
2775 0
2825 0
2853 0
2864 0
2886 0
2955 0
2978 0
3056 0
3102 0
3123 0
3146 0
3201 0
3238 0
3274 0
3324 0
3458 0
3492 0
3513 0
3568 0
3626 0
3639 0
3746 0
3795 0
3836 0
3843 0
3937 0
3967 0
4003 0
4021 0
4045 0
4144 0
4171 0
4255 0
4268 0
4395 0
4457 0
4486 0
4489 0
4516 0
4541 0
4570 0
4612 0
4651 0
4663 0
4735 0
4801 0
4815 0
