329 0
364 0
404 0
458 0
478 0
498 0
537 0
545 0
600 0
671 0
757 0
795 0
849 0
893 0
931 0
946 0
1002 0
1028 0
1091 0
1137 0
1219 0
1238 0
1242 0
1265 0
1278 0
1390 0
1430 0
1482 0
1514 0
1647 0
1653 0
1672 0
1845 0
1865 0
1874 0
1892 0
2014 0
2104 0
2118 0
2166 0
2213 0
2266 0
2280 0
2350 0
2403 0
2456 0
2513 0
2518 0
2534 0
2679 0
2690 0
2709 0
2767 0
2813 0
2865 0
2936 0
2957 0
3000 0
3049 0
3108 0
3122 0
3197 0
3331 0
3336 0
3352 0
3373 0
3542 0
3567 0
3581 0
3699 0
3731 0
3786 0
3841 0
3932 0
3945 0
3968 0
3993 0
3999 0
4085 0
4118 0
4197 0
4229 0
4279 0
4298 0
4334 0
4376 0
4423 0
4458 0
4554 0
4612 0
4669 0
4684 0
4721 0
4731 0
4773 0
4827 0
4853 0
4886 0
