395 0
486 0
495 0
598 0
626 0
682 0
706 0
763 0
828 0
837 0
866 0
909 0
958 0
1016 0
1036 0
1112 0
1141 0
1185 0
1192 0
1237 0
1299 0
1313 0
1327 0
1366 0
1391 0
1402 0
1439 0
1488 0
1610 0
1631 0
1634 0
1653 0
1686 0
1722 0
1774 0
1911 0
1929 0
1973 0
2068 0
2106 0
2128 0
2199 0
2237 0
2265 0
2280 0
2304 0
2337 0
2415 0
2457 0
2519 0
2556 0
2578 0
2640 0
2655 0
2698 0
2769 0
2804 0
2877 0
2920 0
2925 0
2955 0
2978 0
3017 0
3081 0
3122 0
3157 0
3232 0
3291 0
3305 0
3439 0
3495 0
3530 0
3562 0
3583 0
3588 0
3606 0
3731 0
3781 0
3824 0
3839 0
3847 0
3886 0
3896 0
3912 0
3991 0
4021 0
4041 0
4068 0
4098 0
4194 0
4205 0
4263 0
4317 0
4356 0
4382 0
4394 0
4456 0
4517 0
4531 0
4597 0
4617 0
4725 0
4734 0
4816 0
