321 0
371 0
420 0
438 0
485 0
509 0
566 0
619 0
665 0
686 0
770 0
790 0
830 0
845 0
865 0
1011 0
1033 0
1078 0
1121 0
1220 0
1240 0
1268 0
1280 0
1311 0
1378 0
1400 0
1492 0
1575 0
1587 0
1627 0
1633 0
1659 0
1860 0
1909 0
1976 0
2047 0
2069 0
2117 0
2164 0
2246 0
2276 0
2281 0
2335 0
2348 0
2430 0
2551 0
2581 0
2645 0
2656 0
2804 0
2858 0
2874 0
2940 0
2953 0
2973 0
3051 0
3099 0
3158 0
3176 0
3238 0
3299 0
3356 0
3564 0
3573 0
3596 0
3631 0
3644 0
3731 0
3824 0
3828 0
3894 0
3935 0
3958 0
3983 0
4008 0
4103 0
4134 0
4197 0
4210 0
4366 0
4378 0
4388 0
4433 0
4441 0
4529 0
4554 0
4596 0
4649 0
4721 0
4731 0
4793 0
4803 0
4855 0
4900 0
