313 0
380 0
406 0
426 0
504 0
518 0
615 0
643 0
706 0
722 0
795 0
823 0
855 0
907 0
981 0
989 0
1042 0
1152 0
1188 0
1195 0
1260 0
1333 0
1412 0
1432 0
1465 0
1504 0
1545 0
1570 0
1605 0
1661 0
1679 0
1726 0
1760 0
1782 0
1835 0
1837 0
1857 0
1975 0
2017 0
2056 0
2102 0
2116 0
2155 0
2169 0
2185 0
2228 0
2259 0
2283 0
2453 0
2468 0
2549 0
2579 0
2643 0
2683 0
2750 0
2770 0
2939 0
2962 0
2978 0
3035 0
3044 0
3074 0
3096 0
3121 0
3168 0
3198 0
3239 0
3355 0
3378 0
3387 0
3450 0
3465 0
3495 0
3542 0
3558 0
3620 0
3651 0
3687 0
3715 0
3742 0
3779 0
3803 0
3891 0
3957 0
4019 0
4032 0
4077 0
4172 0
4231 0
4249 0
4314 0
4363 0
4396 0
4434 0
4492 0
4506 0
4585 0
4599 0
4705 0
4718 0
4789 0
4821 0
4833 0
4911 0
