316 0
331 0
371 0
400 0
482 0
506 0
512 0
534 0
576 0
600 0
647 0
687 0
711 0
717 0
740 0
797 0
811 0
907 0
957 0
984 0
999 0
1024 0
1114 0
1188 0
1214 0
1252 0
1336 0
1344 0
1484 0
1539 0
1621 0
1646 0
1665 0
1691 0
1778 0
1810 0
1833 0
1840 0
1894 0
2118 0
2150 0
2174 0
2178 0
2249 0
2289 0
2366 0
2396 0
2426 0
2436 0
2564 0
2582 0
2639 0
2658 0
2783 0
2791 0
2829 0
2844 0
2940 0
2973 0
3038 0
3057 0
3067 0
3100 0
3320 0
3370 0
3385 0
3416 0
3448 0
3531 0
3557 0
3583 0
3589 0
3681 0
3733 0
3860 0
3880 0
3972 0
4001 0
4041 0
4102 0
4189 0
4218 0
4241 0
4254 0
4310 0
4407 0
4433 0
4480 0
4498 0
4520 0
4529 0
4567 0
4609 0
4649 0
4689 0
4698 0
4724 0
4729 0
4823 0
4855 0
4883 0
4903 0
