314 0
333 0
349 0
390 0
431 0
464 0
487 0
523 0
642 0
705 0
723 0
798 0
856 0
908 0
934 0
937 0
957 0
970 0
1099 0
1126 0
1188 0
1193 0
1243 0
1357 0
1387 0
1402 0
1464 0
1514 0
1585 0
1644 0
1657 0
1709 0
1767 0
1809 0
1822 0
1841 0
1854 0
1901 0
1917 0
1925 0
1948 0
2099 0
2119 0
2183 0
2196 0
2228 0
2265 0
2342 0
2352 0
2384 0
2455 0
2493 0
2536 0
2566 0
2656 0
2679 0
2736 0
2767 0
2823 0
2859 0
2880 0
2953 0
2979 0
3018 0
3028 0
3097 0
3125 0
3277 0
3289 0
3303 0
3326 0
3363 0
3376 0
3387 0
3412 0
3467 0
3515 0
3565 0
3577 0
3623 0
3693 0
3745 0
3813 0
3841 0
3872 0
3973 0
4019 0
4033 0
4088 0
4129 0
4234 0
4255 0
4276 0
4294 0
4314 0
4359 0
4421 0
4503 0
4521 0
4585 0
4705 0
4732 0
4747 0
4788 0
4842 0
4867 0
4881 0
4899 0
