317 0
371 0
416 0
437 0
451 0
474 0
479 0
529 0
618 0
713 0
725 0
733 0
756 0
792 0
821 0
928 0
966 0
971 0
1001 0
1038 0
1094 0
1108 0
1186 0
1226 0
1244 0
1285 0
1301 0
1340 0
1381 0
1405 0
1476 0
1481 0
1511 0
1517 0
1542 0
1591 0
1606 0
1633 0
1652 0
1709 0
1812 0
1841 0
1963 0
1973 0
2041 0
2062 0
2140 0
2153 0
2173 0
2180 0
2219 0
2271 0
2285 0
2298 0
2369 0
2392 0
2401 0
2440 0
2449 0
2532 0
2565 0
2580 0
2598 0
2633 0
2645 0
2666 0
2695 0
2757 0
2776 0
2817 0
2835 0
2843 0
2912 0
2933 0
2953 0
3006 0
3034 0
3044 0
3062 0
3087 0
3148 0
3173 0
3232 0
3263 0
3381 0
3405 0
3506 0
3566 0
3582 0
3606 0
3635 0
3683 0
3698 0
3713 0
3738 0
3750 0
3815 0
3831 0
3890 0
3922 0
3938 0
3969 0
3993 0
4033 0
4106 0
4119 0
4171 0
4223 0
4237 0
4251 0
4297 0
4397 0
4425 0
4456 0
4475 0
4501 0
4508 0
4596 0
4679 0
4729 0
4755 0
4767 0
4792 0
4803 0
4846 0
4912 0
