324 0
401 0
440 0
464 0
514 0
550 0
643 0
651 0
664 0
696 0
739 0
763 0
827 0
937 0
959 0
1033 0
1040 0
1085 0
1132 0
1180 0
1203 0
1266 0
1320 0
1330 0
1349 0
1430 0
1470 0
1486 0
1519 0
1545 0
1565 0
1591 0
1685 0
1730 0
2078 0
2127 0
2183 0
2203 0
2245 0
2267 0
2286 0
2356 0
2366 0
2395 0
2405 0
2418 0
2466 0
2521 0
2564 0
2595 0
2632 0
2658 0
2689 0
2738 0
2792 0
2807 0
2838 0
2852 0
2868 0
2928 0
2951 0
2971 0
3018 0
3040 0
3092 0
3131 0
3486 0
3526 0
3624 0
3652 0
3683 0
3694 0
3725 0
3748 0
3789 0
3872 0
3878 0
3896 0
3951 0
4013 0
4034 0
4096 0
4135 0
4179 0
4193 0
4256 0
4275 0
4388 0
4470 0
4477 0
4535 0
4540 0
4571 0
4577 0
4663 0
4696 0
4758 0
4786 0
4822 0
4892 0
