324 0
407 0
576 0
623 0
639 0
681 0
727 0
762 0
808 0
819 0
996 0
1012 0
1055 0
1084 0
1102 0
1121 0
1124 0
1144 0
1175 0
1211 0
1237 0
1256 0
1312 0
1387 0
1395 0
1434 0
1502 0
1521 0
1544 0
1577 0
1603 0
1754 0
1885 0
1981 0
2014 0
2066 0
2075 0
2120 0
2158 0
2191 0
2206 0
2284 0
2353 0
2368 0
2394 0
2424 0
2442 0
2485 0
2508 0
2583 0
2585 0
2627 0
2639 0
2708 0
2728 0
2781 0
2802 0
2824 0
2852 0
2863 0
2939 0
3016 0
3029 0
3069 0
3096 0
3139 0
3153 0
3209 0
3242 0
3343 0
3455 0
3618 0
3639 0
3684 0
3692 0
3721 0
3779 0
3816 0
3840 0
3904 0
3967 0
3979 0
3997 0
4045 0
4079 0
4090 0
4108 0
4123 0
4138 0
4163 0
4211 0
4221 0
4399 0
4405 0
4457 0
4489 0
4538 0
4580 0
4604 0
4642 0
4813 0
4889 0
