335 0
365 0
387 0
412 0
435 0
479 0
498 0
559 0
631 0
651 0
686 0
715 0
777 0
807 0
837 0
900 0
1000 0
1008 0
1045 0
1152 0
1179 0
1220 0
1249 0
1270 0
1324 0
1362 0
1395 0
1433 0
1480 0
1541 0
1566 0
1587 0
1611 0
1646 0
1710 0
1833 0
1873 0
1936 0
1988 0
2002 0
2014 0
2085 0
2104 0
2215 0
2259 0
2267 0
2279 0
2297 0
2348 0
2369 0
2436 0
2461 0
2489 0
2507 0
2536 0
2561 0
2667 0
2672 0
2716 0
2729 0
2768 0
2772 0
2843 0
2862 0
2912 0
2928 0
2953 0
2964 0
2995 0
3120 0
3136 0
3209 0
3221 0
3239 0
3291 0
3335 0
3387 0
3516 0
3578 0
3608 0
3632 0
3650 0
3679 0
3726 0
3777 0
3809 0
3844 0
3909 0
3948 0
3970 0
4002 0
4044 0
4070 0
4166 0
4201 0
4230 0
4322 0
4385 0
4418 0
4444 0
4493 0
4533 0
4566 0
4575 0
4671 0
4712 0
4731 0
4784 0
4810 0
4843 0
4851 0
4890 0
