310 0
330 0
353 0
420 0
569 0
662 0
672 0
772 0
1000 0
1074 0
1134 0
1150 0
1200 0
1227 0
1260 0
1281 0
1297 0
1337 0
1392 0
1408 0
1560 0
1591 0
1629 0
1678 0
1688 0
1707 0
1759 0
1811 0
1833 0
1839 0
1956 0
2050 0
2079 0
2097 0
2179 0
2229 0
2252 0
2274 0
2293 0
2299 0
2349 0
2370 0
2393 0
2405 0
2481 0
2486 0
2511 0
2517 0
2590 0
2623 0
2701 0
2704 0
2724 0
2740 0
2819 0
2838 0
2849 0
2864 0
2916 0
2925 0
2945 0
2960 0
2988 0
3040 0
3118 0
3140 0
3167 0
3261 0
3370 0
3390 0
3409 0
3466 0
3513 0
3534 0
3548 0
3589 0
3627 0
3663 0
3811 0
3836 0
3889 0
3924 0
3933 0
3960 0
3982 0
4013 0
4076 0
4086 0
4142 0
4231 0
4449 0
4543 0
4559 0
4653 0
4795 0
4870 0
4881 0
4909 0
