321 0
347 0
368 0
438 0
473 0
571 0
685 0
706 0
742 0
749 0
772 0
852 0
1112 0
1136 0
1152 0
1220 0
1233 0
1248 0
1336 0
1364 0
1395 0
1444 0
1502 0
1556 0
1612 0
1636 0
1678 0
1702 0
1803 0
1827 0
1874 0
1932 0
1941 0
2005 0
2047 0
2106 0
2137 0
2144 0
2243 0
2254 0
2332 0
2374 0
2385 0
2413 0
2489 0
2511 0
2526 0
2563 0
2571 0
2593 0
2629 0
2644 0
2653 0
2690 0
2717 0
2735 0
2812 0
2825 0
2845 0
2885 0
2964 0
2984 0
3075 0
3087 0
3113 0
3166 0
3216 0
3265 0
3288 0
3336 0
3392 0
3413 0
3512 0
3538 0
3581 0
3610 0
3660 0
3720 0
3783 0
3812 0
3848 0
3887 0
3963 0
3992 0
4005 0
4065 0
4091 0
4102 0
4366 0
4441 0
4470 0
4474 0
4510 0
4523 0
4651 0
4748 0
4785 0
4861 0
4871 0
4907 0
