331 0
366 0
394 0
421 0
430 0
473 0
571 0
607 0
664 0
754 0
772 0
797 0
837 0
853 0
933 0
937 0
976 0
1009 0
1024 0
1050 0
1100 0
1116 0
1136 0
1193 0
1307 0
1344 0
1436 0
1481 0
1504 0
1544 0
1557 0
1648 0
1652 0
1688 0
1765 0
1790 0
1815 0
1881 0
1933 0
1980 0
2073 0
2110 0
2200 0
2241 0
2247 0
2276 0
2284 0
2358 0
2366 0
2402 0
2493 0
2566 0
2661 0
2731 0
2812 0
2849 0
2861 0
2935 0
2955 0
2965 0
2990 0
3017 0
3099 0
3146 0
3232 0
3294 0
3338 0
3408 0
3429 0
3465 0
3531 0
3556 0
3584 0
3664 0
3674 0
3712 0
3734 0
3789 0
3860 0
3924 0
4015 0
4089 0
4113 0
4125 0
4177 0
4196 0
4202 0
4248 0
4268 0
4288 0
4365 0
4374 0
4429 0
4448 0
4469 0
4540 0
4609 0
4651 0
4747 0
4779 0
4806 0
4816 0
4858 0
4894 0
