321 0
337 0
342 0
386 0
435 0
451 0
467 0
555 0
567 0
596 0
786 0
848 0
852 0
891 0
910 0
941 0
973 0
989 0
1036 0
1073 0
1113 0
1183 0
1273 0
1280 0
1315 0
1340 0
1346 0
1440 0
1467 0
1494 0
1502 0
1514 0
1574 0
1624 0
1662 0
1810 0
1826 0
1869 0
1994 0
2043 0
2068 0
2107 0
2112 0
2138 0
2178 0
2200 0
2239 0
2253 0
2276 0
2358 0
2440 0
2456 0
2561 0
2597 0
2627 0
2666 0
2757 0
2772 0
2869 0
2954 0
2965 0
2984 0
3015 0
3040 0
3079 0
3105 0
3126 0
3155 0
3167 0
3218 0
3359 0
3397 0
3403 0
3563 0
3600 0
3650 0
3700 0
3720 0
3730 0
3748 0
3785 0
3873 0
3880 0
3896 0
3940 0
3956 0
4030 0
4098 0
4136 0
4195 0
4222 0
4244 0
4275 0
4310 0
4325 0
4360 0
4373 0
4436 0
4618 0
4643 0
4665 0
4751 0
4771 0
4791 0
4831 0
4875 0
4891 0
4911 0
