311 0
344 0
419 0
465 0
547 0
568 0
603 0
643 0
747 0
887 0
907 0
927 0
967 0
983 0
988 0
1004 0
1083 0
1096 0
1203 0
1268 0
1301 0
1357 0
1365 0
1432 0
1471 0
1484 0
1499 0
1527 0
1553 0
1588 0
1662 0
1712 0
1798 0
1831 0
1854 0
1885 0
1937 0
2061 0
2113 0
2141 0
2235 0
2251 0
2292 0
2344 0
2386 0
2406 0
2462 0
2489 0
2520 0
2536 0
2560 0
2585 0
2625 0
2667 0
2678 0
2694 0
2726 0
2765 0
2808 0
2838 0
2878 0
2932 0
2970 0
2977 0
3081 0
3108 0
3160 0
3293 0
3340 0
3365 0
3393 0
3421 0
3518 0
3554 0
3628 0
3661 0
3702 0
3714 0
3734 0
3752 0
3780 0
3855 0
3861 0
3920 0
3956 0
4020 0
4125 0
4145 0
4205 0
4219 0
4246 0
4266 0
4286 0
4308 0
4327 0
4477 0
4576 0
4620 0
4643 0
4667 0
4746 0
4805 0
4863 0
4910 0
