332 0
352 0
358 0
382 0
418 0
458 0
462 0
506 0
515 0
575 0
625 0
650 0
677 0
738 0
771 0
802 0
865 0
950 0
976 0
987 0
1041 0
1064 0
1118 0
1209 0
1308 0
1361 0
1384 0
1438 0
1532 0
1770 0
1801 0
1848 0
1861 0
1883 0
1897 0
1910 0
1924 0
2000 0
2048 0
2177 0
2223 0
2293 0
2307 0
2344 0
2393 0
2403 0
2415 0
2506 0
2535 0
2592 0
2634 0
2683 0
2713 0
2792 0
2820 0
2834 0
2882 0
2910 0
2932 0
3005 0
3030 0
3178 0
3220 0
3290 0
3300 0
3316 0
3337 0
3361 0
3377 0
3427 0
3438 0
3678 0
3776 0
3837 0
3843 0
3916 0
4004 0
4102 0
4154 0
4179 0
4218 0
4245 0
4277 0
4356 0
4412 0
4440 0
4483 0
4546 0
4572 0
4598 0
4647 0
4700 0
4718 0
4747 0
4771 0
4810 0
4838 0
4860 0
4867 0
4891 0
