352 0
378 0
410 0
487 0
513 0
657 0
717 0
740 0
778 0
830 0
852 0
890 0
923 0
1023 0
1049 0
1073 0
1149 0
1191 0
1209 0
1246 0
1300 0
1374 0
1422 0
1434 0
1518 0
1579 0
1642 0
1690 0
1706 0
1721 0
1772 0
1794 0
1803 0
1829 0
1858 0
1911 0
1950 0
1971 0
2020 0
2050 0
2089 0
2149 0
2168 0
2206 0
2243 0
2246 0
2279 0
2403 0
2444 0
2462 0
2543 0
2553 0
2658 0
2684 0
2767 0
2787 0
2812 0
2933 0
2961 0
2988 0
3017 0
3054 0
3064 0
3130 0
3169 0
3203 0
3263 0
3273 0
3304 0
3354 0
3393 0
3413 0
3425 0
3438 0
3486 0
3515 0
3530 0
3580 0
3647 0
3695 0
3789 0
3798 0
3850 0
3911 0
3965 0
4006 0
4028 0
4079 0
4134 0
4166 0
4189 0
4299 0
4327 0
4363 0
4387 0
4446 0
4484 0
4504 0
4570 0
4694 0
4732 0
4808 0
4841 0
4874 0
