311 0
334 0
342 0
363 0
378 0
435 0
496 0
534 0
615 0
704 0
777 0
783 0
804 0
822 0
863 0
914 0
958 0
991 0
1028 0
1044 0
1056 0
1092 0
1142 0
1206 0
1233 0
1271 0
1278 0
1320 0
1389 0
1493 0
1572 0
1584 0
1755 0
1805 0
1850 0
1871 0
1914 0
1962 0
1994 0
2055 0
2062 0
2101 0
2172 0
2201 0
2214 0
2272 0
2296 0
2430 0
2468 0
2528 0
2581 0
2594 0
2631 0
2639 0
2695 0
2753 0
2803 0
2918 0
2950 0
2993 0
3023 0
3055 0
3126 0
3147 0
3166 0
3215 0
3248 0
3309 0
3348 0
3373 0
3413 0
3456 0
3627 0
3639 0
3732 0
3839 0
3905 0
3942 0
3957 0
3980 0
4018 0
4072 0
4121 0
4159 0
4166 0
4184 0
4228 0
4258 0
4314 0
4355 0
4399 0
4408 0
4427 0
4443 0
4507 0
4605 0
4691 0
4714 0
4786 0
4842 0
4856 0
4863 0
4886 0
4904 0
