324 0
371 0
376 0
416 0
429 0
653 0
668 0
694 0
734 0
763 0
781 0
854 0
946 0
1002 0
1012 0
1060 0
1102 0
1127 0
1142 0
1196 0
1256 0
1288 0
1314 0
1330 0
1357 0
1495 0
1627 0
1633 0
1664 0
1708 0
1766 0
1807 0
1846 0
1893 0
1968 0
2054 0
2099 0
2121 0
2245 0
2268 0
2336 0
2384 0
2474 0
2493 0
2501 0
2538 0
2566 0
2577 0
2648 0
2662 0
2672 0
2705 0
2726 0
2744 0
2838 0
2884 0
2943 0
2973 0
3108 0
3114 0
3167 0
3259 0
3331 0
3375 0
3415 0
3459 0
3513 0
3556 0
3585 0
3599 0
3724 0
3860 0
3883 0
3904 0
3930 0
3974 0
4028 0
4075 0
4094 0
4123 0
4152 0
4215 0
4218 0
4277 0
4368 0
4443 0
4468 0
4486 0
4529 0
4551 0
4567 0
4792 0
4803 0
4838 0
4849 0
4882 0
