336 0
412 0
447 0
518 0
528 0
573 0
622 0
638 0
674 0
682 0
710 0
721 0
790 0
836 0
855 0
912 0
942 0
989 0
1004 0
1114 0
1132 0
1188 0
1298 0
1335 0
1376 0
1469 0
1523 0
1556 0
1611 0
1653 0
1669 0
1774 0
1823 0
1849 0
1914 0
1928 0
1947 0
1956 0
2066 0
2128 0
2175 0
2211 0
2246 0
2283 0
2347 0
2422 0
2498 0
2501 0
2540 0
2561 0
2576 0
2639 0
2658 0
2681 0
2717 0
2725 0
2797 0
2872 0
2940 0
2967 0
2998 0
3047 0
3082 0
3158 0
3252 0
3277 0
3285 0
3310 0
3369 0
3398 0
3445 0
3547 0
3560 0
3614 0
3661 0
3694 0
3754 0
3857 0
3878 0
3919 0
4032 0
4082 0
4098 0
4207 0
4221 0
4280 0
4313 0
4365 0
4383 0
4430 0
4489 0
4512 0
4533 0
4551 0
4588 0
4592 0
4652 0
4685 0
4698 0
4772 0
4807 0
4883 0
