406 0
409 0
535 0
574 0
621 0
687 0
710 0
722 0
766 0
788 0
861 0
892 0
962 0
988 0
1012 0
1027 0
1117 0
1154 0
1180 0
1203 0
1212 0
1227 0
1340 0
1351 0
1485 0
1546 0
1548 0
1625 0
1644 0
1681 0
1794 0
1847 0
1905 0
1959 0
1991 0
2050 0
2059 0
2086 0
2157 0
2162 0
2260 0
2291 0
2351 0
2404 0
2441 0
2469 0
2501 0
2525 0
2556 0
2598 0
2632 0
2667 0
2688 0
2713 0
2750 0
2780 0
2806 0
2872 0
2925 0
2964 0
3059 0
3067 0
3143 0
3153 0
3165 0
3224 0
3255 0
3304 0
3376 0
3426 0
3538 0
3573 0
3603 0
3666 0
3680 0
3728 0
3867 0
3880 0
3979 0
3997 0
4026 0
4039 0
4069 0
4099 0
4196 0
4211 0
4220 0
4257 0
4326 0
4368 0
4431 0
4443 0
4489 0
4513 0
4531 0
4602 0
4652 0
4679 0
4799 0
4826 0
