312 0
351 0
372 0
390 0
412 0
452 0
512 0
574 0
630 0
760 0
772 0
793 0
822 0
838 0
953 0
983 0
993 0
1138 0
1150 0
1263 0
1305 0
1363 0
1386 0
1438 0
1499 0
1527 0
1585 0
1657 0
1684 0
1709 0
1752 0
1773 0
1809 0
1825 0
1844 0
1902 0
1915 0
1934 0
1982 0
2063 0
2078 0
2127 0
2151 0
2196 0
2337 0
2365 0
2434 0
2453 0
2469 0
2508 0
2522 0
2564 0
2599 0
2620 0
2662 0
2699 0
2707 0
2752 0
2757 0
2787 0
2844 0
2887 0
3019 0
3062 0
3088 0
3141 0
3160 0
3244 0
3282 0
3304 0
3326 0
3374 0
3393 0
3412 0
3436 0
3460 0
3515 0
3527 0
3562 0
3635 0
3699 0
3709 0
3779 0
3836 0
3854 0
3926 0
3947 0
4066 0
4082 0
4221 0
4245 0
4265 0
4381 0
4392 0
4428 0
4452 0
4459 0
4589 0
4654 0
4701 0
4770 0
4800 0
4830 0
4850 0
4873 0
4908 0
