349 0
367 0
399 0
423 0
473 0
516 0
609 0
661 0
668 0
818 0
917 0
939 0
971 0
1116 0
1136 0
1147 0
1186 0
1209 0
1257 0
1295 0
1352 0
1365 0
1470 0
1492 0
1516 0
1578 0
1585 0
1609 0
1633 0
1656 0
1706 0
1818 0
1820 0
1902 0
1934 0
1966 0
1981 0
2055 0
2069 0
2079 0
2141 0
2167 0
2248 0
2348 0
2381 0
2410 0
2455 0
2515 0
2519 0
2577 0
2636 0
2696 0
2712 0
2760 0
2816 0
2824 0
2861 0
2963 0
3045 0
3091 0
3144 0
3149 0
3172 0
3234 0
3249 0
3287 0
3327 0
3384 0
3415 0
3512 0
3568 0
3574 0
3606 0
3630 0
3654 0
3701 0
3726 0
3746 0
3849 0
3872 0
3924 0
3970 0
4001 0
4034 0
4067 0
4085 0
4113 0
4244 0
4276 0
4309 0
4387 0
4541 0
4566 0
4618 0
4701 0
4749 0
4807 0
4821 0
4852 0
4874 0
