326 0
384 0
508 0
515 0
572 0
633 0
666 0
719 0
740 0
750 0
807 0
906 0
994 0
1012 0
1026 0
1040 0
1082 0
1121 0
1124 0
1146 0
1175 0
1205 0
1232 0
1322 0
1365 0
1383 0
1406 0
1523 0
1577 0
1697 0
1723 0
1769 0
1835 0
1897 0
1919 0
1934 0
1945 0
1964 0
2001 0
2068 0
2086 0
2110 0
2133 0
2160 0
2190 0
2226 0
2230 0
2248 0
2271 0
2293 0
2417 0
2508 0
2524 0
2534 0
2674 0
2697 0
2704 0
2800 0
2932 0
2944 0
2959 0
2990 0
2997 0
3040 0
3047 0
3088 0
3100 0
3130 0
3152 0
3227 0
3259 0
3272 0
3291 0
3305 0
3318 0
3385 0
3445 0
3496 0
3521 0
3648 0
3705 0
3817 0
3836 0
3854 0
3903 0
3985 0
4013 0
4034 0
4066 0
4092 0
4110 0
4136 0
4166 0
4188 0
4210 0
4223 0
4317 0
4407 0
4469 0
4478 0
4496 0
4548 0
4579 0
4648 0
4698 0
4722 0
4829 0
4883 0
