389 0
411 0
454 0
501 0
523 0
534 0
609 0
613 0
676 0
689 0
751 0
770 0
788 0
820 0
910 0
922 0
938 0
964 0
1027 0
1086 0
1106 0
1147 0
1180 0
1252 0
1285 0
1310 0
1342 0
1373 0
1382 0
1494 0
1508 0
1578 0
1600 0
1638 0
1677 0
1721 0
1858 0
1903 0
1997 0
2102 0
2157 0
2263 0
2305 0
2353 0
2365 0
2426 0
2447 0
2454 0
2492 0
2536 0
2673 0
2722 0
2769 0
2776 0
2799 0
2852 0
2872 0
2923 0
2944 0
3069 0
3119 0
3226 0
3327 0
3350 0
3486 0
3551 0
3577 0
3612 0
3651 0
3709 0
3732 0
3837 0
3851 0
3887 0
3896 0
3935 0
3963 0
4043 0
4065 0
4098 0
4137 0
4196 0
4255 0
4279 0
4295 0
4308 0
4402 0
4430 0
4439 0
4455 0
4529 0
4551 0
4593 0
4622 0
4681 0
4705 0
4716 0
4775 0
4808 0
4844 0
