344 0
360 0
385 0
465 0
539 0
609 0
613 0
692 0
712 0
724 0
734 0
757 0
806 0
820 0
893 0
930 0
975 0
990 0
1052 0
1056 0
1115 0
1142 0
1230 0
1257 0
1333 0
1392 0
1473 0
1483 0
1520 0
1550 0
1647 0
1691 0
1733 0
1778 0
1820 0
1903 0
2003 0
2072 0
2077 0
2107 0
2133 0
2170 0
2215 0
2229 0
2274 0
2352 0
2368 0
2411 0
2429 0
2441 0
2464 0
2473 0
2495 0
2591 0
2634 0
2725 0
2738 0
2756 0
2774 0
2799 0
2811 0
2846 0
2860 0
2948 0
2990 0
2994 0
3052 0
3090 0
3114 0
3129 0
3153 0
3226 0
3327 0
3397 0
3449 0
3491 0
3527 0
3583 0
3656 0
3691 0
3739 0
3754 0
3838 0
3892 0
3976 0
3990 0
4068 0
4113 0
4155 0
4166 0
4220 0
4239 0
4286 0
4327 0
4396 0
4412 0
4460 0
4473 0
4493 0
4521 0
4536 0
4593 0
4620 0
4681 0
4757 0
4831 0
4846 0
4878 0
