320 0
344 0
369 0
382 0
430 0
489 0
530 0
545 0
602 0
647 0
667 0
727 0
757 0
815 0
848 0
895 0
921 0
970 0
988 0
1034 0
1114 0
1282 0
1310 0
1358 0
1475 0
1480 0
1512 0
1539 0
1584 0
1610 0
1639 0
1659 0
1698 0
1704 0
1760 0
1775 0
1795 0
1874 0
1951 0
2014 0
2127 0
2148 0
2228 0
2287 0
2358 0
2382 0
2412 0
2444 0
2473 0
2513 0
2536 0
2591 0
2626 0
2675 0
2708 0
2744 0
2772 0
2809 0
2831 0
2872 0
2933 0
2978 0
3070 0
3089 0
3199 0
3266 0
3341 0
3427 0
3442 0
3466 0
3507 0
3532 0
3554 0
3574 0
3610 0
3637 0
3687 0
3720 0
3730 0
3743 0
3865 0
3907 0
3943 0
4111 0
4191 0
4219 0
4239 0
4297 0
4334 0
4385 0
4413 0
4466 0
4492 0
4547 0
4561 0
4621 0
4662 0
4690 0
4742 0
4787 0
4835 0
4846 0
4868 0
4907 0
