358 0
388 0
419 0
472 0
485 0
499 0
552 0
634 0
678 0
715 0
760 0
772 0
825 0
893 0
911 0
926 0
1059 0
1099 0
1119 0
1231 0
1261 0
1324 0
1370 0
1390 0
1395 0
1469 0
1497 0
1536 0
1635 0
1662 0
1668 0
1732 0
1755 0
1801 0
1804 0
1829 0
1847 0
1873 0
1977 0
2001 0
2068 0
2080 0
2239 0
2282 0
2423 0
2446 0
2470 0
2543 0
2587 0
2629 0
2675 0
2746 0
2776 0
2800 0
2929 0
2977 0
3136 0
3158 0
3226 0
3239 0
3343 0
3376 0
3398 0
3414 0
3421 0
3457 0
3487 0
3548 0
3566 0
3574 0
3688 0
3716 0
3745 0
3819 0
3834 0
3843 0
3909 0
3952 0
3990 0
4112 0
4124 0
4161 0
4291 0
4306 0
4326 0
4400 0
4439 0
4461 0
4494 0
4544 0
4589 0
4660 0
4720 0
4731 0
4755 0
4804 0
4842 0
4846 0
