349 0
373 0
387 0
419 0
427 0
471 0
616 0
643 0
687 0
709 0
753 0
815 0
827 0
865 0
886 0
956 0
1048 0
1118 0
1134 0
1153 0
1212 0
1231 0
1242 0
1291 0
1302 0
1323 0
1495 0
1527 0
1594 0
1630 0
1706 0
1721 0
1791 0
1926 0
1962 0
2117 0
2157 0
2189 0
2201 0
2264 0
2289 0
2311 0
2334 0
2355 0
2366 0
2395 0
2404 0
2471 0
2486 0
2511 0
2585 0
2632 0
2712 0
2721 0
2752 0
2816 0
2835 0
2841 0
2860 0
2881 0
2913 0
2934 0
2953 0
3022 0
3030 0
3063 0
3103 0
3248 0
3293 0
3426 0
3501 0
3510 0
3594 0
3626 0
3700 0
3737 0
3901 0
3913 0
3933 0
3973 0
3992 0
3996 0
4075 0
4086 0
4107 0
4174 0
4252 0
4323 0
4359 0
4399 0
4405 0
4464 0
4519 0
4538 0
4579 0
4599 0
4746 0
4787 0
4801 0
4833 0
4853 0
4874 0
