321 0
342 0
362 0
421 0
460 0
501 0
514 0
604 0
657 0
677 0
717 0
743 0
763 0
826 0
934 0
954 0
1001 0
1046 0
1075 0
1093 0
1150 0
1191 0
1265 0
1325 0
1353 0
1371 0
1409 0
1431 0
1520 0
1556 0
1578 0
1637 0
1668 0
1784 0
1831 0
1838 0
1881 0
1900 0
1995 0
2054 0
2068 0
2093 0
2124 0
2130 0
2254 0
2274 0
2410 0
2438 0
2463 0
2545 0
2559 0
2653 0
2681 0
2759 0
2778 0
2814 0
2944 0
2974 0
3089 0
3104 0
3118 0
3160 0
3168 0
3222 0
3325 0
3338 0
3381 0
3397 0
3435 0
3551 0
3573 0
3654 0
3656 0
3702 0
3786 0
3818 0
3849 0
3860 0
3898 0
3960 0
4020 0
4074 0
4123 0
4135 0
4167 0
4224 0
4265 0
4290 0
4390 0
4464 0
4485 0
4490 0
4551 0
4572 0
4614 0
4705 0
4724 0
4749 0
4799 0
4854 0
4873 0
4898 0
