320 0
332 0
396 0
433 0
449 0
486 0
542 0
562 0
608 0
645 0
652 0
670 0
801 0
836 0
930 0
940 0
980 0
1119 0
1138 0
1147 0
1174 0
1235 0
1291 0
1306 0
1334 0
1349 0
1468 0
1480 0
1507 0
1538 0
1588 0
1603 0
1627 0
1651 0
1732 0
1782 0
1866 0
1924 0
2069 0
2152 0
2170 0
2192 0
2219 0
2228 0
2263 0
2411 0
2423 0
2450 0
2473 0
2531 0
2579 0
2587 0
2634 0
2646 0
2699 0
2747 0
2758 0
2793 0
2812 0
2948 0
2976 0
3000 0
3032 0
3057 0
3069 0
3149 0
3293 0
3352 0
3448 0
3493 0
3558 0
3601 0
3613 0
3633 0
3688 0
3717 0
3730 0
3750 0
3861 0
3879 0
3921 0
3942 0
3992 0
4042 0
4072 0
4084 0
4098 0
4241 0
4273 0
4287 0
4371 0
4416 0
4545 0
4563 0
4582 0
4611 0
4646 0
4685 0
4727 0
4773 0
4786 0
4813 0
4894 0
4908 0
