348 0
390 0
438 0
471 0
515 0
537 0
567 0
651 0
686 0
776 0
785 0
841 0
857 0
933 0
936 0
977 0
995 0
1010 0
1036 0
1107 0
1135 0
1197 0
1253 0
1290 0
1395 0
1506 0
1517 0
1538 0
1570 0
1609 0
1651 0
1701 0
1720 0
1779 0
1794 0
1858 0
1888 0
1948 0
2003 0
2117 0
2190 0
2197 0
2233 0
2283 0
2303 0
2347 0
2408 0
2480 0
2490 0
2512 0
2539 0
2559 0
2658 0
2676 0
2718 0
2731 0
2749 0
2818 0
2866 0
2908 0
2927 0
2989 0
3025 0
3032 0
3103 0
3227 0
3267 0
3323 0
3356 0
3430 0
3450 0
3495 0
3517 0
3560 0
3609 0
3639 0
3683 0
3691 0
3714 0
3819 0
3929 0
3968 0
4027 0
4090 0
4110 0
4191 0
4205 0
4221 0
4236 0
4283 0
4288 0
4358 0
4371 0
4425 0
4453 0
4531 0
4563 0
4648 0
4691 0
4695 0
4751 0
4787 0
4829 0
4867 0
