312 0
369 0
417 0
427 0
514 0
571 0
645 0
676 0
684 0
709 0
728 0
741 0
818 0
840 0
902 0
943 0
968 0
984 0
991 0
1152 0
1197 0
1209 0
1242 0
1433 0
1537 0
1679 0
1699 0
1771 0
1791 0
1821 0
1847 0
1857 0
2072 0
2098 0
2139 0
2150 0
2160 0
2219 0
2272 0
2340 0
2360 0
2381 0
2426 0
2458 0
2470 0
2486 0
2506 0
2548 0
2553 0
2655 0
2674 0
2704 0
2736 0
2749 0
2767 0
2790 0
2833 0
2860 0
2880 0
2948 0
3002 0
3057 0
3065 0
3083 0
3114 0
3161 0
3364 0
3370 0
3391 0
3431 0
3446 0
3528 0
3552 0
3673 0
3782 0
3974 0
4010 0
4018 0
4070 0
4222 0
4241 0
4255 0
4281 0
4312 0
4382 0
4391 0
4478 0
4497 0
4521 0
4536 0
4551 0
4574 0
4653 0
4706 0
4781 0
4795 0
4853 0
4912 0
