317 0
361 0
415 0
434 0
454 0
467 0
571 0
596 0
666 0
690 0
753 0
786 0
805 0
840 0
900 0
963 0
1009 0
1030 0
1068 0
1091 0
1117 0
1234 0
1246 0
1324 0
1339 0
1350 0
1403 0
1472 0
1485 0
1558 0
1657 0
1703 0
1792 0
1816 0
1873 0
1937 0
1944 0
1959 0
2019 0
2173 0
2253 0
2263 0
2283 0
2332 0
2347 0
2393 0
2399 0
2418 0
2543 0
2561 0
2592 0
2625 0
2662 0
2672 0
2803 0
2814 0
2827 0
2862 0
2887 0
2936 0
2955 0
2966 0
3047 0
3201 0
3262 0
3273 0
3287 0
3335 0
3402 0
3425 0
3513 0
3560 0
3665 0
3735 0
3743 0
3813 0
3862 0
3885 0
3909 0
3971 0
3993 0
4109 0
4115 0
4161 0
4197 0
4206 0
4266 0
4323 0
4372 0
4410 0
4430 0
4466 0
4524 0
4554 0
4623 0
4647 0
4754 0
4765 0
4786 0
4806 0
4853 0
4898 0
