345 0
388 0
435 0
449 0
463 0
489 0
505 0
529 0
602 0
706 0
785 0
815 0
828 0
854 0
899 0
905 0
929 0
1019 0
1030 0
1076 0
1136 0
1145 0
1191 0
1209 0
1238 0
1270 0
1315 0
1414 0
1435 0
1560 0
1614 0
1625 0
1640 0
1681 0
1800 0
1807 0
1835 0
1888 0
1913 0
1925 0
1995 0
2097 0
2157 0
2221 0
2264 0
2286 0
2377 0
2505 0
2523 0
2542 0
2560 0
2569 0
2646 0
2668 0
2673 0
2689 0
2717 0
2847 0
2939 0
2947 0
2994 0
3074 0
3116 0
3218 0
3297 0
3311 0
3326 0
3384 0
3402 0
3432 0
3538 0
3575 0
3594 0
3608 0
3670 0
3779 0
3793 0
3907 0
3954 0
3984 0
3999 0
4019 0
4069 0
4087 0
4135 0
4187 0
4213 0
4300 0
4310 0
4329 0
4361 0
4390 0
4406 0
4433 0
4516 0
4622 0
4688 0
4715 0
4741 0
4753 0
4772 0
4786 0
4832 0
4863 0
