440 0
450 0
462 0
514 0
538 0
566 0
627 0
677 0
721 0
822 0
843 0
852 0
893 0
904 0
926 0
1008 0
1026 0
1058 0
1119 0
1183 0
1221 0
1235 0
1262 0
1277 0
1348 0
1376 0
1402 0
1467 0
1579 0
1583 0
1612 0
1660 0
1686 0
1716 0
1723 0
1784 0
1789 0
1804 0
1939 0
1982 0
2051 0
2135 0
2172 0
2208 0
2498 0
2501 0
2528 0
2547 0
2582 0
2647 0
2673 0
2697 0
2706 0
2730 0
3018 0
3047 0
3090 0
3170 0
3231 0
3272 0
3402 0
3424 0
3448 0
3493 0
3515 0
3522 0
3555 0
3618 0
3637 0
3643 0
3741 0
3813 0
3846 0
3874 0
3933 0
3947 0
3991 0
4004 0
4045 0
4108 0
4164 0
4183 0
4208 0
4289 0
4307 0
4321 0
4355 0
4373 0
4399 0
4490 0
4553 0
4591 0
4657 0
4685 0
4698 0
4755 0
4763 0
4788 0
