450 0
471 0
547 0
570 0
605 0
623 0
660 0
713 0
734 0
755 0
767 0
845 0
856 0
904 0
957 0
971 0
1031 0
1240 0
1248 0
1306 0
1310 0
1335 0
1349 0
1379 0
1441 0
1476 0
1517 0
1573 0
1617 0
1644 0
1677 0
1720 0
1753 0
1769 0
1794 0
1812 0
1832 0
1918 0
1962 0
1978 0
2097 0
2169 0
2359 0
2388 0
2400 0
2450 0
2475 0
2488 0
2525 0
2545 0
2582 0
2647 0
2670 0
2695 0
2722 0
2744 0
2769 0
2809 0
2835 0
2867 0
3056 0
3126 0
3238 0
3262 0
3308 0
3395 0
3404 0
3424 0
3443 0
3453 0
3491 0
3538 0
3583 0
3602 0
3646 0
3694 0
3756 0
3781 0
3836 0
3864 0
3877 0
3909 0
3922 0
3969 0
3987 0
4185 0
4238 0
4261 0
4302 0
4353 0
4375 0
4449 0
4465 0
4480 0
4508 0
4572 0
4594 0
4621 0
4657 0
4668 0
4757 0
4773 0
