351 0
362 0
414 0
450 0
517 0
528 0
560 0
576 0
650 0
700 0
721 0
770 0
788 0
863 0
947 0
987 0
1017 0
1056 0
1092 0
1270 0
1296 0
1333 0
1346 0
1404 0
1422 0
1442 0
1523 0
1580 0
1645 0
1689 0
1708 0
1793 0
1809 0
1847 0
1866 0
1940 0
1965 0
2022 0
2049 0
2187 0
2216 0
2243 0
2273 0
2283 0
2357 0
2379 0
2487 0
2546 0
2553 0
2591 0
2623 0
2655 0
2680 0
2732 0
2855 0
2863 0
2939 0
2951 0
2991 0
2993 0
3037 0
3170 0
3212 0
3253 0
3268 0
3363 0
3381 0
3405 0
3419 0
3504 0
3533 0
3585 0
3646 0
3695 0
3776 0
3792 0
3823 0
3866 0
3887 0
3914 0
3956 0
4122 0
4150 0
4204 0
4219 0
4281 0
4363 0
4432 0
4440 0
4502 0
4507 0
4557 0
4645 0
4672 0
4687 0
4708 0
4766 0
4805 0
4848 0
4869 0
