382 0
406 0
436 0
507 0
522 0
574 0
611 0
639 0
682 0
702 0
723 0
737 0
827 0
865 0
909 0
933 0
965 0
1007 0
1022 0
1070 0
1132 0
1291 0
1295 0
1327 0
1391 0
1434 0
1474 0
1492 0
1544 0
1599 0
1641 0
1708 0
1775 0
1796 0
1912 0
1950 0
1968 0
2131 0
2160 0
2179 0
2209 0
2214 0
2253 0
2444 0
2509 0
2522 0
2549 0
2562 0
2581 0
2637 0
2660 0
2674 0
2702 0
2706 0
2780 0
2968 0
3004 0
3024 0
3040 0
3056 0
3079 0
3260 0
3265 0
3306 0
3431 0
3450 0
3513 0
3575 0
3606 0
3675 0
3727 0
3747 0
3781 0
3836 0
3879 0
3914 0
3929 0
4089 0
4155 0
4188 0
4215 0
4251 0
4299 0
4313 0
4357 0
4388 0
4486 0
4498 0
4511 0
4530 0
4577 0
4608 0
4647 0
4696 0
4720 0
4789 0
4814 0
4835 0
