339 0
361 0
388 0
451 0
488 0
523 0
576 0
604 0
627 0
709 0
749 0
830 0
849 0
854 0
959 0
974 0
1113 0
1123 0
1150 0
1178 0
1221 0
1245 0
1286 0
1307 0
1474 0
1502 0
1522 0
1533 0
1609 0
1645 0
1699 0
1714 0
1718 0
1767 0
1796 0
1817 0
1858 0
1913 0
1935 0
1950 0
1996 0
2062 0
2119 0
2177 0
2196 0
2214 0
2297 0
2359 0
2365 0
2383 0
2406 0
2432 0
2480 0
2560 0
2656 0
2749 0
2787 0
2814 0
2830 0
2840 0
2862 0
2920 0
3007 0
3012 0
3032 0
3105 0
3147 0
3219 0
3280 0
3292 0
3306 0
3363 0
3405 0
3420 0
3461 0
3493 0
3512 0
3520 0
3579 0
3611 0
3685 0
3705 0
3721 0
3754 0
3914 0
3942 0
3962 0
4008 0
4036 0
4070 0
4082 0
4109 0
4238 0
4260 0
4356 0
4372 0
4399 0
4461 0
4516 0
4598 0
4623 0
4642 0
4708 0
4729 0
4771 0
4836 0
4855 0
4883 0
