336 0
406 0
412 0
443 0
467 0
485 0
498 0
609 0
622 0
686 0
738 0
764 0
778 0
810 0
865 0
916 0
940 0
998 0
1125 0
1149 0
1216 0
1231 0
1260 0
1286 0
1321 0
1400 0
1444 0
1480 0
1537 0
1561 0
1589 0
1618 0
1665 0
1672 0
1761 0
1902 0
1945 0
1956 0
1998 0
2017 0
2094 0
2135 0
2207 0
2211 0
2235 0
2342 0
2348 0
2386 0
2447 0
2511 0
2712 0
2777 0
2834 0
2866 0
2874 0
2987 0
3003 0
3016 0
3093 0
3124 0
3212 0
3222 0
3251 0
3274 0
3330 0
3458 0
3537 0
3569 0
3601 0
3631 0
3658 0
3674 0
3729 0
3778 0
3821 0
3899 0
3932 0
3952 0
3987 0
4007 0
4065 0
4085 0
4231 0
4277 0
4315 0
4360 0
4413 0
4440 0
4469 0
4485 0
4533 0
4594 0
4620 0
4713 0
4731 0
4744 0
4772 0
4803 0
4817 0
4890 0
