363 0
375 0
430 0
472 0
534 0
559 0
563 0
666 0
738 0
826 0
862 0
896 0
923 0
936 0
976 0
1111 0
1222 0
1247 0
1266 0
1286 0
1328 0
1348 0
1361 0
1393 0
1475 0
1508 0
1534 0
1614 0
1671 0
1726 0
1793 0
1855 0
1933 0
2021 0
2043 0
2140 0
2150 0
2175 0
2194 0
2221 0
2291 0
2343 0
2350 0
2379 0
2415 0
2497 0
2552 0
2573 0
2591 0
2623 0
2646 0
2659 0
2732 0
2801 0
2855 0
2858 0
2877 0
2940 0
2996 0
3015 0
3053 0
3071 0
3078 0
3165 0
3205 0
3284 0
3356 0
3431 0
3493 0
3540 0
3606 0
3684 0
3711 0
3751 0
3834 0
3857 0
3870 0
3881 0
3935 0
3954 0
3967 0
4007 0
4099 0
4240 0
4281 0
4297 0
4319 0
4368 0
4399 0
4483 0
4550 0
4651 0
4665 0
4681 0
4744 0
4790 0
4837 0
4848 0
