312 0
337 0
355 0
412 0
563 0
605 0
694 0
734 0
780 0
822 0
900 0
960 0
974 0
998 0
1024 0
1055 0
1073 0
1098 0
1136 0
1202 0
1254 0
1298 0
1336 0
1381 0
1419 0
1565 0
1643 0
1705 0
1766 0
1818 0
1830 0
1880 0
1893 0
1952 0
1975 0
2060 0
2117 0
2223 0
2239 0
2252 0
2293 0
2305 0
2340 0
2348 0
2371 0
2385 0
2455 0
2474 0
2546 0
2573 0
2651 0
2683 0
2748 0
2767 0
2831 0
2841 0
2868 0
2877 0
2909 0
2928 0
2973 0
2989 0
3004 0
3097 0
3158 0
3241 0
3265 0
3317 0
3344 0
3389 0
3403 0
3459 0
3509 0
3586 0
3643 0
3806 0
3837 0
3887 0
3912 0
3966 0
4015 0
4093 0
4123 0
4134 0
4163 0
4190 0
4217 0
4247 0
4254 0
4323 0
4402 0
4444 0
4475 0
4534 0
4618 0
4644 0
4801 0
4876 0
4883 0
4909 0
