313 0
327 0
352 0
401 0
470 0
490 0
518 0
536 0
640 0
717 0
777 0
826 0
857 0
904 0
1025 0
1069 0
1072 0
1104 0
1119 0
1198 0
1269 0
1293 0
1319 0
1342 0
1366 0
1424 0
1471 0
1521 0
1541 0
1562 0
1597 0
1656 0
1703 0
1727 0
1755 0
1828 0
1858 0
1884 0
1903 0
1987 0
2069 0
2093 0
2249 0
2285 0
2334 0
2373 0
2422 0
2432 0
2460 0
2467 0
2531 0
2563 0
2656 0
2689 0
2745 0
2765 0
2778 0
2804 0
2851 0
2888 0
2938 0
2961 0
3120 0
3155 0
3237 0
3325 0
3338 0
3353 0
3386 0
3467 0
3491 0
3511 0
3568 0
3629 0
3656 0
3685 0
3691 0
3745 0
3797 0
3852 0
3883 0
3902 0
3922 0
3957 0
4013 0
4098 0
4128 0
4136 0
4160 0
4188 0
4310 0
4354 0
4399 0
4451 0
4489 0
4581 0
4684 0
4697 0
4727 0
4746 0
4817 0
4866 0
4895 0
4910 0
