329 0
349 0
388 0
394 0
475 0
600 0
623 0
636 0
660 0
676 0
733 0
832 0
843 0
909 0
962 0
1026 0
1072 0
1146 0
1237 0
1260 0
1283 0
1308 0
1323 0
1348 0
1370 0
1398 0
1475 0
1520 0
1548 0
1601 0
1660 0
1675 0
1698 0
1714 0
1778 0
1834 0
1906 0
1927 0
1943 0
2055 0
2071 0
2078 0
2096 0
2132 0
2170 0
2219 0
2305 0
2386 0
2496 0
2544 0
2569 0
2640 0
2677 0
2736 0
2826 0
2914 0
3006 0
3051 0
3088 0
3121 0
3140 0
3150 0
3163 0
3276 0
3291 0
3309 0
3390 0
3447 0
3517 0
3533 0
3548 0
3557 0
3605 0
3665 0
3696 0
3756 0
3816 0
3851 0
3875 0
3896 0
3917 0
3928 0
3959 0
3991 0
4066 0
4137 0
4196 0
4262 0
4305 0
4370 0
4398 0
4484 0
4555 0
4571 0
4581 0
4597 0
4613 0
4745 0
4824 0
4836 0
4876 0
4888 0
