326 0
367 0
399 0
460 0
553 0
604 0
630 0
668 0
695 0
737 0
759 0
786 0
832 0
857 0
937 0
956 0
1000 0
1067 0
1115 0
1144 0
1177 0
1204 0
1229 0
1298 0
1329 0
1376 0
1385 0
1441 0
1506 0
1527 0
1536 0
1559 0
1579 0
1584 0
1633 0
1716 0
1932 0
1973 0
2053 0
2092 0
2117 0
2144 0
2163 0
2239 0
2292 0
2305 0
2361 0
2374 0
2515 0
2537 0
2572 0
2593 0
2623 0
2645 0
2677 0
2709 0
2848 0
2869 0
2918 0
2931 0
2977 0
3056 0
3065 0
3097 0
3121 0
3166 0
3239 0
3285 0
3514 0
3571 0
3629 0
3654 0
3664 0
3682 0
3691 0
3711 0
3781 0
3838 0
3852 0
3887 0
3926 0
3987 0
4018 0
4032 0
4075 0
4101 0
4161 0
4218 0
4265 0
4274 0
4367 0
4388 0
4432 0
4470 0
4480 0
4529 0
4550 0
4586 0
4608 0
4667 0
4747 0
4814 0
4861 0
4890 0
