353 0
361 0
379 0
393 0
526 0
536 0
552 0
637 0
648 0
670 0
695 0
777 0
827 0
856 0
917 0
924 0
970 0
994 0
1015 0
1046 0
1118 0
1202 0
1212 0
1269 0
1291 0
1340 0
1435 0
1493 0
1507 0
1540 0
1630 0
1640 0
1661 0
1703 0
1718 0
1818 0
1833 0
1842 0
1877 0
1915 0
1977 0
2001 0
2047 0
2116 0
2198 0
2216 0
2305 0
2352 0
2417 0
2464 0
2541 0
2684 0
2759 0
2804 0
2865 0
2919 0
3008 0
3014 0
3109 0
3164 0
3216 0
3246 0
3309 0
3346 0
3373 0
3387 0
3413 0
3486 0
3511 0
3559 0
3582 0
3590 0
3674 0
3710 0
3728 0
3778 0
3882 0
3928 0
3954 0
4007 0
4028 0
4100 0
4178 0
4205 0
4220 0
4238 0
4292 0
4308 0
4358 0
4387 0
4447 0
4531 0
4542 0
4561 0
4587 0
4666 0
4689 0
4699 0
4824 0
4844 0
4855 0
4868 0
