310 0
331 0
347 0
396 0
452 0
533 0
546 0
658 0
669 0
693 0
712 0
751 0
779 0
980 0
993 0
1013 0
1043 0
1076 0
1142 0
1195 0
1300 0
1389 0
1409 0
1420 0
1467 0
1504 0
1544 0
1631 0
1655 0
1668 0
1730 0
1851 0
1923 0
2010 0
2042 0
2072 0
2090 0
2129 0
2154 0
2187 0
2223 0
2237 0
2249 0
2369 0
2387 0
2415 0
2436 0
2477 0
2496 0
2570 0
2594 0
2621 0
2644 0
2724 0
2742 0
2784 0
2789 0
2830 0
2853 0
2962 0
2976 0
3004 0
3040 0
3071 0
3080 0
3130 0
3158 0
3177 0
3209 0
3288 0
3374 0
3497 0
3552 0
3561 0
3598 0
3674 0
3707 0
3749 0
3803 0
3822 0
3827 0
3913 0
4018 0
4078 0
4147 0
4166 0
4205 0
4218 0
4243 0
4451 0
4456 0
4514 0
4527 0
4546 0
4571 0
4674 0
4678 0
4764 0
4823 0
4867 0
4893 0
4898 0
