317 0
332 0
397 0
475 0
540 0
575 0
645 0
650 0
699 0
726 0
758 0
796 0
804 0
861 0
931 0
937 0
996 0
1089 0
1143 0
1181 0
1221 0
1279 0
1356 0
1363 0
1400 0
1427 0
1503 0
1538 0
1590 0
1719 0
1794 0
1824 0
1843 0
1866 0
1890 0
1918 0
1971 0
2110 0
2140 0
2156 0
2162 0
2183 0
2206 0
2236 0
2271 0
2333 0
2360 0
2393 0
2415 0
2454 0
2470 0
2553 0
2662 0
2752 0
2768 0
2792 0
2833 0
2868 0
2879 0
2947 0
2979 0
3010 0
3042 0
3058 0
3065 0
3086 0
3105 0
3261 0
3307 0
3322 0
3351 0
3374 0
3399 0
3422 0
3494 0
3627 0
3685 0
3722 0
3801 0
3810 0
3858 0
3862 0
3935 0
4002 0
4030 0
4075 0
4120 0
4220 0
4276 0
4298 0
4365 0
4406 0
4429 0
4465 0
4500 0
4506 0
4571 0
4577 0
4657 0
4679 0
4750 0
4825 0
4889 0
4901 0
