352 0
400 0
449 0
507 0
528 0
563 0
597 0
626 0
687 0
715 0
742 0
770 0
791 0
812 0
828 0
836 0
944 0
1022 0
1041 0
1094 0
1121 0
1129 0
1180 0
1227 0
1264 0
1319 0
1339 0
1355 0
1425 0
1437 0
1484 0
1561 0
1587 0
1634 0
1657 0
1776 0
1803 0
1831 0
1846 0
1915 0
1936 0
1986 0
1993 0
2019 0
2044 0
2117 0
2133 0
2147 0
2162 0
2203 0
2239 0
2276 0
2280 0
2359 0
2382 0
2401 0
2438 0
2491 0
2513 0
2519 0
2556 0
2575 0
2596 0
2627 0
2637 0
2657 0
2692 0
2719 0
2732 0
2772 0
2816 0
2832 0
2869 0
2928 0
2942 0
2980 0
3020 0
3046 0
3072 0
3093 0
3107 0
3176 0
3207 0
3216 0
3237 0
3282 0
3307 0
3376 0
3398 0
3416 0
3446 0
3563 0
3572 0
3626 0
3664 0
3738 0
3788 0
3801 0
3863 0
3884 0
3902 0
3945 0
3990 0
4035 0
4087 0
4099 0
4119 0
4166 0
4192 0
4282 0
4378 0
4390 0
4416 0
4427 0
4440 0
4476 0
4500 0
4533 0
4591 0
4615 0
4642 0
4690 0
4720 0
4776 0
4815 0
4869 0
