317 0
344 0
364 0
413 0
445 0
471 0
478 0
537 0
574 0
627 0
634 0
701 0
913 0
967 0
970 0
1027 0
1148 0
1175 0
1233 0
1261 0
1384 0
1433 0
1529 0
1562 0
1643 0
1672 0
1714 0
1756 0
1833 0
1876 0
1905 0
1928 0
1985 0
1991 0
2054 0
2118 0
2150 0
2192 0
2196 0
2233 0
2293 0
2306 0
2336 0
2355 0
2378 0
2386 0
2418 0
2461 0
2496 0
2558 0
2570 0
2646 0
2668 0
2729 0
2762 0
2803 0
2823 0
2853 0
2869 0
2885 0
2911 0
2927 0
2988 0
3010 0
3041 0
3065 0
3108 0
3170 0
3218 0
3239 0
3297 0
3308 0
3343 0
3390 0
3457 0
3512 0
3544 0
3584 0
3671 0
3700 0
3783 0
3830 0
3956 0
3980 0
4044 0
4073 0
4196 0
4238 0
4251 0
4312 0
4507 0
4580 0
4599 0
4644 0
4677 0
4735 0
4756 0
4764 0
4809 0
4857 0
4863 0
4906 0
