362 0
405 0
423 0
434 0
483 0
533 0
596 0
624 0
642 0
702 0
808 0
866 0
899 0
964 0
982 0
1013 0
1022 0
1053 0
1063 0
1179 0
1197 0
1240 0
1303 0
1370 0
1424 0
1480 0
1499 0
1566 0
1594 0
1609 0
1674 0
1690 0
1761 0
1875 0
1906 0
1922 0
1951 0
1987 0
2051 0
2086 0
2123 0
2132 0
2207 0
2280 0
2308 0
2361 0
2377 0
2472 0
2522 0
2537 0
2577 0
2651 0
2670 0
2691 0
2744 0
2842 0
2865 0
2911 0
2937 0
3025 0
3079 0
3099 0
3138 0
3169 0
3241 0
3277 0
3284 0
3302 0
3338 0
3456 0
3529 0
3543 0
3616 0
3624 0
3653 0
3722 0
3737 0
3805 0
3852 0
3922 0
3994 0
4020 0
4035 0
4164 0
4172 0
4185 0
4207 0
4238 0
4252 0
4332 0
4359 0
4407 0
4516 0
4575 0
4605 0
4619 0
4691 0
4737 0
4787 0
4798 0
4817 0
4852 0
