316 0
402 0
428 0
501 0
560 0
562 0
660 0
672 0
718 0
767 0
822 0
843 0
925 0
1009 0
1048 0
1092 0
1117 0
1274 0
1290 0
1304 0
1353 0
1379 0
1463 0
1489 0
1512 0
1635 0
1664 0
1673 0
1702 0
1725 0
1753 0
1811 0
1860 0
1961 0
1994 0
2062 0
2094 0
2153 0
2186 0
2211 0
2274 0
2310 0
2357 0
2375 0
2402 0
2428 0
2515 0
2554 0
2568 0
2651 0
2662 0
2718 0
2795 0
2809 0
2841 0
2867 0
2914 0
2950 0
3000 0
3036 0
3063 0
3125 0
3157 0
3216 0
3260 0
3358 0
3416 0
3455 0
3490 0
3517 0
3547 0
3565 0
3579 0
3707 0
3726 0
3750 0
3830 0
3866 0
3923 0
3942 0
3956 0
4100 0
4116 0
4173 0
4215 0
4294 0
4383 0
4392 0
4442 0
4490 0
4550 0
4564 0
4645 0
4659 0
4722 0
4785 0
4825 0
4901 0
