337 0
342 0
358 0
384 0
432 0
467 0
485 0
549 0
567 0
611 0
622 0
689 0
712 0
715 0
807 0
857 0
908 0
997 0
1006 0
1030 0
1043 0
1101 0
1186 0
1195 0
1266 0
1361 0
1426 0
1438 0
1473 0
1510 0
1616 0
1648 0
1704 0
1818 0
1828 0
1839 0
1883 0
1909 0
2000 0
2007 0
2052 0
2104 0
2139 0
2149 0
2294 0
2336 0
2361 0
2388 0
2408 0
2430 0
2478 0
2518 0
2545 0
2587 0
2633 0
2679 0
2692 0
2745 0
2800 0
2821 0
2826 0
2857 0
2875 0
2925 0
3064 0
3079 0
3117 0
3177 0
3202 0
3229 0
3302 0
3333 0
3381 0
3388 0
3411 0
3515 0
3585 0
3592 0
3715 0
3752 0
3788 0
3799 0
3847 0
3954 0
4018 0
4045 0
4121 0
4181 0
4197 0
4213 0
4225 0
4314 0
4353 0
4409 0
4500 0
4520 0
4527 0
4600 0
4611 0
4646 0
4667 0
4736 0
4749 0
4779 0
4836 0
4852 0
4877 0
4891 0
