342 0
370 0
375 0
394 0
453 0
468 0
596 0
640 0
695 0
706 0
767 0
819 0
841 0
857 0
900 0
958 0
973 0
991 0
1005 0
1034 0
1066 0
1132 0
1150 0
1211 0
1283 0
1305 0
1365 0
1481 0
1597 0
1643 0
1663 0
1756 0
1803 0
1828 0
1855 0
1885 0
1927 0
2000 0
2043 0
2107 0
2132 0
2143 0
2180 0
2205 0
2250 0
2333 0
2375 0
2405 0
2428 0
2495 0
2534 0
2582 0
2651 0
2672 0
2733 0
2802 0
2820 0
2845 0
2874 0
2963 0
3019 0
3027 0
3076 0
3090 0
3123 0
3165 0
3214 0
3286 0
3341 0
3352 0
3394 0
3408 0
3465 0
3567 0
3578 0
3626 0
3730 0
3847 0
3923 0
3933 0
4004 0
4078 0
4093 0
4157 0
4190 0
4202 0
4221 0
4234 0
4266 0
4324 0
4361 0
4373 0
4387 0
4439 0
4516 0
4530 0
4587 0
4620 0
4747 0
4766 0
4820 0
4840 0
4847 0
4877 0
