379 0
398 0
416 0
559 0
633 0
657 0
694 0
715 0
767 0
787 0
808 0
822 0
858 0
931 0
949 0
963 0
1001 0
1087 0
1100 0
1126 0
1217 0
1226 0
1329 0
1407 0
1416 0
1435 0
1489 0
1502 0
1559 0
1566 0
1603 0
1645 0
1663 0
1699 0
1732 0
1805 0
1827 0
1840 0
1950 0
1981 0
2104 0
2111 0
2164 0
2214 0
2254 0
2263 0
2285 0
2307 0
2353 0
2406 0
2425 0
2458 0
2598 0
2632 0
2758 0
2796 0
2814 0
2866 0
2913 0
2928 0
2942 0
2968 0
3008 0
3056 0
3096 0
3118 0
3235 0
3277 0
3381 0
3390 0
3416 0
3498 0
3534 0
3560 0
3572 0
3613 0
3648 0
3667 0
3711 0
3734 0
3779 0
3802 0
3822 0
3885 0
3982 0
4005 0
4093 0
4129 0
4133 0
4220 0
4261 0
4270 0
4285 0
4354 0
4393 0
4407 0
4434 0
4450 0
4504 0
4531 0
4561 0
4588 0
4674 0
4809 0
4812 0
4834 0
