308 0
327 0
352 0
377 0
422 0
485 0
621 0
640 0
664 0
761 0
767 0
811 0
847 0
890 0
906 0
954 0
984 0
1011 0
1049 0
1068 0
1074 0
1121 0
1227 0
1262 0
1284 0
1368 0
1392 0
1413 0
1465 0
1512 0
1729 0
1758 0
1804 0
1885 0
1907 0
1966 0
2014 0
2069 0
2089 0
2096 0
2122 0
2216 0
2231 0
2270 0
2279 0
2308 0
2408 0
2436 0
2457 0
2479 0
2506 0
2715 0
2738 0
2757 0
2775 0
2820 0
2911 0
2925 0
2948 0
2985 0
2995 0
3103 0
3124 0
3140 0
3161 0
3212 0
3262 0
3309 0
3344 0
3408 0
3458 0
3494 0
3710 0
3742 0
3806 0
3834 0
3858 0
3937 0
3947 0
3983 0
4107 0
4143 0
4153 0
4166 0
4201 0
4244 0
4263 0
4305 0
4334 0
4371 0
4414 0
4444 0
4469 0
4555 0
4587 0
4599 0
4740 0
4809 0
4833 0
4870 0
4886 0
4897 0
