307 0
384 0
439 0
479 0
542 0
556 0
563 0
604 0
700 0
715 0
742 0
815 0
905 0
923 0
981 0
988 0
1010 0
1125 0
1176 0
1223 0
1226 0
1301 0
1339 0
1351 0
1372 0
1378 0
1492 0
1537 0
1643 0
1680 0
1807 0
1839 0
1859 0
1948 0
1998 0
2051 0
2066 0
2172 0
2191 0
2197 0
2224 0
2251 0
2266 0
2286 0
2307 0
2331 0
2353 0
2395 0
2490 0
2512 0
2532 0
2688 0
2717 0
2727 0
2826 0
2867 0
2874 0
2920 0
2926 0
2949 0
2968 0
2993 0
3013 0
3037 0
3049 0
3150 0
3178 0
3227 0
3267 0
3351 0
3378 0
3408 0
3543 0
3585 0
3676 0
3737 0
3826 0
3850 0
3870 0
3885 0
3915 0
3993 0
3999 0
4035 0
4096 0
4209 0
4217 0
4237 0
4293 0
4303 0
4412 0
4473 0
4504 0
4519 0
4615 0
4656 0
4670 0
4678 0
4732 0
4790 0
4836 0
4910 0
