322 0
351 0
423 0
445 0
477 0
500 0
512 0
540 0
570 0
637 0
710 0
728 0
741 0
764 0
839 0
862 0
970 0
996 0
1067 0
1077 0
1146 0
1185 0
1238 0
1250 0
1365 0
1395 0
1427 0
1508 0
1526 0
1562 0
1590 0
1599 0
1672 0
1731 0
1765 0
1794 0
1843 0
1886 0
1942 0
1965 0
1992 0
2044 0
2111 0
2131 0
2143 0
2411 0
2424 0
2450 0
2474 0
2534 0
2572 0
2643 0
2685 0
2752 0
2760 0
2793 0
2819 0
3069 0
3081 0
3097 0
3168 0
3222 0
3258 0
3276 0
3334 0
3373 0
3432 0
3467 0
3498 0
3541 0
3605 0
3633 0
3670 0
3698 0
3708 0
3793 0
3813 0
3853 0
3969 0
3981 0
4044 0
4072 0
4133 0
4160 0
4219 0
4239 0
4367 0
4382 0
4468 0
4474 0
4493 0
4507 0
4581 0
4642 0
4689 0
4696 0
4724 0
4734 0
4766 0
4805 0
4869 0
4901 0
