311 0
355 0
434 0
450 0
531 0
605 0
633 0
677 0
705 0
725 0
768 0
848 0
921 0
1004 0
1026 0
1121 0
1129 0
1153 0
1187 0
1213 0
1235 0
1291 0
1307 0
1310 0
1419 0
1508 0
1553 0
1597 0
1609 0
1664 0
1724 0
1776 0
1826 0
1858 0
1944 0
1983 0
2001 0
2021 0
2121 0
2140 0
2198 0
2222 0
2248 0
2294 0
2303 0
2408 0
2472 0
2491 0
2532 0
2564 0
2585 0
2620 0
2663 0
2702 0
2734 0
2750 0
2808 0
2920 0
2938 0
2962 0
2993 0
3012 0
3084 0
3096 0
3211 0
3214 0
3235 0
3274 0
3357 0
3392 0
3448 0
3497 0
3558 0
3612 0
3635 0
3661 0
3716 0
3795 0
3898 0
3919 0
3941 0
3979 0
3998 0
4045 0
4069 0
4091 0
4107 0
4186 0
4202 0
4286 0
4374 0
4453 0
4500 0
4516 0
4549 0
4581 0
4620 0
4677 0
4772 0
4792 0
4867 0
4906 0
