372 0
378 0
437 0
472 0
484 0
550 0
575 0
606 0
634 0
658 0
758 0
779 0
846 0
888 0
908 0
938 0
1036 0
1073 0
1098 0
1127 0
1220 0
1240 0
1300 0
1310 0
1346 0
1364 0
1420 0
1474 0
1485 0
1545 0
1578 0
1583 0
1609 0
1648 0
1652 0
1674 0
1831 0
1986 0
2055 0
2076 0
2152 0
2190 0
2194 0
2222 0
2240 0
2298 0
2437 0
2455 0
2503 0
2521 0
2559 0
2661 0
2688 0
2716 0
2766 0
2787 0
2915 0
2978 0
2997 0
3018 0
3032 0
3064 0
3138 0
3163 0
3236 0
3392 0
3549 0
3569 0
3577 0
3608 0
3624 0
3643 0
3687 0
3725 0
3746 0
3795 0
3849 0
3869 0
3904 0
3925 0
3984 0
3998 0
4088 0
4125 0
4140 0
4195 0
4268 0
4315 0
4328 0
4370 0
4449 0
4457 0
4571 0
4584 0
4612 0
4643 0
4668 0
4727 0
4747 0
4790 0
4844 0
4852 0
