366 0
379 0
404 0
457 0
469 0
487 0
545 0
564 0
596 0
686 0
718 0
756 0
821 0
845 0
946 0
968 0
972 0
1072 0
1120 0
1124 0
1153 0
1228 0
1260 0
1282 0
1325 0
1373 0
1383 0
1482 0
1521 0
1543 0
1655 0
1697 0
1786 0
1850 0
1899 0
1941 0
1971 0
2010 0
2045 0
2064 0
2208 0
2255 0
2270 0
2291 0
2358 0
2446 0
2464 0
2512 0
2714 0
2757 0
2787 0
2863 0
2935 0
2957 0
2968 0
3015 0
3159 0
3175 0
3211 0
3252 0
3276 0
3324 0
3380 0
3423 0
3526 0
3568 0
3677 0
3701 0
3732 0
3831 0
3844 0
3906 0
3932 0
3951 0
3981 0
4075 0
4095 0
4105 0
4145 0
4242 0
4261 0
4268 0
4385 0
4391 0
4458 0
4489 0
4524 0
4618 0
4654 0
4667 0
4734 0
4754 0
4763 0
4817 0
4832 0
4852 0
