308 0
330 0
356 0
382 0
401 0
480 0
516 0
536 0
555 0
654 0
698 0
751 0
798 0
806 0
895 0
966 0
1008 0
1060 0
1072 0
1101 0
1113 0
1151 0
1200 0
1220 0
1296 0
1334 0
1410 0
1416 0
1429 0
1506 0
1529 0
1570 0
1603 0
1651 0
1678 0
1897 0
1916 0
1979 0
1997 0
2080 0
2104 0
2130 0
2153 0
2179 0
2209 0
2299 0
2344 0
2357 0
2372 0
2443 0
2451 0
2600 0
2634 0
2765 0
2777 0
2849 0
2859 0
2881 0
2921 0
3017 0
3032 0
3069 0
3078 0
3113 0
3140 0
3226 0
3231 0
3312 0
3327 0
3543 0
3558 0
3620 0
3648 0
3690 0
3719 0
3775 0
3799 0
3813 0
3886 0
3923 0
4010 0
4014 0
4066 0
4111 0
4124 0
4135 0
4164 0
4206 0
4262 0
4331 0
4412 0
4433 0
4459 0
4516 0
4564 0
4674 0
4682 0
4696 0
4734 0
4826 0
4833 0
4868 0
4891 0
4906 0
