337 0
356 0
383 0
532 0
606 0
633 0
651 0
722 0
774 0
860 0
945 0
981 0
989 0
1022 0
1085 0
1089 0
1197 0
1230 0
1312 0
1337 0
1375 0
1419 0
1441 0
1484 0
1503 0
1591 0
1613 0
1661 0
1672 0
1733 0
1781 0
1858 0
1935 0
2007 0
2073 0
2112 0
2131 0
2162 0
2194 0
2232 0
2290 0
2365 0
2388 0
2455 0
2474 0
2488 0
2527 0
2546 0
2564 0
2655 0
2676 0
2694 0
2733 0
2746 0
2768 0
2833 0
2851 0
2932 0
2989 0
3016 0
3048 0
3088 0
3103 0
3149 0
3200 0
3297 0
3364 0
3447 0
3500 0
3549 0
3556 0
3616 0
3631 0
3712 0
3739 0
3783 0
3797 0
3852 0
3878 0
3894 0
3982 0
4027 0
4117 0
4143 0
4197 0
4221 0
4234 0
4276 0
4365 0
4451 0
4499 0
4568 0
4580 0
4613 0
4680 0
4838 0
4870 0
4881 0
