404 0
460 0
482 0
505 0
518 0
553 0
564 0
607 0
621 0
633 0
683 0
741 0
756 0
801 0
829 0
848 0
897 0
959 0
975 0
1000 0
1197 0
1222 0
1234 0
1308 0
1312 0
1373 0
1416 0
1613 0
1672 0
1811 0
1888 0
1934 0
1970 0
2003 0
2081 0
2190 0
2212 0
2232 0
2303 0
2359 0
2368 0
2394 0
2423 0
2432 0
2455 0
2485 0
2507 0
2544 0
2673 0
2708 0
2728 0
2760 0
2786 0
2798 0
2825 0
2851 0
2857 0
2908 0
2989 0
3004 0
3028 0
3138 0
3221 0
3259 0
3285 0
3318 0
3416 0
3549 0
3614 0
3806 0
3853 0
3894 0
3918 0
3983 0
3997 0
4019 0
4218 0
4237 0
4265 0
4330 0
4383 0
4399 0
4406 0
4456 0
4486 0
4531 0
4579 0
4598 0
4618 0
4647 0
4662 0
4693 0
4714 0
4742 0
4755 0
4818 0
