347 0
400 0
427 0
470 0
491 0
526 0
531 0
606 0
645 0
678 0
686 0
726 0
789 0
808 0
835 0
948 0
959 0
1023 0
1060 0
1080 0
1117 0
1132 0
1191 0
1251 0
1348 0
1439 0
1510 0
1536 0
1573 0
1613 0
1665 0
1671 0
1718 0
1760 0
1778 0
1841 0
1958 0
2079 0
2186 0
2214 0
2252 0
2292 0
2371 0
2427 0
2445 0
2458 0
2548 0
2557 0
2576 0
2639 0
2665 0
2681 0
2759 0
2786 0
2795 0
2855 0
2939 0
2964 0
2993 0
3033 0
3133 0
3252 0
3382 0
3438 0
3459 0
3495 0
3550 0
3561 0
3615 0
3644 0
3673 0
3719 0
3776 0
3862 0
3976 0
4023 0
4091 0
4106 0
4136 0
4156 0
4197 0
4260 0
4271 0
4374 0
4407 0
4422 0
4502 0
4525 0
4550 0
4581 0
4623 0
4690 0
4708 0
4738 0
4749 0
4784 0
4819 0
4864 0
