341 0
390 0
412 0
538 0
623 0
649 0
710 0
721 0
798 0
830 0
910 0
1011 0
1024 0
1056 0
1129 0
1142 0
1221 0
1236 0
1318 0
1361 0
1393 0
1417 0
1430 0
1502 0
1612 0
1677 0
1699 0
1704 0
1762 0
1795 0
1809 0
1833 0
1886 0
1941 0
1973 0
2001 0
2015 0
2054 0
2058 0
2123 0
2138 0
2154 0
2187 0
2217 0
2246 0
2301 0
2419 0
2439 0
2480 0
2483 0
2540 0
2594 0
2634 0
2684 0
2730 0
2740 0
2784 0
2789 0
2915 0
2959 0
3007 0
3028 0
3071 0
3081 0
3106 0
3161 0
3176 0
3208 0
3216 0
3241 0
3269 0
3340 0
3397 0
3415 0
3424 0
3464 0
3515 0
3526 0
3538 0
3618 0
3718 0
3776 0
3795 0
3836 0
3848 0
3898 0
3990 0
3998 0
4072 0
4087 0
4156 0
4193 0
4209 0
4303 0
4402 0
4427 0
4500 0
4519 0
4562 0
4603 0
4678 0
4799 0
4832 0
4872 0
