311 0
332 0
343 0
380 0
399 0
461 0
507 0
525 0
534 0
618 0
707 0
728 0
817 0
842 0
956 0
981 0
1026 0
1069 0
1080 0
1138 0
1150 0
1217 0
1237 0
1250 0
1307 0
1347 0
1396 0
1425 0
1436 0
1482 0
1511 0
1521 0
1569 0
1648 0
1662 0
1689 0
1712 0
1811 0
1928 0
1944 0
1988 0
1992 0
2080 0
2134 0
2171 0
2178 0
2257 0
2288 0
2468 0
2524 0
2599 0
2634 0
2697 0
2740 0
2931 0
2973 0
3034 0
3059 0
3090 0
3132 0
3227 0
3239 0
3266 0
3296 0
3412 0
3512 0
3521 0
3567 0
3571 0
3643 0
3705 0
3715 0
3731 0
3784 0
3802 0
3815 0
3865 0
3922 0
3976 0
3979 0
3998 0
4072 0
4095 0
4134 0
4159 0
4198 0
4234 0
4252 0
4371 0
4394 0
4492 0
4512 0
4601 0
4691 0
4696 0
4724 0
4757 0
4820 0
4838 0
4874 0
4892 0
4898 0
