360 0
438 0
454 0
499 0
552 0
616 0
645 0
734 0
749 0
791 0
811 0
914 0
925 0
1013 0
1036 0
1041 0
1111 0
1179 0
1242 0
1323 0
1356 0
1367 0
1426 0
1432 0
1475 0
1487 0
1552 0
1579 0
1638 0
1651 0
1714 0
1754 0
1831 0
1867 0
1909 0
1949 0
1979 0
2079 0
2102 0
2134 0
2166 0
2184 0
2206 0
2310 0
2395 0
2416 0
2441 0
2513 0
2532 0
2541 0
2578 0
2646 0
2674 0
2690 0
2710 0
2773 0
2803 0
2838 0
2917 0
3014 0
3034 0
3052 0
3093 0
3114 0
3140 0
3231 0
3275 0
3300 0
3361 0
3393 0
3456 0
3504 0
3568 0
3580 0
3652 0
3658 0
3724 0
3747 0
3790 0
3798 0
3850 0
3873 0
3894 0
3976 0
4035 0
4100 0
4172 0
4184 0
4212 0
4295 0
4305 0
4416 0
4430 0
4465 0
4483 0
4581 0
4599 0
4663 0
4712 0
4775 0
4779 0
4855 0
