315 0
418 0
427 0
498 0
526 0
619 0
631 0
649 0
671 0
718 0
774 0
783 0
814 0
846 0
895 0
914 0
933 0
959 0
1068 0
1096 0
1204 0
1234 0
1247 0
1321 0
1358 0
1367 0
1519 0
1555 0
1565 0
1719 0
1778 0
1813 0
1917 0
2066 0
2127 0
2177 0
2197 0
2222 0
2238 0
2250 0
2268 0
2293 0
2337 0
2347 0
2425 0
2464 0
2474 0
2487 0
2522 0
2543 0
2674 0
2688 0
2728 0
2751 0
2761 0
2799 0
2860 0
2876 0
2939 0
2944 0
2966 0
2987 0
2993 0
3018 0
3036 0
3083 0
3156 0
3305 0
3414 0
3440 0
3491 0
3647 0
3656 0
3701 0
3845 0
3866 0
3908 0
3971 0
3991 0
4024 0
4126 0
4152 0
4263 0
4289 0
4315 0
4329 0
4373 0
4412 0
4433 0
4447 0
4499 0
4555 0
4558 0
4579 0
4597 0
4693 0
4725 0
4779 0
4806 0
4911 0
