369 0
411 0
472 0
504 0
515 0
560 0
569 0
617 0
632 0
706 0
727 0
739 0
755 0
781 0
803 0
900 0
920 0
996 0
1008 0
1058 0
1152 0
1203 0
1256 0
1353 0
1379 0
1420 0
1515 0
1533 0
1570 0
1619 0
1658 0
1694 0
1707 0
1722 0
1754 0
1779 0
1829 0
1841 0
1855 0
1936 0
1951 0
1981 0
2007 0
2052 0
2083 0
2119 0
2175 0
2211 0
2292 0
2310 0
2350 0
2410 0
2429 0
2799 0
2810 0
2859 0
2908 0
2934 0
3001 0
3050 0
3100 0
3140 0
3176 0
3207 0
3242 0
3265 0
3284 0
3351 0
3379 0
3393 0
3449 0
3455 0
3489 0
3505 0
3524 0
3560 0
3602 0
3646 0
3684 0
3690 0
3807 0
3834 0
3866 0
3969 0
4013 0
4073 0
4164 0
4200 0
4222 0
4292 0
4320 0
4406 0
4450 0
4459 0
4477 0
4497 0
4515 0
4587 0
4602 0
4649 0
4672 0
4698 0
4711 0
4744 0
4797 0
4860 0
