377 0
446 0
466 0
484 0
524 0
537 0
559 0
572 0
636 0
649 0
672 0
685 0
724 0
737 0
759 0
794 0
803 0
841 0
917 0
1030 0
1076 0
1131 0
1279 0
1304 0
1356 0
1375 0
1380 0
1395 0
1571 0
1628 0
1648 0
1688 0
1732 0
1763 0
1807 0
1820 0
1874 0
1928 0
1980 0
2064 0
2075 0
2179 0
2231 0
2255 0
2263 0
2360 0
2396 0
2461 0
2505 0
2579 0
2593 0
2627 0
2647 0
2704 0
2770 0
2835 0
2863 0
2946 0
2964 0
2987 0
3041 0
3142 0
3146 0
3246 0
3284 0
3341 0
3396 0
3406 0
3461 0
3488 0
3521 0
3579 0
3597 0
3646 0
3820 0
3826 0
3850 0
3863 0
3915 0
3936 0
4085 0
4144 0
4198 0
4307 0
4377 0
4414 0
4426 0
4468 0
4480 0
4503 0
4534 0
4540 0
4558 0
4577 0
4645 0
4667 0
4690 0
4702 0
4728 0
4755 0
4761 0
4844 0
