316 0
362 0
400 0
505 0
518 0
555 0
562 0
607 0
644 0
647 0
684 0
719 0
754 0
775 0
784 0
840 0
1010 0
1029 0
1098 0
1199 0
1214 0
1285 0
1356 0
1397 0
1433 0
1482 0
1525 0
1571 0
1587 0
1628 0
1688 0
1727 0
1755 0
1781 0
1786 0
1852 0
1897 0
1941 0
1969 0
2004 0
2015 0
2106 0
2112 0
2153 0
2162 0
2218 0
2250 0
2263 0
2409 0
2476 0
2570 0
2592 0
2619 0
2639 0
2745 0
2811 0
2949 0
2960 0
2995 0
3057 0
3064 0
3110 0
3116 0
3210 0
3219 0
3260 0
3271 0
3319 0
3368 0
3427 0
3435 0
3454 0
3496 0
3524 0
3600 0
3633 0
3648 0
3693 0
3739 0
3781 0
3817 0
3872 0
3935 0
3999 0
4017 0
4130 0
4191 0
4205 0
4374 0
4430 0
4444 0
4470 0
4492 0
4536 0
4559 0
4585 0
4620 0
4644 0
4666 0
4706 0
4714 0
4826 0
4861 0
4907 0
