312 0
360 0
386 0
396 0
508 0
548 0
609 0
638 0
670 0
713 0
800 0
835 0
855 0
886 0
943 0
970 0
1048 0
1064 0
1100 0
1120 0
1310 0
1374 0
1402 0
1434 0
1519 0
1567 0
1593 0
1630 0
1643 0
1680 0
1710 0
1842 0
1854 0
1885 0
1909 0
1979 0
1992 0
2085 0
2124 0
2127 0
2190 0
2201 0
2222 0
2299 0
2394 0
2438 0
2503 0
2517 0
2542 0
2555 0
2656 0
2685 0
2687 0
2713 0
2778 0
2825 0
2917 0
2995 0
3020 0
3034 0
3083 0
3106 0
3130 0
3216 0
3235 0
3311 0
3336 0
3350 0
3374 0
3514 0
3538 0
3586 0
3601 0
3630 0
3641 0
3697 0
3786 0
3814 0
3852 0
3895 0
4107 0
4123 0
4152 0
4170 0
4240 0
4273 0
4329 0
4355 0
4370 0
4408 0
4517 0
4548 0
4577 0
4623 0
4672 0
4718 0
4826 0
4833 0
4855 0
4897 0
