361 0
414 0
430 0
452 0
461 0
535 0
556 0
568 0
619 0
727 0
808 0
923 0
981 0
1002 0
1055 0
1080 0
1103 0
1124 0
1149 0
1237 0
1256 0
1315 0
1365 0
1429 0
1503 0
1607 0
1696 0
1705 0
1729 0
1757 0
1793 0
1817 0
1833 0
1858 0
1873 0
1934 0
2050 0
2134 0
2199 0
2229 0
2275 0
2286 0
2349 0
2389 0
2443 0
2450 0
2479 0
2506 0
2539 0
2551 0
2656 0
2675 0
2708 0
2745 0
2769 0
2774 0
2832 0
2857 0
2934 0
2944 0
2981 0
3020 0
3093 0
3176 0
3295 0
3334 0
3360 0
3384 0
3404 0
3424 0
3460 0
3496 0
3518 0
3520 0
3614 0
3718 0
3786 0
3852 0
3908 0
3975 0
3981 0
4077 0
4089 0
4124 0
4143 0
4150 0
4221 0
4248 0
4290 0
4404 0
4495 0
4599 0
4656 0
4662 0
4677 0
4752 0
4766 0
4788 0
4807 0
4850 0
