309 0
337 0
375 0
396 0
452 0
467 0
485 0
506 0
543 0
556 0
596 0
616 0
654 0
682 0
713 0
723 0
736 0
779 0
846 0
912 0
960 0
1007 0
1036 0
1072 0
1091 0
1237 0
1272 0
1304 0
1363 0
1481 0
1543 0
1556 0
1625 0
1689 0
1704 0
1762 0
1800 0
1814 0
1825 0
1917 0
1969 0
1982 0
2053 0
2090 0
2135 0
2161 0
2335 0
2409 0
2485 0
2500 0
2558 0
2586 0
2632 0
2653 0
2715 0
2722 0
2813 0
2886 0
3046 0
3087 0
3140 0
3173 0
3243 0
3250 0
3306 0
3395 0
3409 0
3424 0
3456 0
3514 0
3523 0
3598 0
3662 0
3687 0
3737 0
3856 0
3919 0
3946 0
3983 0
4116 0
4136 0
4190 0
4213 0
4256 0
4308 0
4382 0
4444 0
4477 0
4496 0
4506 0
4525 0
4568 0
4601 0
4621 0
4661 0
4683 0
4718 0
4741 0
4744 0
4770 0
4816 0
4839 0
4881 0
4900 0
