309 0
371 0
379 0
420 0
438 0
477 0
537 0
651 0
678 0
717 0
733 0
794 0
817 0
895 0
902 0
925 0
1009 0
1101 0
1226 0
1248 0
1259 0
1302 0
1358 0
1403 0
1416 0
1432 0
1481 0
1504 0
1544 0
1607 0
1672 0
1781 0
1791 0
1809 0
1863 0
1935 0
1942 0
1964 0
1977 0
2004 0
2022 0
2066 0
2109 0
2175 0
2220 0
2232 0
2258 0
2280 0
2421 0
2457 0
2480 0
2510 0
2712 0
2739 0
2759 0
2796 0
2929 0
2966 0
2991 0
3005 0
3050 0
3104 0
3157 0
3203 0
3228 0
3241 0
3251 0
3274 0
3293 0
3365 0
3402 0
3425 0
3447 0
3549 0
3615 0
3678 0
3709 0
3730 0
3787 0
3803 0
3823 0
3865 0
3921 0
3951 0
3962 0
3988 0
4120 0
4209 0
4299 0
4310 0
4320 0
4389 0
4431 0
4479 0
4500 0
4553 0
4563 0
4685 0
4741 0
4785 0
4798 0
4830 0
4857 0
4902 0
