311 0
341 0
406 0
412 0
438 0
448 0
539 0
558 0
569 0
652 0
675 0
699 0
715 0
738 0
774 0
819 0
1011 0
1042 0
1067 0
1072 0
1098 0
1143 0
1198 0
1247 0
1313 0
1341 0
1382 0
1420 0
1429 0
1507 0
1527 0
1549 0
1579 0
1606 0
1661 0
1778 0
1798 0
1873 0
1898 0
2008 0
2072 0
2195 0
2236 0
2252 0
2368 0
2405 0
2444 0
2498 0
2506 0
2542 0
2579 0
2599 0
2627 0
2637 0
2676 0
2716 0
2731 0
2774 0
2819 0
2845 0
2963 0
2976 0
3016 0
3149 0
3200 0
3321 0
3337 0
3425 0
3435 0
3563 0
3608 0
3646 0
3657 0
3704 0
3711 0
3782 0
3807 0
3834 0
3886 0
3907 0
3974 0
4027 0
4077 0
4124 0
4144 0
4157 0
4166 0
4202 0
4389 0
4453 0
4478 0
4502 0
4515 0
4554 0
4560 0
4656 0
4671 0
4679 0
4762 0
4786 0
4795 0
4816 0
4872 0
4903 0
