350 0
390 0
414 0
461 0
519 0
545 0
642 0
702 0
724 0
773 0
793 0
814 0
916 0
925 0
939 0
953 0
999 0
1006 0
1132 0
1150 0
1176 0
1204 0
1216 0
1245 0
1400 0
1424 0
1444 0
1568 0
1607 0
1621 0
1664 0
1789 0
1850 0
1885 0
1971 0
1973 0
1995 0
2111 0
2132 0
2152 0
2188 0
2206 0
2229 0
2255 0
2339 0
2383 0
2425 0
2503 0
2530 0
2579 0
2589 0
2623 0
2648 0
2697 0
2706 0
2790 0
2828 0
2882 0
2974 0
2983 0
3024 0
3032 0
3065 0
3091 0
3095 0
3221 0
3233 0
3259 0
3338 0
3377 0
3421 0
3566 0
3589 0
3613 0
3641 0
3790 0
3794 0
3810 0
3965 0
4000 0
4021 0
4035 0
4078 0
4084 0
4210 0
4230 0
4258 0
4277 0
4297 0
4317 0
4409 0
4429 0
4438 0
4490 0
4517 0
4584 0
4659 0
4706 0
4759 0
4809 0
4833 0
4865 0
