328 0
349 0
479 0
538 0
565 0
658 0
672 0
684 0
749 0
789 0
858 0
903 0
938 0
974 0
1018 0
1033 0
1114 0
1138 0
1180 0
1200 0
1238 0
1286 0
1293 0
1335 0
1471 0
1501 0
1545 0
1640 0
1699 0
1767 0
1842 0
1865 0
1890 0
1909 0
1948 0
2020 0
2106 0
2216 0
2268 0
2300 0
2427 0
2436 0
2467 0
2514 0
2517 0
2536 0
2577 0
2646 0
2673 0
2696 0
2705 0
2742 0
2774 0
2789 0
2922 0
2943 0
3006 0
3120 0
3210 0
3270 0
3307 0
3326 0
3364 0
3378 0
3464 0
3535 0
3582 0
3677 0
3716 0
3747 0
3877 0
3920 0
3929 0
3991 0
4015 0
4038 0
4093 0
4109 0
4185 0
4207 0
4249 0
4269 0
4315 0
4360 0
4422 0
4467 0
4526 0
4542 0
4571 0
4647 0
4686 0
4742 0
4867 0
4886 0
