317 0
360 0
434 0
456 0
505 0
559 0
627 0
635 0
685 0
711 0
778 0
790 0
836 0
892 0
932 0
987 0
1006 0
1031 0
1069 0
1087 0
1092 0
1151 0
1183 0
1203 0
1260 0
1283 0
1333 0
1468 0
1491 0
1524 0
1540 0
1561 0
1577 0
1588 0
1654 0
1674 0
1732 0
1765 0
1798 0
1851 0
1899 0
2000 0
2042 0
2077 0
2101 0
2114 0
2268 0
2347 0
2385 0
2400 0
2430 0
2433 0
2545 0
2560 0
2659 0
2675 0
2775 0
2791 0
2815 0
2837 0
2857 0
2951 0
3101 0
3125 0
3131 0
3167 0
3224 0
3330 0
3372 0
3429 0
3460 0
3488 0
3538 0
3560 0
3626 0
3653 0
3671 0
3681 0
3695 0
3736 0
3748 0
3883 0
3932 0
3953 0
4016 0
4045 0
4067 0
4127 0
4132 0
4159 0
4187 0
4209 0
4232 0
4290 0
4332 0
4379 0
4434 0
4449 0
4507 0
4533 0
4586 0
4599 0
4661 0
4718 0
4762 0
4790 0
4846 0
4906 0
