313 0
353 0
399 0
417 0
445 0
505 0
526 0
549 0
611 0
615 0
630 0
661 0
674 0
745 0
791 0
828 0
906 0
956 0
1019 0
1145 0
1183 0
1271 0
1314 0
1354 0
1375 0
1437 0
1467 0
1494 0
1503 0
1550 0
1660 0
1838 0
1879 0
1888 0
1944 0
2013 0
2054 0
2069 0
2148 0
2186 0
2201 0
2240 0
2333 0
2352 0
2402 0
2430 0
2445 0
2546 0
2560 0
2654 0
2676 0
2772 0
2800 0
2819 0
2864 0
2876 0
2982 0
3022 0
3030 0
3062 0
3155 0
3173 0
3207 0
3278 0
3330 0
3345 0
3371 0
3565 0
3665 0
3722 0
3736 0
3741 0
3776 0
3843 0
3864 0
3896 0
3958 0
4044 0
4078 0
4210 0
4254 0
4303 0
4389 0
4430 0
4482 0
4544 0
4560 0
4581 0
4591 0
4619 0
4669 0
4701 0
4711 0
4766 0
4807 0
4827 0
4867 0
4906 0
