330 0
474 0
481 0
526 0
552 0
624 0
632 0
693 0
698 0
747 0
752 0
852 0
906 0
933 0
976 0
1013 0
1056 0
1082 0
1101 0
1109 0
1134 0
1203 0
1290 0
1317 0
1399 0
1435 0
1493 0
1500 0
1545 0
1548 0
1642 0
1703 0
1763 0
1805 0
1912 0
1969 0
2019 0
2079 0
2188 0
2204 0
2234 0
2248 0
2304 0
2381 0
2411 0
2430 0
2468 0
2495 0
2508 0
2590 0
2632 0
2707 0
2727 0
2745 0
2789 0
2814 0
2825 0
2910 0
2963 0
2987 0
3025 0
3027 0
3139 0
3207 0
3262 0
3301 0
3407 0
3461 0
3504 0
3575 0
3663 0
3675 0
3715 0
3739 0
3781 0
3814 0
3906 0
3929 0
4023 0
4091 0
4098 0
4128 0
4138 0
4158 0
4208 0
4249 0
4292 0
4306 0
4362 0
4466 0
4485 0
4508 0
4533 0
4579 0
4597 0
4662 0
4700 0
4737 0
4745 0
4894 0
