313 0
367 0
434 0
444 0
539 0
574 0
597 0
657 0
701 0
758 0
795 0
825 0
855 0
900 0
906 0
1001 0
1005 0
1038 0
1060 0
1095 0
1233 0
1249 0
1269 0
1289 0
1321 0
1410 0
1476 0
1517 0
1532 0
1562 0
1573 0
1654 0
1691 0
1728 0
1754 0
1790 0
1817 0
1826 0
1846 0
1913 0
2003 0
2008 0
2147 0
2191 0
2248 0
2371 0
2411 0
2437 0
2464 0
2469 0
2543 0
2555 0
2587 0
2630 0
2665 0
2675 0
2744 0
2755 0
2785 0
2815 0
2842 0
2961 0
3032 0
3068 0
3201 0
3221 0
3299 0
3382 0
3395 0
3415 0
3419 0
3457 0
3494 0
3529 0
3569 0
3640 0
3658 0
3687 0
3702 0
3744 0
3822 0
3904 0
3932 0
3959 0
3962 0
3981 0
4130 0
4154 0
4177 0
4207 0
4229 0
4305 0
4325 0
4363 0
4387 0
4429 0
4461 0
4517 0
4561 0
4615 0
4647 0
4679 0
4775 0
4791 0
4856 0
4908 0
