423 0
428 0
520 0
532 0
619 0
656 0
667 0
726 0
757 0
768 0
813 0
909 0
919 0
963 0
988 0
1081 0
1108 0
1145 0
1177 0
1193 0
1281 0
1316 0
1348 0
1376 0
1424 0
1439 0
1480 0
1506 0
1567 0
1586 0
1646 0
1673 0
1692 0
1782 0
1888 0
1910 0
2011 0
2102 0
2197 0
2230 0
2250 0
2271 0
2294 0
2309 0
2334 0
2388 0
2420 0
2474 0
2512 0
2528 0
2599 0
2624 0
2687 0
2710 0
2751 0
2792 0
2833 0
2883 0
2910 0
2939 0
2945 0
2959 0
2980 0
3022 0
3127 0
3207 0
3302 0
3324 0
3439 0
3521 0
3543 0
3582 0
3637 0
3652 0
3707 0
3727 0
3782 0
3795 0
3851 0
3875 0
3899 0
3929 0
4019 0
4032 0
4072 0
4104 0
4143 0
4231 0
4263 0
4300 0
4315 0
4406 0
4439 0
4465 0
4502 0
4543 0
4561 0
4605 0
4680 0
4708 0
4788 0
4801 0
