316 0
342 0
387 0
431 0
475 0
521 0
535 0
556 0
721 0
831 0
860 0
895 0
907 0
940 0
962 0
998 0
1039 0
1118 0
1202 0
1289 0
1301 0
1364 0
1429 0
1482 0
1506 0
1565 0
1594 0
1623 0
1663 0
1687 0
1709 0
1753 0
1777 0
1792 0
1834 0
1840 0
1886 0
1909 0
1948 0
2116 0
2147 0
2228 0
2268 0
2281 0
2367 0
2421 0
2458 0
2467 0
2512 0
2538 0
2568 0
2599 0
2626 0
2648 0
2680 0
2708 0
2741 0
2768 0
2797 0
2849 0
2931 0
2955 0
2984 0
3064 0
3096 0
3265 0
3313 0
3339 0
3376 0
3391 0
3429 0
3436 0
3460 0
3503 0
3534 0
3569 0
3594 0
3633 0
3644 0
3717 0
3737 0
3788 0
3844 0
3920 0
3942 0
4019 0
4098 0
4171 0
4229 0
4255 0
4282 0
4309 0
4322 0
4364 0
4397 0
4496 0
4673 0
4684 0
4700 0
4753 0
4781 0
4844 0
4868 0
4909 0
