347 0
368 0
423 0
434 0
472 0
484 0
498 0
520 0
628 0
639 0
705 0
727 0
735 0
750 0
922 0
985 0
1057 0
1090 0
1238 0
1259 0
1278 0
1319 0
1337 0
1376 0
1384 0
1476 0
1522 0
1541 0
1633 0
1651 0
1703 0
1724 0
1759 0
1788 0
1831 0
1903 0
1908 0
1926 0
1990 0
2075 0
2095 0
2148 0
2175 0
2238 0
2263 0
2303 0
2345 0
2419 0
2438 0
2531 0
2562 0
2581 0
2639 0
2660 0
2702 0
2786 0
2802 0
2879 0
2922 0
2947 0
2984 0
3054 0
3068 0
3112 0
3135 0
3220 0
3292 0
3311 0
3323 0
3389 0
3420 0
3467 0
3496 0
3516 0
3560 0
3580 0
3684 0
3704 0
3753 0
3835 0
3847 0
3885 0
3897 0
3943 0
3955 0
3984 0
4115 0
4151 0
4246 0
4288 0
4470 0
4478 0
4497 0
4515 0
4587 0
4603 0
4700 0
4715 0
4740 0
4754 0
4779 0
4806 0
4861 0
4871 0
