346 0
436 0
483 0
507 0
525 0
540 0
546 0
573 0
645 0
689 0
704 0
744 0
807 0
919 0
937 0
1029 0
1081 0
1108 0
1138 0
1184 0
1281 0
1324 0
1345 0
1365 0
1384 0
1408 0
1432 0
1503 0
1555 0
1566 0
1631 0
1723 0
1754 0
1846 0
1894 0
1946 0
1964 0
1988 0
2058 0
2101 0
2172 0
2302 0
2362 0
2401 0
2446 0
2454 0
2479 0
2484 0
2508 0
2517 0
2692 0
2715 0
2725 0
2751 0
2762 0
2786 0
2812 0
2860 0
2922 0
3054 0
3116 0
3148 0
3244 0
3254 0
3277 0
3324 0
3367 0
3459 0
3490 0
3590 0
3651 0
3671 0
3716 0
3778 0
3819 0
3840 0
3847 0
3860 0
3905 0
3935 0
4039 0
4088 0
4100 0
4146 0
4186 0
4280 0
4286 0
4419 0
4474 0
4511 0
4526 0
4581 0
4642 0
4663 0
4684 0
4698 0
4717 0
4728 0
4780 0
4869 0
