373 0
394 0
413 0
478 0
494 0
538 0
599 0
618 0
648 0
678 0
693 0
764 0
772 0
858 0
1004 0
1066 0
1076 0
1095 0
1152 0
1204 0
1239 0
1303 0
1312 0
1389 0
1417 0
1562 0
1574 0
1594 0
1621 0
1657 0
1720 0
1765 0
1841 0
1914 0
1937 0
1966 0
2002 0
2013 0
2048 0
2068 0
2112 0
2144 0
2236 0
2356 0
2393 0
2434 0
2467 0
2549 0
2555 0
2568 0
2636 0
2657 0
2679 0
2749 0
2778 0
2826 0
2872 0
2984 0
3061 0
3109 0
3147 0
3167 0
3209 0
3215 0
3261 0
3288 0
3302 0
3369 0
3460 0
3494 0
3555 0
3595 0
3635 0
3651 0
3665 0
3803 0
3834 0
3900 0
3918 0
3979 0
4017 0
4064 0
4121 0
4147 0
4160 0
4204 0
4354 0
4438 0
4463 0
4537 0
4545 0
4569 0
4602 0
4617 0
4691 0
4712 0
4730 0
4806 0
4812 0
4859 0
