353 0
394 0
424 0
432 0
454 0
508 0
531 0
552 0
572 0
628 0
732 0
778 0
787 0
945 0
990 0
1014 0
1053 0
1062 0
1110 0
1193 0
1215 0
1259 0
1287 0
1305 0
1316 0
1347 0
1437 0
1501 0
1520 0
1591 0
1623 0
1641 0
1663 0
1772 0
1876 0
1916 0
1941 0
1962 0
1980 0
2000 0
2048 0
2088 0
2143 0
2299 0
2342 0
2352 0
2372 0
2404 0
2442 0
2564 0
2663 0
2781 0
2811 0
2846 0
2865 0
2886 0
2916 0
3067 0
3138 0
3163 0
3228 0
3231 0
3261 0
3277 0
3306 0
3341 0
3450 0
3555 0
3586 0
3597 0
3636 0
3694 0
3718 0
3788 0
3864 0
3909 0
3921 0
3930 0
3951 0
4010 0
4016 0
4109 0
4158 0
4167 0
4213 0
4231 0
4275 0
4435 0
4443 0
4479 0
4602 0
4645 0
4667 0
4682 0
4720 0
4772 0
4790 0
4795 0
4817 0
4864 0
