314 0
337 0
346 0
373 0
449 0
486 0
548 0
607 0
700 0
745 0
824 0
866 0
893 0
942 0
960 0
1101 0
1108 0
1128 0
1153 0
1183 0
1239 0
1245 0
1284 0
1355 0
1362 0
1469 0
1511 0
1542 0
1549 0
1575 0
1590 0
1619 0
1713 0
1774 0
1841 0
1900 0
1912 0
1922 0
1947 0
1983 0
1999 0
2114 0
2129 0
2217 0
2253 0
2263 0
2340 0
2407 0
2432 0
2467 0
2498 0
2574 0
2651 0
2726 0
2742 0
2782 0
2813 0
2886 0
2948 0
2970 0
3001 0
3091 0
3110 0
3228 0
3244 0
3275 0
3289 0
3314 0
3317 0
3371 0
3435 0
3505 0
3599 0
3630 0
3648 0
3659 0
3685 0
3711 0
3742 0
3851 0
3860 0
3929 0
3975 0
3990 0
4044 0
4078 0
4081 0
4110 0
4119 0
4254 0
4270 0
4329 0
4355 0
4390 0
4483 0
4518 0
4613 0
4668 0
4741 0
4771 0
4853 0
4866 0
4881 0
4903 0
