308 0
404 0
439 0
481 0
576 0
656 0
674 0
781 0
825 0
967 0
987 0
1010 0
1032 0
1045 0
1153 0
1179 0
1232 0
1260 0
1291 0
1296 0
1353 0
1363 0
1406 0
1424 0
1493 0
1543 0
1566 0
1601 0
1631 0
1725 0
1763 0
1781 0
1813 0
1820 0
2041 0
2077 0
2147 0
2168 0
2240 0
2289 0
2337 0
2350 0
2387 0
2400 0
2428 0
2442 0
2464 0
2480 0
2546 0
2555 0
2576 0
2636 0
2654 0
2675 0
2752 0
2767 0
2785 0
2791 0
2815 0
2833 0
2863 0
2878 0
2934 0
2979 0
3044 0
3071 0
3130 0
3168 0
3388 0
3403 0
3442 0
3463 0
3489 0
3597 0
3615 0
3645 0
3684 0
3724 0
3807 0
3817 0
3849 0
3865 0
3918 0
3930 0
3959 0
3983 0
4030 0
4077 0
4174 0
4192 0
4204 0
4220 0
4252 0
4397 0
4452 0
4546 0
4565 0
4654 0
4729 0
4787 0
4820 0
4900 0
