372 0
402 0
435 0
494 0
522 0
541 0
550 0
574 0
601 0
626 0
631 0
717 0
797 0
815 0
826 0
902 0
965 0
976 0
992 0
1022 0
1046 0
1093 0
1306 0
1336 0
1348 0
1483 0
1502 0
1542 0
1579 0
1589 0
1614 0
1646 0
1668 0
1727 0
1788 0
1807 0
1825 0
1857 0
1906 0
2004 0
2088 0
2144 0
2166 0
2206 0
2281 0
2306 0
2331 0
2353 0
2424 0
2464 0
2554 0
2576 0
2641 0
2661 0
2759 0
2804 0
2867 0
2877 0
2923 0
2926 0
3017 0
3052 0
3075 0
3134 0
3224 0
3314 0
3356 0
3387 0
3414 0
3425 0
3489 0
3543 0
3576 0
3615 0
3633 0
3652 0
3685 0
3721 0
3739 0
3867 0
3887 0
3923 0
4125 0
4179 0
4188 0
4228 0
4240 0
4252 0
4305 0
4401 0
4409 0
4423 0
4489 0
4582 0
4600 0
4623 0
4650 0
4661 0
4687 0
4700 0
4713 0
4791 0
4821 0
4860 0
