326 0
351 0
359 0
380 0
433 0
481 0
517 0
596 0
620 0
666 0
704 0
723 0
777 0
813 0
821 0
907 0
939 0
998 0
1048 0
1063 0
1113 0
1297 0
1342 0
1344 0
1368 0
1477 0
1521 0
1535 0
1638 0
1653 0
1697 0
1713 0
1791 0
1813 0
1829 0
1839 0
1874 0
1896 0
1956 0
1984 0
2053 0
2066 0
2161 0
2187 0
2267 0
2299 0
2351 0
2392 0
2404 0
2447 0
2454 0
2512 0
2578 0
2649 0
2709 0
2769 0
2781 0
2821 0
2825 0
2863 0
2923 0
2943 0
3029 0
3055 0
3159 0
3172 0
3234 0
3257 0
3328 0
3346 0
3373 0
3388 0
3411 0
3418 0
3514 0
3524 0
3554 0
3580 0
3685 0
3693 0
3755 0
3844 0
3863 0
3882 0
3917 0
4109 0
4161 0
4175 0
4224 0
4272 0
4310 0
4401 0
4417 0
4446 0
4493 0
4518 0
4549 0
4591 0
4613 0
4705 0
4731 0
4779 0
4834 0
4853 0
4866 0
4894 0
