336 0
411 0
437 0
528 0
554 0
616 0
656 0
699 0
753 0
790 0
891 0
953 0
977 0
1053 0
1064 0
1125 0
1151 0
1185 0
1199 0
1210 0
1239 0
1288 0
1299 0
1362 0
1402 0
1494 0
1544 0
1592 0
1601 0
1654 0
1685 0
1712 0
1756 0
1828 0
1959 0
2138 0
2150 0
2207 0
2236 0
2247 0
2294 0
2343 0
2362 0
2399 0
2415 0
2446 0
2469 0
2490 0
2511 0
2573 0
2589 0
2634 0
2637 0
2706 0
2734 0
2750 0
2780 0
2794 0
2812 0
2864 0
2883 0
2927 0
2971 0
2982 0
3021 0
3064 0
3082 0
3251 0
3399 0
3453 0
3514 0
3527 0
3564 0
3610 0
3636 0
3675 0
3730 0
3812 0
3845 0
3917 0
3937 0
3993 0
4000 0
4023 0
4038 0
4076 0
4090 0
4162 0
4172 0
4237 0
4256 0
4334 0
4433 0
4470 0
4520 0
4562 0
4592 0
4666 0
4691 0
4778 0
4796 0
4892 0
