370 0
413 0
454 0
478 0
551 0
623 0
639 0
653 0
665 0
711 0
749 0
822 0
887 0
993 0
1045 0
1064 0
1076 0
1089 0
1124 0
1174 0
1209 0
1232 0
1252 0
1387 0
1398 0
1423 0
1441 0
1510 0
1524 0
1546 0
1576 0
1606 0
1620 0
1679 0
1732 0
1761 0
1771 0
1806 0
1877 0
1901 0
1951 0
2086 0
2167 0
2179 0
2225 0
2229 0
2250 0
2331 0
2423 0
2444 0
2471 0
2498 0
2526 0
2564 0
2575 0
2645 0
2653 0
2699 0
2731 0
2752 0
2778 0
2794 0
2882 0
2961 0
2976 0
2998 0
3028 0
3052 0
3138 0
3267 0
3327 0
3348 0
3405 0
3440 0
3458 0
3496 0
3542 0
3596 0
3609 0
3640 0
3686 0
3692 0
3719 0
3780 0
3804 0
3824 0
3826 0
3969 0
3989 0
4004 0
4034 0
4089 0
4124 0
4143 0
4161 0
4180 0
4230 0
4322 0
4401 0
4462 0
4508 0
4545 0
4570 0
4589 0
4603 0
4666 0
4727 0
4776 0
4807 0
4847 0
