383 0
403 0
412 0
453 0
508 0
520 0
552 0
567 0
623 0
641 0
661 0
686 0
733 0
749 0
790 0
830 0
837 0
859 0
983 0
997 0
1025 0
1058 0
1087 0
1112 0
1204 0
1248 0
1266 0
1277 0
1332 0
1392 0
1439 0
1491 0
1499 0
1520 0
1562 0
1565 0
1625 0
1643 0
1675 0
1731 0
1816 0
1841 0
1895 0
1936 0
1940 0
1966 0
2001 0
2007 0
2082 0
2102 0
2138 0
2171 0
2177 0
2198 0
2224 0
2248 0
2345 0
2355 0
2407 0
2469 0
2494 0
2519 0
2582 0
2650 0
2694 0
2726 0
2746 0
2816 0
2858 0
2883 0
2974 0
2995 0
3019 0
3037 0
3058 0
3083 0
3125 0
3132 0
3200 0
3218 0
3257 0
3277 0
3283 0
3330 0
3367 0
3406 0
3491 0
3545 0
3577 0
3592 0
3646 0
3657 0
3705 0
3718 0
3724 0
3785 0
3828 0
3884 0
3942 0
3954 0
3962 0
4018 0
4099 0
4142 0
4157 0
4187 0
4219 0
4241 0
4353 0
4377 0
4401 0
4423 0
4467 0
4473 0
4538 0
4568 0
4582 0
4604 0
4655 0
4662 0
4704 0
4725 0
4766 0
4796 0
4820 0
4833 0
