313 0
395 0
427 0
499 0
542 0
552 0
577 0
598 0
622 0
671 0
698 0
736 0
813 0
896 0
914 0
978 0
1002 0
1009 0
1031 0
1132 0
1142 0
1287 0
1305 0
1352 0
1368 0
1395 0
1502 0
1543 0
1614 0
1629 0
1656 0
1692 0
1715 0
1777 0
1787 0
1815 0
1868 0
1899 0
1965 0
1990 0
2051 0
2072 0
2088 0
2178 0
2196 0
2251 0
2303 0
2353 0
2435 0
2525 0
2579 0
2638 0
2698 0
2772 0
2858 0
2911 0
2969 0
3023 0
3041 0
3140 0
3151 0
3163 0
3227 0
3248 0
3323 0
3351 0
3413 0
3421 0
3441 0
3510 0
3531 0
3554 0
3589 0
3615 0
3688 0
3709 0
3812 0
3844 0
3872 0
3913 0
3936 0
4065 0
4081 0
4191 0
4203 0
4222 0
4249 0
4315 0
4331 0
4412 0
4474 0
4510 0
4549 0
4594 0
4614 0
4654 0
4664 0
4682 0
4713 0
4778 0
4819 0
4905 0
