322 0
325 0
362 0
432 0
465 0
557 0
573 0
641 0
655 0
708 0
752 0
770 0
798 0
818 0
857 0
922 0
975 0
1022 0
1103 0
1110 0
1183 0
1220 0
1250 0
1272 0
1327 0
1414 0
1470 0
1499 0
1544 0
1552 0
1571 0
1634 0
1696 0
1727 0
1813 0
1831 0
1869 0
1925 0
1978 0
2003 0
2133 0
2148 0
2163 0
2186 0
2198 0
2253 0
2362 0
2478 0
2513 0
2528 0
2537 0
2592 0
2625 0
2685 0
2694 0
2707 0
2738 0
2866 0
2966 0
3019 0
3035 0
3044 0
3067 0
3083 0
3226 0
3241 0
3297 0
3351 0
3393 0
3405 0
3486 0
3533 0
3582 0
3653 0
3664 0
3677 0
3714 0
3746 0
3798 0
3888 0
3945 0
3967 0
4010 0
4038 0
4107 0
4115 0
4195 0
4240 0
4296 0
4364 0
4391 0
4431 0
4439 0
4462 0
4519 0
4563 0
4589 0
4655 0
4669 0
4752 0
4792 0
4855 0
4887 0
4901 0
