401 0
458 0
506 0
533 0
689 0
762 0
766 0
786 0
806 0
860 0
900 0
903 0
928 0
949 0
991 0
1026 0
1062 0
1148 0
1191 0
1216 0
1269 0
1304 0
1314 0
1408 0
1413 0
1565 0
1637 0
1695 0
1754 0
1774 0
1786 0
1869 0
1875 0
1901 0
1933 0
1999 0
2017 0
2047 0
2087 0
2117 0
2169 0
2177 0
2252 0
2264 0
2362 0
2416 0
2439 0
2480 0
2489 0
2526 0
2554 0
2657 0
2696 0
2731 0
2753 0
2775 0
2803 0
2859 0
2944 0
2960 0
3041 0
3053 0
3102 0
3139 0
3174 0
3208 0
3228 0
3289 0
3324 0
3345 0
3350 0
3427 0
3438 0
3465 0
3535 0
3584 0
3641 0
3801 0
3820 0
3894 0
3918 0
3953 0
3997 0
4018 0
4069 0
4164 0
4190 0
4229 0
4276 0
4299 0
4315 0
4323 0
4361 0
4408 0
4431 0
4443 0
4469 0
4524 0
4690 0
4711 0
4767 0
4817 0
