324 0
352 0
389 0
424 0
520 0
530 0
662 0
664 0
734 0
754 0
778 0
786 0
827 0
835 0
894 0
912 0
956 0
981 0
1006 0
1051 0
1076 0
1176 0
1215 0
1226 0
1248 0
1370 0
1470 0
1546 0
1557 0
1575 0
1644 0
1718 0
1764 0
1780 0
1867 0
1877 0
1931 0
1971 0
2000 0
2014 0
2047 0
2105 0
2131 0
2198 0
2276 0
2291 0
2379 0
2452 0
2476 0
2505 0
2519 0
2576 0
2596 0
2630 0
2640 0
2696 0
2706 0
2745 0
2755 0
2845 0
2928 0
2955 0
3015 0
3080 0
3113 0
3173 0
3207 0
3229 0
3255 0
3294 0
3338 0
3351 0
3441 0
3454 0
3487 0
3586 0
3648 0
3660 0
3686 0
3755 0
3844 0
3974 0
3979 0
4011 0
4035 0
4134 0
4174 0
4209 0
4237 0
4258 0
4306 0
4320 0
4382 0
4388 0
4426 0
4442 0
4455 0
4487 0
4550 0
4564 0
4684 0
4704 0
4795 0
4834 0
4876 0
4882 0
