365 0
437 0
457 0
464 0
495 0
533 0
551 0
565 0
597 0
640 0
668 0
711 0
754 0
775 0
863 0
954 0
1001 0
1013 0
1021 0
1085 0
1100 0
1177 0
1203 0
1239 0
1382 0
1468 0
1523 0
1569 0
1594 0
1609 0
1617 0
1684 0
1731 0
1787 0
1834 0
1869 0
1897 0
1977 0
1997 0
2061 0
2181 0
2202 0
2218 0
2242 0
2263 0
2288 0
2301 0
2383 0
2415 0
2479 0
2494 0
2522 0
2593 0
2631 0
2692 0
2727 0
2740 0
2800 0
2831 0
2918 0
2938 0
2951 0
2976 0
3008 0
3021 0
3030 0
3158 0
3216 0
3236 0
3320 0
3353 0
3399 0
3429 0
3494 0
3524 0
3597 0
3606 0
3624 0
3639 0
3695 0
3756 0
3834 0
3986 0
4026 0
4032 0
4125 0
4144 0
4197 0
4206 0
4230 0
4253 0
4353 0
4447 0
4463 0
4513 0
4552 0
4589 0
4622 0
4655 0
4660 0
4688 0
4712 0
4754 0
4761 0
4789 0
4855 0
