309 0
434 0
446 0
490 0
535 0
571 0
623 0
653 0
730 0
744 0
773 0
842 0
851 0
909 0
932 0
1004 0
1043 0
1087 0
1100 0
1133 0
1154 0
1182 0
1194 0
1247 0
1277 0
1327 0
1372 0
1401 0
1444 0
1517 0
1550 0
1573 0
1631 0
1794 0
1820 0
1880 0
1890 0
1912 0
1944 0
1987 0
2060 0
2081 0
2141 0
2148 0
2203 0
2212 0
2304 0
2342 0
2348 0
2378 0
2421 0
2470 0
2508 0
2718 0
2741 0
2800 0
2855 0
2864 0
2886 0
2908 0
3000 0
3012 0
3069 0
3082 0
3130 0
3155 0
3232 0
3273 0
3312 0
3322 0
3342 0
3398 0
3418 0
3603 0
3649 0
3668 0
3696 0
3789 0
3811 0
3847 0
3884 0
3940 0
3970 0
4019 0
4041 0
4075 0
4090 0
4128 0
4133 0
4178 0
4215 0
4293 0
4316 0
4356 0
4378 0
4447 0
4474 0
4500 0
4570 0
4603 0
4657 0
4686 0
4735 0
4772 0
4785 0
4900 0
