331 0
384 0
392 0
414 0
455 0
512 0
560 0
604 0
615 0
675 0
725 0
830 0
837 0
949 0
954 0
1018 0
1028 0
1145 0
1186 0
1222 0
1246 0
1296 0
1345 0
1386 0
1397 0
1521 0
1545 0
1553 0
1576 0
1626 0
1671 0
1699 0
1766 0
1828 0
1858 0
1916 0
1959 0
2000 0
2139 0
2162 0
2237 0
2257 0
2290 0
2310 0
2456 0
2503 0
2530 0
2560 0
2576 0
2644 0
2665 0
2692 0
2705 0
2766 0
2914 0
2928 0
2974 0
2978 0
3054 0
3082 0
3219 0
3250 0
3311 0
3350 0
3387 0
3465 0
3531 0
3546 0
3598 0
3652 0
3664 0
3674 0
3695 0
3819 0
3832 0
3862 0
3920 0
3976 0
3999 0
4031 0
4067 0
4189 0
4213 0
4263 0
4268 0
4379 0
4389 0
4504 0
4540 0
4603 0
4614 0
4674 0
4704 0
4773 0
4801 0
4817 0
4839 0
4894 0
