331 0
418 0
440 0
543 0
565 0
614 0
633 0
662 0
676 0
728 0
775 0
789 0
808 0
853 0
911 0
1055 0
1135 0
1151 0
1237 0
1252 0
1335 0
1345 0
1382 0
1404 0
1492 0
1527 0
1534 0
1555 0
1593 0
1599 0
1621 0
1692 0
1728 0
1788 0
1809 0
1837 0
1920 0
1946 0
1974 0
2052 0
2102 0
2148 0
2242 0
2379 0
2404 0
2477 0
2504 0
2527 0
2546 0
2553 0
2665 0
2681 0
2691 0
2714 0
2744 0
2807 0
2843 0
2981 0
3061 0
3122 0
3164 0
3238 0
3276 0
3301 0
3379 0
3414 0
3423 0
3487 0
3525 0
3591 0
3605 0
3624 0
3666 0
3682 0
3704 0
3731 0
3810 0
3840 0
3866 0
3877 0
3966 0
3994 0
4077 0
4085 0
4150 0
4310 0
4363 0
4409 0
4430 0
4451 0
4503 0
4540 0
4564 0
4580 0
4602 0
4657 0
4687 0
4781 0
4797 0
4881 0
