320 0
331 0
397 0
430 0
470 0
509 0
553 0
633 0
671 0
763 0
772 0
796 0
836 0
863 0
899 0
914 0
930 0
937 0
955 0
976 0
1012 0
1096 0
1155 0
1227 0
1473 0
1491 0
1566 0
1588 0
1602 0
1616 0
1659 0
1691 0
1714 0
1732 0
1788 0
1810 0
1885 0
1935 0
1944 0
2083 0
2148 0
2239 0
2247 0
2263 0
2279 0
2377 0
2381 0
2422 0
2472 0
2556 0
2580 0
2642 0
2663 0
2749 0
2794 0
2835 0
2848 0
2930 0
2943 0
2973 0
2991 0
3074 0
3131 0
3269 0
3284 0
3334 0
3410 0
3429 0
3488 0
3507 0
3520 0
3563 0
3596 0
3610 0
3633 0
3646 0
3734 0
3742 0
3987 0
4071 0
4126 0
4209 0
4238 0
4259 0
4278 0
4285 0
4316 0
4332 0
4353 0
4383 0
4422 0
4449 0
4469 0
4552 0
4578 0
4660 0
4715 0
4744 0
4791 0
4826 0
4886 0
4908 0
