345 0
359 0
415 0
451 0
542 0
569 0
630 0
652 0
674 0
753 0
790 0
849 0
862 0
896 0
912 0
978 0
1081 0
1107 0
1135 0
1294 0
1327 0
1355 0
1375 0
1414 0
1439 0
1471 0
1552 0
1576 0
1652 0
1672 0
1690 0
1781 0
1826 0
1931 0
1954 0
1960 0
2047 0
2069 0
2088 0
2129 0
2144 0
2215 0
2311 0
2348 0
2369 0
2444 0
2457 0
2497 0
2528 0
2560 0
2662 0
2690 0
2735 0
2766 0
2773 0
2853 0
2861 0
2911 0
3008 0
3066 0
3091 0
3136 0
3152 0
3175 0
3260 0
3265 0
3295 0
3392 0
3440 0
3530 0
3539 0
3562 0
3645 0
3670 0
3750 0
3775 0
3797 0
3856 0
3872 0
3885 0
3915 0
4084 0
4099 0
4134 0
4241 0
4316 0
4332 0
4363 0
4378 0
4428 0
4459 0
4545 0
4572 0
4577 0
4649 0
4690 0
4767 0
4808 0
4848 0
4868 0
