328 0
381 0
402 0
448 0
460 0
495 0
519 0
540 0
602 0
648 0
710 0
724 0
753 0
797 0
834 0
927 0
949 0
953 0
1006 0
1024 0
1061 0
1103 0
1181 0
1223 0
1284 0
1373 0
1399 0
1423 0
1434 0
1483 0
1508 0
1514 0
1609 0
1623 0
1645 0
1705 0
1724 0
1783 0
1837 0
1911 0
2016 0
2051 0
2145 0
2228 0
2250 0
2263 0
2366 0
2418 0
2513 0
2521 0
2595 0
2619 0
2692 0
2717 0
2803 0
2851 0
2947 0
2969 0
2991 0
3062 0
3177 0
3210 0
3306 0
3369 0
3445 0
3494 0
3518 0
3575 0
3598 0
3611 0
3691 0
3709 0
3729 0
3786 0
3800 0
3809 0
3846 0
3942 0
4001 0
4042 0
4130 0
4157 0
4183 0
4209 0
4262 0
4278 0
4299 0
4372 0
4422 0
4464 0
4497 0
4511 0
4564 0
4612 0
4689 0
4697 0
4712 0
4749 0
4768 0
4812 0
4835 0
4889 0
