355 0
381 0
411 0
560 0
571 0
632 0
706 0
725 0
744 0
773 0
818 0
855 0
892 0
953 0
998 0
1070 0
1109 0
1131 0
1179 0
1214 0
1260 0
1308 0
1313 0
1369 0
1390 0
1487 0
1550 0
1718 0
1753 0
1809 0
1851 0
1864 0
1960 0
1997 0
2020 0
2055 0
2068 0
2080 0
2104 0
2122 0
2126 0
2147 0
2184 0
2209 0
2251 0
2270 0
2281 0
2368 0
2427 0
2506 0
2537 0
2565 0
2665 0
2677 0
2712 0
2799 0
2842 0
2929 0
2955 0
2970 0
3022 0
3029 0
3062 0
3081 0
3110 0
3120 0
3138 0
3146 0
3177 0
3199 0
3220 0
3249 0
3357 0
3367 0
3412 0
3464 0
3501 0
3670 0
3725 0
3831 0
3858 0
3901 0
3911 0
3946 0
4007 0
4038 0
4081 0
4105 0
4160 0
4231 0
4256 0
4322 0
4357 0
4396 0
4444 0
4477 0
4504 0
4514 0
4587 0
4650 0
4672 0
4798 0
4841 0
4878 0
