331 0
345 0
373 0
381 0
422 0
454 0
462 0
545 0
613 0
707 0
723 0
750 0
778 0
789 0
856 0
905 0
942 0
999 0
1008 0
1045 0
1060 0
1100 0
1121 0
1154 0
1218 0
1237 0
1273 0
1342 0
1370 0
1510 0
1591 0
1677 0
1698 0
1716 0
1775 0
1828 0
1991 0
2011 0
2060 0
2131 0
2172 0
2180 0
2203 0
2224 0
2229 0
2268 0
2330 0
2348 0
2367 0
2543 0
2580 0
2650 0
2672 0
2852 0
2864 0
2885 0
2953 0
2986 0
3008 0
3016 0
3041 0
3053 0
3078 0
3150 0
3203 0
3224 0
3397 0
3449 0
3518 0
3529 0
3538 0
3629 0
3707 0
3852 0
3880 0
3956 0
3981 0
4000 0
4071 0
4113 0
4128 0
4155 0
4176 0
4205 0
4220 0
4280 0
4313 0
4361 0
4433 0
4440 0
4459 0
4504 0
4506 0
4594 0
4671 0
4752 0
4776 0
4808 0
4833 0
4846 0
4873 0
4889 0
