310 0
347 0
370 0
403 0
410 0
433 0
502 0
554 0
576 0
643 0
674 0
704 0
741 0
750 0
766 0
846 0
961 0
1060 0
1090 0
1138 0
1219 0
1273 0
1302 0
1367 0
1378 0
1408 0
1494 0
1501 0
1524 0
1578 0
1590 0
1599 0
1764 0
1771 0
1786 0
1809 0
1835 0
1846 0
1861 0
1909 0
1933 0
1974 0
2003 0
2056 0
2162 0
2202 0
2251 0
2335 0
2355 0
2435 0
2473 0
2514 0
2705 0
2750 0
2781 0
2868 0
2878 0
2966 0
3018 0
3058 0
3169 0
3223 0
3241 0
3286 0
3299 0
3353 0
3374 0
3396 0
3403 0
3433 0
3440 0
3465 0
3620 0
3628 0
3650 0
3702 0
3721 0
3724 0
3824 0
3839 0
3843 0
3915 0
3957 0
3999 0
4086 0
4117 0
4152 0
4265 0
4382 0
4440 0
4464 0
4477 0
4512 0
4551 0
4584 0
4653 0
4663 0
4716 0
4791 0
4802 0
4814 0
4861 0
4868 0
4897 0
