373 0
378 0
456 0
659 0
669 0
713 0
726 0
787 0
831 0
947 0
1033 0
1048 0
1069 0
1104 0
1125 0
1188 0
1214 0
1260 0
1289 0
1400 0
1424 0
1436 0
1472 0
1495 0
1524 0
1535 0
1566 0
1635 0
1679 0
1691 0
1763 0
1840 0
1864 0
1913 0
2003 0
2007 0
2083 0
2095 0
2138 0
2149 0
2205 0
2224 0
2259 0
2277 0
2364 0
2406 0
2451 0
2481 0
2560 0
2572 0
2588 0
2623 0
2638 0
2668 0
2746 0
2762 0
2816 0
2852 0
2951 0
2965 0
2997 0
3012 0
3073 0
3079 0
3117 0
3137 0
3207 0
3225 0
3302 0
3356 0
3376 0
3466 0
3532 0
3545 0
3580 0
3652 0
3673 0
3700 0
3735 0
3756 0
3783 0
3792 0
3814 0
3929 0
3948 0
4009 0
4039 0
4091 0
4117 0
4157 0
4175 0
4190 0
4268 0
4388 0
4421 0
4498 0
4510 0
4552 0
4565 0
4776 0
4837 0
4848 0
