407 0
440 0
463 0
534 0
549 0
671 0
693 0
721 0
758 0
815 0
818 0
978 0
989 0
1033 0
1045 0
1069 0
1087 0
1123 0
1223 0
1245 0
1277 0
1323 0
1397 0
1420 0
1482 0
1509 0
1580 0
1591 0
1637 0
1714 0
1778 0
1824 0
1884 0
1919 0
1934 0
1978 0
2010 0
2056 0
2059 0
2100 0
2129 0
2162 0
2188 0
2224 0
2352 0
2368 0
2384 0
2498 0
2545 0
2559 0
2582 0
2592 0
2633 0
2647 0
2656 0
2671 0
2730 0
2833 0
2844 0
2859 0
2994 0
3042 0
3054 0
3078 0
3118 0
3157 0
3171 0
3199 0
3231 0
3292 0
3311 0
3337 0
3398 0
3442 0
3518 0
3582 0
3628 0
3647 0
3707 0
3736 0
3798 0
3814 0
3904 0
3940 0
3965 0
4007 0
4085 0
4143 0
4158 0
4169 0
4195 0
4217 0
4244 0
4394 0
4414 0
4461 0
4497 0
4528 0
4544 0
4662 0
4678 0
4758 0
4793 0
4813 0
