315 0
351 0
388 0
397 0
430 0
449 0
535 0
556 0
644 0
721 0
753 0
781 0
790 0
860 0
907 0
977 0
996 0
1049 0
1085 0
1152 0
1181 0
1197 0
1287 0
1332 0
1393 0
1416 0
1431 0
1478 0
1579 0
1594 0
1626 0
1661 0
1672 0
1823 0
1862 0
1884 0
1906 0
1936 0
1958 0
1984 0
2022 0
2189 0
2202 0
2220 0
2275 0
2280 0
2426 0
2439 0
2468 0
2532 0
2557 0
2580 0
2648 0
2662 0
2698 0
2746 0
2779 0
2790 0
2940 0
2950 0
3002 0
3014 0
3028 0
3201 0
3231 0
3262 0
3284 0
3314 0
3341 0
3359 0
3396 0
3544 0
3568 0
3594 0
3637 0
3642 0
3741 0
3784 0
3803 0
3831 0
3877 0
3942 0
4023 0
4037 0
4065 0
4137 0
4179 0
4232 0
4241 0
4310 0
4359 0
4429 0
4448 0
4456 0
4500 0
4589 0
4662 0
4689 0
4772 0
4779 0
4822 0
4831 0
4863 0
4902 0
