319 0
406 0
430 0
451 0
500 0
546 0
562 0
603 0
621 0
647 0
674 0
696 0
767 0
812 0
845 0
857 0
1016 0
1031 0
1047 0
1103 0
1145 0
1227 0
1248 0
1296 0
1324 0
1332 0
1386 0
1404 0
1425 0
1492 0
1552 0
1612 0
1638 0
1704 0
1725 0
1861 0
1880 0
1906 0
1969 0
1981 0
1996 0
2019 0
2072 0
2122 0
2155 0
2171 0
2198 0
2231 0
2245 0
2272 0
2389 0
2418 0
2434 0
2495 0
2565 0
2658 0
2724 0
2780 0
2798 0
2833 0
2950 0
2968 0
2980 0
3016 0
3046 0
3074 0
3095 0
3160 0
3210 0
3218 0
3232 0
3260 0
3313 0
3338 0
3356 0
3496 0
3503 0
3580 0
3620 0
3670 0
3736 0
3807 0
3821 0
3840 0
3882 0
3895 0
3917 0
3964 0
3986 0
4075 0
4122 0
4166 0
4197 0
4201 0
4362 0
4371 0
4417 0
4440 0
4527 0
4545 0
4568 0
4601 0
4622 0
4642 0
4661 0
4713 0
4768 0
4787 0
4823 0
4905 0
