372 0
438 0
520 0
613 0
677 0
705 0
775 0
861 0
911 0
925 0
988 0
1008 0
1052 0
1057 0
1153 0
1193 0
1209 0
1270 0
1308 0
1318 0
1350 0
1390 0
1400 0
1432 0
1493 0
1522 0
1589 0
1604 0
1618 0
1650 0
1753 0
1775 0
1793 0
1812 0
1822 0
1937 0
1959 0
2003 0
2012 0
2072 0
2078 0
2118 0
2171 0
2201 0
2224 0
2277 0
2340 0
2369 0
2428 0
2447 0
2492 0
2503 0
2528 0
2698 0
2713 0
2735 0
2784 0
2790 0
2853 0
2874 0
2956 0
3008 0
3010 0
3055 0
3098 0
3131 0
3151 0
3205 0
3219 0
3249 0
3285 0
3399 0
3411 0
3430 0
3444 0
3463 0
3555 0
3596 0
3610 0
3631 0
3705 0
3727 0
3788 0
3811 0
3833 0
3865 0
3900 0
3911 0
3957 0
4004 0
4024 0
4069 0
4157 0
4177 0
4210 0
4230 0
4294 0
4306 0
4367 0
4445 0
4507 0
4546 0
4601 0
4699 0
4781 0
4859 0
