318 0
324 0
342 0
372 0
379 0
451 0
501 0
558 0
605 0
616 0
694 0
759 0
797 0
805 0
979 0
1058 0
1097 0
1146 0
1269 0
1277 0
1307 0
1322 0
1340 0
1387 0
1427 0
1433 0
1522 0
1559 0
1572 0
1602 0
1642 0
1655 0
1770 0
1823 0
1863 0
1917 0
1943 0
1978 0
2055 0
2064 0
2097 0
2141 0
2156 0
2229 0
2248 0
2273 0
2330 0
2437 0
2450 0
2576 0
2594 0
2634 0
2638 0
2766 0
2786 0
2886 0
2948 0
2959 0
2984 0
3076 0
3090 0
3116 0
3149 0
3165 0
3238 0
3274 0
3314 0
3352 0
3387 0
3436 0
3564 0
3574 0
3611 0
3646 0
3656 0
3704 0
3785 0
3796 0
3832 0
3885 0
3903 0
3926 0
3933 0
3959 0
4067 0
4117 0
4161 0
4245 0
4405 0
4426 0
4458 0
4533 0
4603 0
4616 0
4666 0
4724 0
4776 0
4841 0
4857 0
4867 0
4886 0
4910 0
