316 0
325 0
370 0
402 0
434 0
465 0
513 0
532 0
556 0
606 0
645 0
676 0
686 0
814 0
842 0
907 0
933 0
983 0
1106 0
1133 0
1182 0
1273 0
1276 0
1302 0
1355 0
1365 0
1385 0
1400 0
1546 0
1559 0
1582 0
1624 0
1662 0
1676 0
1698 0
1703 0
1804 0
1829 0
1843 0
1925 0
1941 0
1997 0
2054 0
2144 0
2172 0
2191 0
2220 0
2351 0
2435 0
2451 0
2496 0
2522 0
2559 0
2653 0
2693 0
2732 0
2767 0
2786 0
2870 0
3001 0
3040 0
3055 0
3064 0
3177 0
3220 0
3268 0
3294 0
3367 0
3394 0
3412 0
3511 0
3531 0
3547 0
3554 0
3602 0
3635 0
3671 0
3674 0
3811 0
3834 0
3856 0
3869 0
3918 0
3943 0
3949 0
4035 0
4095 0
4107 0
4247 0
4292 0
4303 0
4381 0
4409 0
4531 0
4546 0
4586 0
4623 0
4666 0
4677 0
4706 0
4752 0
4788 0
4826 0
4846 0
4884 0
4899 0
