337 0
389 0
418 0
448 0
475 0
495 0
534 0
570 0
602 0
675 0
807 0
848 0
924 0
945 0
953 0
983 0
1050 0
1065 0
1090 0
1222 0
1228 0
1277 0
1319 0
1351 0
1429 0
1486 0
1562 0
1610 0
1637 0
1680 0
1771 0
1814 0
1825 0
1884 0
1889 0
1996 0
2051 0
2073 0
2129 0
2150 0
2161 0
2233 0
2254 0
2307 0
2361 0
2393 0
2426 0
2493 0
2517 0
2536 0
2590 0
2620 0
2684 0
2700 0
2736 0
2797 0
2829 0
2861 0
2913 0
2965 0
2978 0
3048 0
3062 0
3090 0
3159 0
3177 0
3224 0
3316 0
3340 0
3393 0
3404 0
3446 0
3552 0
3579 0
3609 0
3662 0
3726 0
3778 0
3860 0
3906 0
3936 0
3983 0
4007 0
4119 0
4154 0
4179 0
4249 0
4258 0
4278 0
4287 0
4371 0
4414 0
4542 0
4615 0
4650 0
4678 0
4714 0
4754 0
4775 0
4798 0
4840 0
4885 0
