332 0
345 0
415 0
503 0
525 0
569 0
608 0
619 0
808 0
832 0
885 0
941 0
957 0
1001 0
1036 0
1040 0
1062 0
1116 0
1250 0
1294 0
1331 0
1367 0
1380 0
1404 0
1425 0
1441 0
1466 0
1499 0
1518 0
1546 0
1590 0
1633 0
1668 0
1697 0
1713 0
1727 0
1767 0
1846 0
1856 0
1885 0
1935 0
2221 0
2230 0
2361 0
2370 0
2381 0
2426 0
2473 0
2492 0
2729 0
2750 0
2798 0
2834 0
2847 0
2857 0
2976 0
3003 0
3288 0
3343 0
3355 0
3382 0
3455 0
3500 0
3503 0
3521 0
3546 0
3578 0
3635 0
3677 0
3705 0
3709 0
3751 0
3777 0
3797 0
3824 0
3834 0
3850 0
3877 0
3925 0
3974 0
4107 0
4152 0
4179 0
4188 0
4223 0
4266 0
4280 0
4327 0
4401 0
4416 0
4598 0
4619 0
4643 0
4696 0
4722 0
4805 0
4877 0
4895 0
