373 0
405 0
448 0
463 0
491 0
515 0
538 0
545 0
622 0
648 0
740 0
753 0
794 0
802 0
831 0
936 0
963 0
991 0
1023 0
1045 0
1118 0
1128 0
1176 0
1212 0
1344 0
1376 0
1408 0
1440 0
1586 0
1640 0
1730 0
1821 0
1866 0
1899 0
1978 0
2004 0
2016 0
2140 0
2148 0
2162 0
2186 0
2202 0
2212 0
2255 0
2378 0
2413 0
2440 0
2459 0
2489 0
2547 0
2579 0
2592 0
2628 0
2642 0
2674 0
2734 0
2762 0
2784 0
2809 0
2855 0
2970 0
2999 0
3024 0
3030 0
3057 0
3063 0
3086 0
3209 0
3227 0
3233 0
3321 0
3351 0
3394 0
3493 0
3583 0
3622 0
3779 0
3822 0
3855 0
3865 0
3998 0
4045 0
4083 0
4108 0
4167 0
4197 0
4217 0
4258 0
4273 0
4396 0
4407 0
4423 0
4470 0
4479 0
4557 0
4592 0
4674 0
4687 0
4701 0
4737 0
4744 0
4774 0
4814 0
4860 0
