359 0
443 0
482 0
520 0
535 0
577 0
613 0
661 0
667 0
687 0
717 0
739 0
761 0
798 0
801 0
830 0
842 0
893 0
965 0
975 0
1042 0
1181 0
1218 0
1231 0
1293 0
1474 0
1489 0
1503 0
1607 0
1631 0
1654 0
1680 0
1730 0
1773 0
1844 0
1866 0
1884 0
1924 0
1953 0
1979 0
2015 0
2090 0
2113 0
2135 0
2157 0
2273 0
2281 0
2378 0
2450 0
2496 0
2517 0
2537 0
2577 0
2646 0
2681 0
2688 0
2730 0
2770 0
2852 0
2937 0
2951 0
3066 0
3082 0
3096 0
3144 0
3211 0
3244 0
3280 0
3294 0
3335 0
3353 0
3375 0
3442 0
3501 0
3541 0
3568 0
3598 0
3613 0
3710 0
3725 0
3754 0
3925 0
3985 0
3996 0
4033 0
4172 0
4245 0
4256 0
4320 0
4384 0
4390 0
4409 0
4429 0
4468 0
4487 0
4493 0
4532 0
4552 0
4564 0
4601 0
4643 0
4680 0
4705 0
4727 0
4768 0
4861 0
