325 0
377 0
422 0
466 0
489 0
503 0
616 0
692 0
708 0
780 0
849 0
894 0
933 0
976 0
991 0
1040 0
1066 0
1080 0
1092 0
1111 0
1135 0
1216 0
1231 0
1260 0
1323 0
1406 0
1429 0
1504 0
1609 0
1662 0
1667 0
1687 0
1806 0
1849 0
1869 0
1946 0
1983 0
2013 0
2070 0
2161 0
2250 0
2269 0
2283 0
2298 0
2352 0
2374 0
2401 0
2477 0
2504 0
2547 0
2593 0
2623 0
2678 0
2706 0
2750 0
2812 0
2841 0
2864 0
2908 0
2936 0
2947 0
2971 0
3059 0
3160 0
3211 0
3233 0
3272 0
3362 0
3370 0
3409 0
3529 0
3544 0
3554 0
3616 0
3711 0
3782 0
3820 0
3903 0
3950 0
3983 0
4004 0
4085 0
4099 0
4125 0
4138 0
4162 0
4178 0
4225 0
4234 0
4287 0
4333 0
4379 0
4438 0
4517 0
4524 0
4601 0
4720 0
4741 0
4755 0
4799 0
4831 0
4886 0
