307 0
326 0
362 0
461 0
480 0
524 0
571 0
641 0
679 0
718 0
754 0
779 0
836 0
898 0
908 0
982 0
1009 0
1035 0
1053 0
1148 0
1226 0
1297 0
1334 0
1369 0
1383 0
1395 0
1505 0
1596 0
1599 0
1678 0
1814 0
1824 0
1873 0
1901 0
2019 0
2082 0
2144 0
2186 0
2206 0
2272 0
2300 0
2334 0
2359 0
2367 0
2408 0
2424 0
2443 0
2491 0
2507 0
2581 0
2641 0
2718 0
2724 0
2785 0
2790 0
2813 0
2844 0
2872 0
2874 0
2916 0
2954 0
3017 0
3028 0
3061 0
3142 0
3204 0
3328 0
3348 0
3388 0
3409 0
3540 0
3620 0
3630 0
3713 0
3813 0
3828 0
3849 0
3885 0
3923 0
3980 0
4065 0
4170 0
4192 0
4211 0
4242 0
4312 0
4324 0
4370 0
4443 0
4470 0
4490 0
4554 0
4581 0
4656 0
4701 0
4730 0
4756 0
4846 0
4889 0
4903 0
