429 0
457 0
470 0
507 0
549 0
567 0
605 0
627 0
647 0
723 0
734 0
810 0
854 0
929 0
959 0
983 0
989 0
1015 0
1063 0
1103 0
1219 0
1228 0
1288 0
1293 0
1368 0
1393 0
1473 0
1522 0
1542 0
1563 0
1621 0
1636 0
1652 0
1684 0
1755 0
1778 0
1800 0
1814 0
1824 0
1883 0
1935 0
1979 0
2082 0
2098 0
2128 0
2170 0
2198 0
2270 0
2309 0
2438 0
2491 0
2582 0
2647 0
2721 0
2784 0
2923 0
2947 0
3020 0
3045 0
3080 0
3112 0
3143 0
3234 0
3294 0
3341 0
3384 0
3414 0
3419 0
3446 0
3467 0
3521 0
3568 0
3577 0
3599 0
3661 0
3682 0
3702 0
3743 0
3830 0
3843 0
3918 0
3931 0
3987 0
4007 0
4125 0
4158 0
4211 0
4217 0
4246 0
4255 0
4288 0
4364 0
4411 0
4478 0
4494 0
4566 0
4601 0
4622 0
4656 0
4667 0
4717 0
4747 0
4762 0
4787 0
