325 0
373 0
386 0
398 0
423 0
468 0
477 0
537 0
549 0
574 0
667 0
683 0
713 0
792 0
800 0
818 0
909 0
953 0
997 0
1053 0
1100 0
1191 0
1217 0
1305 0
1337 0
1391 0
1401 0
1468 0
1670 0
1684 0
1702 0
1720 0
1797 0
1847 0
1903 0
1930 0
1939 0
2050 0
2071 0
2117 0
2130 0
2160 0
2223 0
2229 0
2290 0
2334 0
2353 0
2382 0
2418 0
2441 0
2528 0
2546 0
2566 0
2667 0
2675 0
2700 0
2778 0
2800 0
2824 0
2865 0
2878 0
2929 0
2991 0
3000 0
3056 0
3083 0
3103 0
3160 0
3174 0
3275 0
3291 0
3321 0
3369 0
3425 0
3488 0
3518 0
3528 0
3544 0
3741 0
3813 0
3826 0
3880 0
3919 0
4009 0
4028 0
4125 0
4167 0
4228 0
4256 0
4302 0
4400 0
4410 0
4425 0
4507 0
4538 0
4547 0
4657 0
4664 0
4677 0
4735 0
4755 0
4809 0
4822 0
4833 0
4853 0
4882 0
