309 0
330 0
358 0
386 0
472 0
485 0
499 0
518 0
668 0
707 0
766 0
793 0
822 0
847 0
886 0
917 0
975 0
1016 0
1034 0
1092 0
1148 0
1218 0
1238 0
1256 0
1279 0
1515 0
1596 0
1607 0
1629 0
1686 0
1713 0
1794 0
1846 0
1865 0
1934 0
1945 0
1976 0
2017 0
2209 0
2220 0
2249 0
2269 0
2376 0
2413 0
2432 0
2451 0
2476 0
2497 0
2524 0
2542 0
2594 0
2627 0
2685 0
2689 0
2728 0
2747 0
2759 0
2782 0
2809 0
2853 0
2949 0
2964 0
3008 0
3023 0
3209 0
3233 0
3268 0
3296 0
3350 0
3372 0
3429 0
3517 0
3524 0
3598 0
3611 0
3629 0
3702 0
3932 0
3976 0
3981 0
4008 0
4074 0
4121 0
4191 0
4200 0
4235 0
4309 0
4330 0
4372 0
4390 0
4434 0
4442 0
4513 0
4548 0
4701 0
4722 0
4727 0
4749 0
4840 0
4860 0
4889 0
4900 0
