325 0
366 0
401 0
455 0
471 0
513 0
605 0
624 0
660 0
712 0
722 0
767 0
785 0
931 0
940 0
955 0
973 0
1063 0
1115 0
1129 0
1176 0
1276 0
1410 0
1415 0
1430 0
1466 0
1498 0
1525 0
1570 0
1582 0
1609 0
1640 0
1686 0
1762 0
1777 0
1805 0
1829 0
1857 0
1899 0
1952 0
2048 0
2072 0
2079 0
2233 0
2399 0
2459 0
2469 0
2485 0
2532 0
2597 0
2633 0
2690 0
2733 0
2747 0
2770 0
2810 0
2986 0
3135 0
3161 0
3177 0
3272 0
3327 0
3355 0
3384 0
3410 0
3448 0
3462 0
3530 0
3586 0
3613 0
3628 0
3651 0
3693 0
3711 0
3743 0
3783 0
3802 0
3820 0
3934 0
4045 0
4088 0
4098 0
4153 0
4243 0
4259 0
4274 0
4288 0
4427 0
4452 0
4493 0
4506 0
4558 0
4601 0
4616 0
4696 0
4746 0
4776 0
4826 0
4851 0
4889 0
