317 0
392 0
416 0
473 0
479 0
533 0
559 0
597 0
625 0
683 0
703 0
756 0
769 0
845 0
851 0
981 0
1014 0
1086 0
1125 0
1141 0
1254 0
1296 0
1310 0
1328 0
1369 0
1475 0
1494 0
1525 0
1533 0
1553 0
1565 0
1639 0
1651 0
1676 0
1756 0
1775 0
1799 0
1813 0
1862 0
1893 0
2002 0
2084 0
2112 0
2161 0
2190 0
2232 0
2251 0
2338 0
2347 0
2365 0
2436 0
2463 0
2592 0
2628 0
2756 0
2777 0
2851 0
2864 0
2889 0
2962 0
2990 0
3027 0
3051 0
3108 0
3138 0
3221 0
3318 0
3359 0
3401 0
3430 0
3436 0
3457 0
3541 0
3561 0
3572 0
3651 0
3671 0
3673 0
3703 0
3727 0
3749 0
3843 0
3878 0
3907 0
3925 0
3977 0
4067 0
4086 0
4141 0
4206 0
4247 0
4353 0
4379 0
4453 0
4467 0
4510 0
4524 0
4599 0
4619 0
4669 0
4691 0
4734 0
4758 0
4795 0
4820 0
4909 0
