338 0
387 0
413 0
462 0
497 0
522 0
571 0
605 0
654 0
674 0
687 0
698 0
723 0
762 0
835 0
853 0
895 0
907 0
920 0
1030 0
1076 0
1137 0
1146 0
1251 0
1262 0
1385 0
1400 0
1422 0
1506 0
1526 0
1552 0
1571 0
1617 0
1650 0
1712 0
1769 0
1801 0
1821 0
1882 0
1908 0
1953 0
1958 0
2042 0
2080 0
2190 0
2220 0
2374 0
2383 0
2429 0
2440 0
2449 0
2515 0
2581 0
2592 0
2624 0
2646 0
2715 0
2761 0
2780 0
2801 0
2823 0
2855 0
3001 0
3033 0
3139 0
3167 0
3254 0
3279 0
3300 0
3337 0
3389 0
3429 0
3443 0
3505 0
3554 0
3595 0
3649 0
3670 0
3696 0
3708 0
3799 0
3823 0
3836 0
3953 0
3963 0
4066 0
4092 0
4140 0
4190 0
4288 0
4311 0
4320 0
4359 0
4379 0
4469 0
4500 0
4513 0
4536 0
4550 0
4565 0
4613 0
4654 0
4701 0
4725 0
4755 0
4809 0
4831 0
4886 0
