322 0
335 0
397 0
433 0
532 0
626 0
636 0
666 0
712 0
730 0
732 0
759 0
775 0
788 0
852 0
895 0
902 0
950 0
956 0
993 0
1016 0
1028 0
1053 0
1056 0
1074 0
1098 0
1128 0
1179 0
1220 0
1268 0
1293 0
1321 0
1333 0
1436 0
1466 0
1555 0
1596 0
1601 0
1616 0
1680 0
1685 0
1728 0
1766 0
1927 0
1976 0
2002 0
2022 0
2099 0
2121 0
2146 0
2165 0
2221 0
2241 0
2268 0
2374 0
2423 0
2443 0
2462 0
2486 0
2539 0
2558 0
2570 0
2585 0
2623 0
2648 0
2656 0
2680 0
2726 0
2761 0
2785 0
2791 0
2848 0
2949 0
2984 0
2996 0
3056 0
3070 0
3095 0
3116 0
3205 0
3220 0
3233 0
3292 0
3464 0
3495 0
3535 0
3537 0
3589 0
3609 0
3632 0
3670 0
3744 0
3788 0
3889 0
3902 0
3914 0
3949 0
4005 0
4032 0
4088 0
4127 0
4141 0
4162 0
4170 0
4186 0
4215 0
4219 0
4265 0
4278 0
4303 0
4330 0
4353 0
4426 0
4440 0
4470 0
4473 0
4498 0
4517 0
4550 0
4586 0
4597 0
4677 0
4783 0
4825 0
4888 0
4901 0
