322 0
366 0
382 0
398 0
427 0
443 0
539 0
602 0
618 0
654 0
770 0
815 0
861 0
902 0
982 0
992 0
1027 0
1070 0
1252 0
1273 0
1308 0
1334 0
1349 0
1384 0
1412 0
1465 0
1524 0
1535 0
1582 0
1692 0
1715 0
1733 0
1791 0
1840 0
1930 0
2104 0
2166 0
2204 0
2212 0
2248 0
2271 0
2300 0
2334 0
2361 0
2394 0
2403 0
2430 0
2459 0
2503 0
2523 0
2597 0
2630 0
2699 0
2711 0
2759 0
2789 0
2820 0
2836 0
2865 0
2883 0
2921 0
2952 0
2964 0
3001 0
3019 0
3055 0
3112 0
3283 0
3377 0
3421 0
3486 0
3506 0
3532 0
3630 0
3688 0
3700 0
3755 0
3796 0
3829 0
3860 0
3892 0
3912 0
3954 0
3970 0
4160 0
4196 0
4232 0
4246 0
4307 0
4361 0
4404 0
4448 0
4569 0
4592 0
4611 0
4687 0
4766 0
4792 0
4825 0
4832 0
4854 0
4897 0
