322 0
338 0
371 0
394 0
450 0
480 0
506 0
534 0
620 0
724 0
753 0
772 0
788 0
914 0
920 0
967 0
1002 0
1012 0
1032 0
1057 0
1182 0
1227 0
1259 0
1336 0
1359 0
1486 0
1514 0
1572 0
1634 0
1664 0
1682 0
1710 0
1723 0
1772 0
1800 0
1882 0
1903 0
1973 0
2048 0
2087 0
2112 0
2144 0
2200 0
2221 0
2275 0
2341 0
2349 0
2389 0
2421 0
2554 0
2586 0
2624 0
2660 0
2800 0
2837 0
2858 0
2880 0
2953 0
3000 0
3012 0
3062 0
3101 0
3139 0
3171 0
3239 0
3317 0
3337 0
3427 0
3442 0
3490 0
3513 0
3538 0
3560 0
3576 0
3646 0
3701 0
3736 0
3873 0
3881 0
3954 0
3984 0
4037 0
4152 0
4188 0
4206 0
4219 0
4251 0
4286 0
4313 0
4428 0
4449 0
4464 0
4490 0
4599 0
4676 0
4711 0
4737 0
4763 0
4820 0
4850 0
4886 0
4912 0
