339 0
369 0
379 0
395 0
455 0
465 0
529 0
664 0
690 0
700 0
985 0
997 0
1029 0
1039 0
1076 0
1145 0
1194 0
1213 0
1266 0
1375 0
1384 0
1404 0
1437 0
1519 0
1537 0
1572 0
1650 0
1695 0
1731 0
1778 0
1845 0
1855 0
1907 0
1937 0
1961 0
2055 0
2058 0
2128 0
2254 0
2286 0
2306 0
2341 0
2387 0
2401 0
2415 0
2492 0
2518 0
2553 0
2572 0
2641 0
2655 0
2702 0
2727 0
2797 0
2817 0
2824 0
2878 0
2908 0
2936 0
2969 0
3081 0
3155 0
3177 0
3263 0
3294 0
3304 0
3364 0
3368 0
3443 0
3498 0
3534 0
3556 0
3646 0
3688 0
3703 0
3783 0
3818 0
3829 0
3857 0
3945 0
4009 0
4015 0
4069 0
4139 0
4175 0
4195 0
4221 0
4236 0
4521 0
4533 0
4548 0
4683 0
4748 0
4763 0
4821 0
4835 0
4849 0
4880 0
