368 0
389 0
415 0
461 0
477 0
599 0
638 0
776 0
787 0
886 0
924 0
998 0
1064 0
1074 0
1127 0
1239 0
1266 0
1286 0
1318 0
1347 0
1408 0
1412 0
1468 0
1492 0
1510 0
1574 0
1660 0
1707 0
1720 0
1756 0
1777 0
1944 0
1966 0
1980 0
2019 0
2052 0
2085 0
2098 0
2111 0
2127 0
2226 0
2309 0
2354 0
2425 0
2445 0
2461 0
2559 0
2569 0
2589 0
2627 0
2638 0
2659 0
2764 0
2775 0
2793 0
2869 0
2921 0
3004 0
3080 0
3095 0
3121 0
3132 0
3173 0
3197 0
3234 0
3249 0
3277 0
3442 0
3463 0
3493 0
3507 0
3554 0
3644 0
3722 0
3737 0
3755 0
3795 0
3823 0
3875 0
3907 0
3930 0
3956 0
3983 0
4086 0
4136 0
4157 0
4229 0
4299 0
4322 0
4422 0
4443 0
4585 0
4623 0
4739 0
4746 0
4808 0
4843 0
4853 0
