322 0
324 0
431 0
470 0
488 0
542 0
618 0
637 0
657 0
687 0
706 0
730 0
795 0
899 0
927 0
940 0
972 0
1007 0
1096 0
1132 0
1246 0
1259 0
1324 0
1336 0
1427 0
1529 0
1542 0
1589 0
1611 0
1620 0
1714 0
1773 0
1798 0
1840 0
1948 0
1981 0
1995 0
2080 0
2124 0
2135 0
2217 0
2249 0
2298 0
2331 0
2436 0
2505 0
2534 0
2561 0
2571 0
2600 0
2624 0
2651 0
2667 0
2678 0
2711 0
2784 0
2887 0
2919 0
2972 0
2998 0
3093 0
3102 0
3141 0
3215 0
3231 0
3277 0
3377 0
3422 0
3446 0
3506 0
3598 0
3614 0
3622 0
3679 0
3692 0
3798 0
3880 0
3906 0
3953 0
3975 0
4095 0
4116 0
4215 0
4246 0
4276 0
4291 0
4319 0
4426 0
4495 0
4507 0
4527 0
4568 0
4587 0
4601 0
4678 0
4738 0
4757 0
4781 0
4881 0
4906 0
