372 0
395 0
415 0
499 0
598 0
658 0
710 0
720 0
758 0
820 0
927 0
1066 0
1082 0
1102 0
1138 0
1146 0
1208 0
1238 0
1246 0
1283 0
1390 0
1420 0
1478 0
1483 0
1507 0
1552 0
1566 0
1591 0
1640 0
1663 0
1726 0
1778 0
1790 0
1950 0
1983 0
2049 0
2069 0
2172 0
2192 0
2196 0
2251 0
2286 0
2337 0
2360 0
2413 0
2423 0
2514 0
2520 0
2553 0
2594 0
2623 0
2664 0
2689 0
2713 0
2790 0
2813 0
2870 0
2877 0
2932 0
2968 0
3025 0
3035 0
3054 0
3158 0
3165 0
3243 0
3279 0
3429 0
3444 0
3489 0
3560 0
3583 0
3635 0
3650 0
3660 0
3708 0
3729 0
3751 0
3797 0
3834 0
3928 0
3963 0
3993 0
4011 0
4064 0
4096 0
4119 0
4133 0
4159 0
4292 0
4390 0
4457 0
4495 0
4519 0
4566 0
4620 0
4721 0
4799 0
4822 0
4847 0
