308 0
337 0
384 0
428 0
518 0
555 0
562 0
652 0
687 0
773 0
888 0
945 0
994 0
1018 0
1025 0
1051 0
1067 0
1073 0
1181 0
1233 0
1288 0
1364 0
1396 0
1431 0
1471 0
1500 0
1562 0
1621 0
1646 0
1684 0
1702 0
1724 0
1817 0
1830 0
1837 0
1883 0
1920 0
1964 0
1982 0
2001 0
2012 0
2060 0
2116 0
2222 0
2234 0
2249 0
2277 0
2391 0
2404 0
2437 0
2581 0
2648 0
2779 0
2814 0
2834 0
2948 0
2961 0
2977 0
3004 0
3108 0
3158 0
3208 0
3214 0
3239 0
3252 0
3314 0
3339 0
3370 0
3393 0
3406 0
3495 0
3504 0
3534 0
3575 0
3588 0
3661 0
3713 0
3749 0
3777 0
3813 0
3848 0
3929 0
3992 0
4040 0
4145 0
4158 0
4168 0
4191 0
4203 0
4221 0
4269 0
4326 0
4445 0
4525 0
4557 0
4642 0
4673 0
4708 0
4786 0
4836 0
4885 0
4906 0
