320 0
325 0
418 0
502 0
523 0
547 0
623 0
661 0
710 0
730 0
771 0
783 0
820 0
847 0
888 0
945 0
963 0
984 0
1011 0
1025 0
1117 0
1141 0
1202 0
1263 0
1281 0
1350 0
1370 0
1534 0
1579 0
1605 0
1643 0
1652 0
1672 0
1827 0
1849 0
1864 0
1873 0
1910 0
1926 0
1970 0
2013 0
2085 0
2096 0
2135 0
2197 0
2225 0
2229 0
2247 0
2290 0
2375 0
2558 0
2658 0
2840 0
2925 0
2970 0
2984 0
2996 0
3025 0
3087 0
3122 0
3131 0
3199 0
3263 0
3292 0
3299 0
3338 0
3351 0
3370 0
3398 0
3550 0
3558 0
3572 0
3614 0
3641 0
3688 0
3845 0
3873 0
3936 0
3956 0
4016 0
4064 0
4111 0
4195 0
4209 0
4235 0
4257 0
4275 0
4321 0
4372 0
4395 0
4430 0
4445 0
4504 0
4519 0
4558 0
4595 0
4668 0
4700 0
4724 0
4795 0
4895 0
4910 0
