330 0
360 0
409 0
446 0
523 0
538 0
575 0
605 0
634 0
667 0
699 0
725 0
836 0
932 0
936 0
958 0
984 0
991 0
1010 0
1053 0
1149 0
1223 0
1261 0
1306 0
1318 0
1375 0
1389 0
1416 0
1468 0
1482 0
1523 0
1548 0
1571 0
1612 0
1630 0
1640 0
1653 0
1675 0
1792 0
1847 0
1863 0
1957 0
1984 0
2237 0
2303 0
2337 0
2400 0
2416 0
2435 0
2464 0
2476 0
2523 0
2555 0
2662 0
2701 0
2750 0
2756 0
2779 0
2797 0
2817 0
2884 0
2921 0
2976 0
3234 0
3259 0
3350 0
3382 0
3424 0
3547 0
3569 0
3580 0
3601 0
3612 0
3645 0
3659 0
3694 0
3735 0
3749 0
3805 0
3831 0
3847 0
3895 0
3923 0
3951 0
4010 0
4074 0
4178 0
4215 0
4219 0
4247 0
4255 0
4275 0
4290 0
4382 0
4503 0
4517 0
4545 0
4582 0
4612 0
4657 0
4690 0
4697 0
4761 0
4804 0
4852 0
4893 0
