359 0
414 0
449 0
525 0
539 0
602 0
616 0
652 0
672 0
716 0
758 0
778 0
813 0
817 0
836 0
866 0
893 0
917 0
926 0
936 0
967 0
983 0
996 0
1023 0
1048 0
1093 0
1112 0
1143 0
1187 0
1203 0
1266 0
1276 0
1308 0
1352 0
1388 0
1434 0
1464 0
1493 0
1529 0
1624 0
1660 0
1674 0
1792 0
1827 0
1888 0
1927 0
1952 0
2068 0
2075 0
2099 0
2110 0
2131 0
2155 0
2168 0
2188 0
2208 0
2217 0
2335 0
2355 0
2384 0
2411 0
2478 0
2579 0
2636 0
2741 0
2818 0
2829 0
2872 0
2875 0
2997 0
3021 0
3032 0
3059 0
3064 0
3078 0
3101 0
3124 0
3143 0
3154 0
3274 0
3282 0
3322 0
3398 0
3422 0
3543 0
3569 0
3589 0
3701 0
3724 0
3750 0
3787 0
3828 0
3869 0
3924 0
3935 0
3949 0
4023 0
4041 0
4064 0
4107 0
4128 0
4174 0
4190 0
4223 0
4249 0
4254 0
4270 0
4297 0
4306 0
4333 0
4363 0
4371 0
4390 0
4412 0
4450 0
4457 0
4498 0
4551 0
4562 0
4597 0
4615 0
4691 0
4697 0
4771 0
4807 0
4855 0
