312 0
324 0
366 0
381 0
403 0
565 0
632 0
648 0
722 0
805 0
827 0
914 0
954 0
974 0
1000 0
1151 0
1183 0
1212 0
1256 0
1264 0
1303 0
1390 0
1484 0
1546 0
1596 0
1609 0
1617 0
1635 0
1678 0
1687 0
1725 0
1771 0
1858 0
1934 0
1986 0
2015 0
2086 0
2139 0
2144 0
2192 0
2216 0
2266 0
2302 0
2386 0
2455 0
2479 0
2490 0
2508 0
2521 0
2565 0
2570 0
2642 0
2658 0
2696 0
2718 0
2731 0
2739 0
2759 0
2830 0
2921 0
2956 0
2999 0
3039 0
3071 0
3093 0
3140 0
3207 0
3231 0
3290 0
3353 0
3449 0
3497 0
3528 0
3544 0
3571 0
3591 0
3607 0
3627 0
3674 0
3733 0
3829 0
3925 0
3946 0
3968 0
4004 0
4042 0
4072 0
4217 0
4238 0
4253 0
4305 0
4396 0
4418 0
4500 0
4561 0
4579 0
4644 0
4819 0
4834 0
4847 0
4891 0
4897 0
