335 0
356 0
447 0
477 0
507 0
521 0
534 0
718 0
744 0
788 0
828 0
849 0
855 0
886 0
940 0
1004 0
1083 0
1091 0
1176 0
1342 0
1358 0
1391 0
1412 0
1475 0
1534 0
1569 0
1606 0
1634 0
1727 0
1763 0
1861 0
1910 0
1983 0
2002 0
2022 0
2062 0
2098 0
2144 0
2169 0
2206 0
2238 0
2270 0
2310 0
2354 0
2373 0
2381 0
2459 0
2474 0
2489 0
2539 0
2572 0
2650 0
2677 0
2736 0
2749 0
2768 0
2824 0
2844 0
2866 0
2908 0
2946 0
2985 0
3024 0
3054 0
3064 0
3124 0
3157 0
3206 0
3222 0
3242 0
3302 0
3357 0
3458 0
3496 0
3575 0
3606 0
3650 0
3675 0
3749 0
3795 0
3834 0
3867 0
3886 0
4030 0
4116 0
4136 0
4206 0
4283 0
4330 0
4357 0
4375 0
4394 0
4433 0
4485 0
4491 0
4682 0
4704 0
4718 0
4728 0
4763 0
4868 0
4894 0
