314 0
398 0
462 0
540 0
558 0
566 0
604 0
634 0
684 0
856 0
891 0
904 0
947 0
958 0
994 0
1008 0
1035 0
1126 0
1155 0
1183 0
1226 0
1290 0
1293 0
1369 0
1385 0
1466 0
1494 0
1506 0
1519 0
1539 0
1552 0
1631 0
1673 0
1730 0
1796 0
1867 0
1950 0
1965 0
2008 0
2098 0
2126 0
2154 0
2181 0
2212 0
2238 0
2267 0
2281 0
2348 0
2404 0
2474 0
2572 0
2651 0
2751 0
2806 0
2863 0
2929 0
2953 0
2976 0
2998 0
3041 0
3068 0
3093 0
3120 0
3198 0
3262 0
3280 0
3353 0
3422 0
3486 0
3546 0
3600 0
3669 0
3687 0
3692 0
3722 0
3731 0
3751 0
3834 0
3855 0
3914 0
3929 0
3992 0
4044 0
4066 0
4081 0
4194 0
4215 0
4229 0
4257 0
4273 0
4311 0
4327 0
4367 0
4533 0
4575 0
4619 0
4654 0
4662 0
4691 0
4744 0
4819 0
4899 0
