335 0
390 0
402 0
438 0
484 0
615 0
635 0
647 0
721 0
838 0
957 0
1001 0
1007 0
1034 0
1048 0
1097 0
1118 0
1151 0
1201 0
1223 0
1259 0
1330 0
1355 0
1385 0
1418 0
1471 0
1492 0
1523 0
1586 0
1686 0
1831 0
1891 0
1951 0
1990 0
2021 0
2077 0
2093 0
2160 0
2221 0
2260 0
2286 0
2336 0
2384 0
2439 0
2487 0
2513 0
2532 0
2539 0
2559 0
2579 0
2597 0
2626 0
2645 0
2656 0
2681 0
2687 0
2712 0
2736 0
2774 0
2824 0
2878 0
2933 0
2965 0
2995 0
3045 0
3123 0
3138 0
3197 0
3218 0
3268 0
3321 0
3397 0
3521 0
3637 0
3696 0
3736 0
3741 0
3795 0
3838 0
3874 0
3882 0
3954 0
4007 0
4014 0
4066 0
4098 0
4125 0
4167 0
4198 0
4207 0
4231 0
4262 0
4371 0
4499 0
4570 0
4574 0
4600 0
4740 0
4780 0
4818 0
4832 0
4885 0
