361 0
379 0
423 0
478 0
562 0
613 0
631 0
654 0
675 0
684 0
770 0
848 0
864 0
893 0
997 0
1023 0
1128 0
1144 0
1213 0
1236 0
1294 0
1325 0
1390 0
1418 0
1493 0
1504 0
1537 0
1552 0
1600 0
1645 0
1723 0
1781 0
1808 0
1821 0
1865 0
1896 0
1954 0
2052 0
2061 0
2096 0
2124 0
2143 0
2162 0
2225 0
2238 0
2252 0
2461 0
2496 0
2511 0
2549 0
2591 0
2632 0
2678 0
2713 0
2725 0
2762 0
2969 0
2979 0
2995 0
3057 0
3076 0
3101 0
3121 0
3147 0
3177 0
3265 0
3327 0
3358 0
3398 0
3405 0
3450 0
3486 0
3577 0
3619 0
3661 0
3677 0
3719 0
3731 0
3801 0
3839 0
3900 0
3915 0
3979 0
4003 0
4070 0
4092 0
4187 0
4227 0
4334 0
4356 0
4375 0
4450 0
4530 0
4540 0
4570 0
4575 0
4602 0
4649 0
4737 0
4806 0
4841 0
4854 0
