416 0
482 0
551 0
604 0
626 0
675 0
853 0
896 0
924 0
967 0
1000 0
1016 0
1039 0
1061 0
1087 0
1109 0
1130 0
1192 0
1324 0
1327 0
1370 0
1383 0
1408 0
1433 0
1497 0
1556 0
1568 0
1587 0
1679 0
1796 0
1826 0
1851 0
1878 0
1890 0
1914 0
1950 0
1957 0
1998 0
2048 0
2076 0
2189 0
2199 0
2273 0
2282 0
2361 0
2387 0
2410 0
2491 0
2501 0
2527 0
2547 0
2556 0
2664 0
2679 0
2687 0
2716 0
2727 0
2808 0
2830 0
2872 0
2928 0
2954 0
3020 0
3040 0
3133 0
3171 0
3219 0
3250 0
3268 0
3313 0
3324 0
3340 0
3371 0
3396 0
3427 0
3550 0
3637 0
3653 0
3656 0
3713 0
3787 0
3823 0
3829 0
3858 0
3879 0
3895 0
4026 0
4089 0
4111 0
4139 0
4152 0
4178 0
4201 0
4232 0
4257 0
4287 0
4329 0
4355 0
4545 0
4591 0
4619 0
4670 0
4737 0
4799 0
