320 0
331 0
352 0
418 0
599 0
618 0
671 0
702 0
727 0
733 0
759 0
777 0
849 0
893 0
925 0
937 0
955 0
1004 0
1028 0
1116 0
1136 0
1227 0
1243 0
1264 0
1314 0
1335 0
1370 0
1385 0
1412 0
1478 0
1557 0
1643 0
1652 0
1681 0
1704 0
1817 0
1835 0
1874 0
1911 0
1929 0
1968 0
1991 0
2064 0
2102 0
2337 0
2368 0
2454 0
2498 0
2553 0
2576 0
2585 0
2625 0
2637 0
2666 0
2736 0
2767 0
2849 0
2884 0
3125 0
3151 0
3223 0
3263 0
3295 0
3300 0
3347 0
3394 0
3409 0
3503 0
3549 0
3563 0
3575 0
3658 0
3742 0
3800 0
3829 0
3848 0
3879 0
3907 0
3957 0
3966 0
3979 0
4083 0
4098 0
4187 0
4210 0
4258 0
4279 0
4288 0
4327 0
4381 0
4439 0
4465 0
4481 0
4495 0
4520 0
4548 0
4595 0
4623 0
4796 0
4875 0
4890 0
4902 0
