462 0
482 0
507 0
539 0
554 0
568 0
618 0
729 0
759 0
777 0
792 0
812 0
908 0
933 0
949 0
980 0
1106 0
1199 0
1220 0
1285 0
1310 0
1328 0
1367 0
1392 0
1493 0
1518 0
1591 0
1607 0
1619 0
1662 0
1698 0
1706 0
1763 0
1769 0
1805 0
1827 0
1857 0
1881 0
2061 0
2106 0
2113 0
2144 0
2205 0
2218 0
2268 0
2305 0
2437 0
2536 0
2561 0
2588 0
2619 0
2660 0
2673 0
2777 0
2920 0
2944 0
3002 0
3014 0
3061 0
3103 0
3118 0
3160 0
3335 0
3359 0
3394 0
3405 0
3438 0
3460 0
3517 0
3521 0
3564 0
3590 0
3610 0
3628 0
3703 0
3739 0
3833 0
3845 0
3888 0
3895 0
3932 0
3999 0
4019 0
4103 0
4248 0
4276 0
4292 0
4315 0
4414 0
4427 0
4443 0
4470 0
4502 0
4592 0
4645 0
4661 0
4691 0
4723 0
4727 0
4758 0
