312 0
333 0
386 0
406 0
434 0
444 0
470 0
549 0
569 0
620 0
713 0
751 0
771 0
789 0
810 0
825 0
898 0
1069 0
1091 0
1188 0
1265 0
1278 0
1321 0
1370 0
1442 0
1517 0
1541 0
1621 0
1665 0
1668 0
1697 0
1701 0
1727 0
1797 0
1817 0
1829 0
1837 0
1861 0
1949 0
1961 0
1979 0
1993 0
2048 0
2071 0
2273 0
2387 0
2406 0
2420 0
2436 0
2518 0
2690 0
2773 0
2793 0
2806 0
2831 0
2945 0
3147 0
3163 0
3219 0
3231 0
3261 0
3279 0
3353 0
3375 0
3395 0
3405 0
3433 0
3490 0
3515 0
3521 0
3545 0
3569 0
3598 0
3686 0
3699 0
3777 0
3855 0
3908 0
3937 0
3955 0
4038 0
4120 0
4164 0
4325 0
4397 0
4408 0
4428 0
4447 0
4461 0
4521 0
4593 0
4648 0
4673 0
4755 0
4764 0
4780 0
4825 0
4837 0
4887 0
4912 0
