355 0
435 0
455 0
504 0
536 0
575 0
596 0
641 0
674 0
751 0
775 0
806 0
835 0
858 0
887 0
940 0
977 0
990 0
1015 0
1053 0
1080 0
1233 0
1280 0
1295 0
1338 0
1344 0
1438 0
1481 0
1500 0
1571 0
1693 0
1726 0
1764 0
1805 0
1885 0
1914 0
1961 0
2003 0
2046 0
2116 0
2137 0
2143 0
2213 0
2299 0
2347 0
2370 0
2411 0
2452 0
2474 0
2514 0
2522 0
2597 0
2630 0
2696 0
2709 0
2751 0
2770 0
2820 0
2847 0
2869 0
2915 0
3003 0
3064 0
3082 0
3095 0
3168 0
3227 0
3249 0
3301 0
3338 0
3411 0
3466 0
3490 0
3530 0
3645 0
3708 0
3724 0
3788 0
3864 0
3886 0
3913 0
3942 0
3991 0
4137 0
4177 0
4200 0
4229 0
4242 0
4281 0
4325 0
4361 0
4376 0
4416 0
4441 0
4468 0
4544 0
4579 0
4609 0
4651 0
4680 0
4722 0
4762 0
4788 0
4878 0
