321 0
343 0
413 0
553 0
605 0
641 0
669 0
717 0
769 0
893 0
942 0
962 0
971 0
1069 0
1125 0
1150 0
1218 0
1232 0
1256 0
1304 0
1325 0
1350 0
1365 0
1558 0
1574 0
1589 0
1631 0
1687 0
1756 0
1835 0
1871 0
1901 0
1906 0
1942 0
1966 0
2001 0
2016 0
2048 0
2183 0
2204 0
2211 0
2258 0
2276 0
2357 0
2394 0
2495 0
2531 0
2534 0
2566 0
2590 0
2632 0
2653 0
2675 0
2695 0
2735 0
2834 0
2869 0
2950 0
2968 0
3000 0
3015 0
3042 0
3167 0
3199 0
3228 0
3263 0
3268 0
3299 0
3322 0
3337 0
3396 0
3459 0
3523 0
3598 0
3622 0
3646 0
3658 0
3850 0
3863 0
3902 0
3912 0
3971 0
3985 0
4000 0
4076 0
4082 0
4160 0
4249 0
4257 0
4277 0
4319 0
4442 0
4494 0
4551 0
4586 0
4621 0
4665 0
4799 0
4870 0
4908 0
