307 0
352 0
395 0
416 0
439 0
451 0
508 0
526 0
626 0
681 0
739 0
759 0
770 0
803 0
829 0
865 0
888 0
933 0
1136 0
1147 0
1234 0
1250 0
1269 0
1307 0
1340 0
1345 0
1406 0
1434 0
1465 0
1480 0
1517 0
1557 0
1594 0
1660 0
1699 0
1763 0
1816 0
1839 0
1868 0
1954 0
1968 0
1998 0
2048 0
2115 0
2137 0
2156 0
2194 0
2395 0
2416 0
2529 0
2560 0
2658 0
2690 0
2802 0
2832 0
3018 0
3070 0
3078 0
3099 0
3169 0
3223 0
3256 0
3270 0
3364 0
3379 0
3401 0
3467 0
3532 0
3565 0
3623 0
3662 0
3692 0
3728 0
3749 0
3784 0
3811 0
3868 0
3878 0
3916 0
3955 0
3975 0
3985 0
4072 0
4088 0
4285 0
4330 0
4366 0
4387 0
4416 0
4445 0
4459 0
4475 0
4525 0
4596 0
4704 0
4723 0
4766 0
4784 0
4798 0
4827 0
4865 0
4901 0
