325 0
386 0
432 0
451 0
499 0
511 0
552 0
571 0
606 0
624 0
695 0
702 0
755 0
784 0
830 0
863 0
904 0
932 0
961 0
1007 0
1100 0
1174 0
1231 0
1269 0
1294 0
1329 0
1433 0
1493 0
1600 0
1639 0
1650 0
1699 0
1732 0
1756 0
1786 0
1821 0
1860 0
1880 0
1961 0
2010 0
2042 0
2078 0
2094 0
2113 0
2172 0
2203 0
2238 0
2252 0
2262 0
2393 0
2420 0
2486 0
2531 0
2690 0
2722 0
2793 0
2829 0
2950 0
2973 0
2989 0
3015 0
3054 0
3106 0
3121 0
3132 0
3165 0
3200 0
3258 0
3339 0
3363 0
3391 0
3419 0
3463 0
3497 0
3521 0
3561 0
3575 0
3607 0
3737 0
3783 0
3880 0
3924 0
3959 0
3981 0
4035 0
4128 0
4209 0
4255 0
4297 0
4308 0
4362 0
4402 0
4426 0
4455 0
4514 0
4534 0
4594 0
4618 0
4644 0
4671 0
4697 0
4716 0
4774 0
4783 0
4832 0
4889 0
