313 0
428 0
451 0
489 0
508 0
541 0
550 0
658 0
684 0
698 0
762 0
809 0
829 0
836 0
852 0
931 0
974 0
1000 0
1014 0
1040 0
1140 0
1174 0
1271 0
1320 0
1330 0
1348 0
1386 0
1426 0
1473 0
1529 0
1549 0
1585 0
1606 0
1639 0
1661 0
1672 0
1686 0
1755 0
1770 0
1914 0
1949 0
1970 0
1998 0
2058 0
2145 0
2226 0
2425 0
2453 0
2547 0
2583 0
2596 0
2631 0
2647 0
2677 0
2759 0
2794 0
2993 0
3076 0
3152 0
3219 0
3257 0
3271 0
3307 0
3436 0
3467 0
3535 0
3545 0
3564 0
3582 0
3614 0
3635 0
3657 0
3690 0
3745 0
3804 0
3831 0
3868 0
3887 0
3909 0
3954 0
4043 0
4073 0
4173 0
4215 0
4222 0
4237 0
4293 0
4361 0
4373 0
4391 0
4414 0
4464 0
4517 0
4537 0
4563 0
4674 0
4677 0
4713 0
4729 0
4773 0
4784 0
4902 0
