349 0
381 0
453 0
490 0
614 0
649 0
675 0
708 0
715 0
758 0
885 0
974 0
1061 0
1087 0
1111 0
1141 0
1203 0
1231 0
1266 0
1308 0
1311 0
1341 0
1365 0
1395 0
1432 0
1486 0
1595 0
1677 0
1699 0
1723 0
1795 0
1806 0
1838 0
1869 0
1873 0
1915 0
1936 0
2018 0
2046 0
2109 0
2231 0
2249 0
2305 0
2349 0
2365 0
2402 0
2429 0
2494 0
2558 0
2574 0
2649 0
2663 0
2725 0
2800 0
2808 0
2843 0
2872 0
2920 0
2967 0
2978 0
3104 0
3169 0
3212 0
3287 0
3299 0
3339 0
3357 0
3375 0
3403 0
3427 0
3492 0
3522 0
3537 0
3627 0
3731 0
3776 0
3822 0
3853 0
3888 0
3899 0
3919 0
3954 0
3991 0
4027 0
4078 0
4104 0
4147 0
4162 0
4236 0
4323 0
4456 0
4503 0
4519 0
4540 0
4563 0
4594 0
4733 0
4773 0
4839 0
4864 0
