338 0
358 0
382 0
403 0
480 0
537 0
572 0
649 0
677 0
740 0
750 0
789 0
896 0
923 0
959 0
996 0
1019 0
1057 0
1126 0
1197 0
1290 0
1293 0
1359 0
1424 0
1434 0
1463 0
1541 0
1605 0
1627 0
1642 0
1691 0
1705 0
1719 0
1756 0
1774 0
1939 0
1979 0
2054 0
2102 0
2141 0
2143 0
2199 0
2229 0
2248 0
2276 0
2333 0
2362 0
2365 0
2456 0
2514 0
2561 0
2663 0
2712 0
2770 0
2840 0
2864 0
2888 0
2956 0
2974 0
2979 0
3021 0
3074 0
3083 0
3124 0
3165 0
3242 0
3277 0
3441 0
3465 0
3491 0
3504 0
3532 0
3578 0
3603 0
3609 0
3676 0
3750 0
3781 0
3800 0
3869 0
3922 0
3928 0
4027 0
4093 0
4152 0
4204 0
4232 0
4256 0
4287 0
4325 0
4426 0
4467 0
4482 0
4554 0
4568 0
4656 0
4691 0
4733 0
4819 0
4831 0
4856 0
4880 0
