310 0
389 0
456 0
464 0
492 0
519 0
596 0
614 0
696 0
700 0
739 0
774 0
847 0
895 0
904 0
956 0
977 0
1047 0
1078 0
1104 0
1117 0
1216 0
1230 0
1272 0
1286 0
1299 0
1312 0
1407 0
1419 0
1480 0
1521 0
1543 0
1678 0
1796 0
1861 0
1911 0
1927 0
1973 0
2076 0
2143 0
2181 0
2213 0
2291 0
2302 0
2336 0
2359 0
2408 0
2443 0
2536 0
2566 0
2589 0
2620 0
2657 0
2680 0
2787 0
2809 0
2865 0
2879 0
2915 0
2931 0
3007 0
3037 0
3074 0
3138 0
3233 0
3285 0
3305 0
3350 0
3432 0
3540 0
3684 0
3696 0
3734 0
3796 0
3809 0
3909 0
3919 0
3940 0
3952 0
3993 0
4002 0
4107 0
4117 0
4138 0
4171 0
4247 0
4255 0
4303 0
4327 0
4378 0
4438 0
4481 0
4511 0
4529 0
4602 0
4620 0
4699 0
4731 0
4758 0
4763 0
4839 0
4912 0
