314 0
329 0
376 0
404 0
474 0
483 0
539 0
545 0
571 0
602 0
661 0
751 0
803 0
896 0
973 0
996 0
1050 0
1070 0
1082 0
1141 0
1217 0
1315 0
1357 0
1399 0
1422 0
1468 0
1490 0
1525 0
1624 0
1647 0
1654 0
1730 0
1772 0
1788 0
1866 0
1882 0
2104 0
2123 0
2135 0
2173 0
2200 0
2213 0
2243 0
2246 0
2272 0
2389 0
2404 0
2420 0
2452 0
2524 0
2687 0
2757 0
2796 0
2818 0
2838 0
2952 0
2964 0
2985 0
2997 0
3017 0
3057 0
3081 0
3109 0
3120 0
3344 0
3360 0
3420 0
3448 0
3487 0
3562 0
3584 0
3602 0
3700 0
3736 0
3741 0
3798 0
3824 0
3860 0
3902 0
4003 0
4073 0
4144 0
4160 0
4181 0
4218 0
4242 0
4325 0
4404 0
4460 0
4570 0
4610 0
4650 0
4670 0
4679 0
4741 0
4746 0
4821 0
4835 0
4895 0
4907 0
