328 0
351 0
361 0
380 0
420 0
479 0
503 0
543 0
575 0
602 0
631 0
698 0
794 0
805 0
821 0
861 0
933 0
949 0
994 0
1070 0
1078 0
1100 0
1140 0
1210 0
1251 0
1282 0
1313 0
1365 0
1497 0
1569 0
1589 0
1627 0
1665 0
1668 0
1692 0
1782 0
1793 0
1934 0
1979 0
2010 0
2132 0
2177 0
2215 0
2258 0
2272 0
2284 0
2350 0
2427 0
2459 0
2488 0
2514 0
2525 0
2543 0
2682 0
2697 0
2717 0
2724 0
2763 0
2798 0
2868 0
2933 0
2953 0
2960 0
2997 0
3029 0
3078 0
3199 0
3237 0
3296 0
3421 0
3439 0
3533 0
3541 0
3562 0
3603 0
3633 0
3653 0
3708 0
3858 0
3903 0
3935 0
3962 0
4010 0
4074 0
4117 0
4138 0
4154 0
4230 0
4271 0
4292 0
4357 0
4395 0
4415 0
4422 0
4521 0
4579 0
4620 0
4643 0
4685 0
4714 0
4734 0
4798 0
4841 0
4861 0
4874 0
4890 0
