311 0
400 0
431 0
467 0
486 0
540 0
546 0
633 0
692 0
753 0
847 0
892 0
911 0
932 0
1035 0
1066 0
1077 0
1109 0
1193 0
1237 0
1257 0
1269 0
1285 0
1364 0
1472 0
1488 0
1512 0
1701 0
1762 0
1781 0
1820 0
1850 0
1913 0
1984 0
2022 0
2061 0
2086 0
2158 0
2174 0
2184 0
2207 0
2217 0
2238 0
2266 0
2386 0
2410 0
2466 0
2497 0
2528 0
2586 0
2620 0
2689 0
2728 0
2742 0
2814 0
2828 0
2947 0
2982 0
2993 0
3011 0
3039 0
3047 0
3070 0
3143 0
3148 0
3199 0
3245 0
3307 0
3379 0
3390 0
3446 0
3452 0
3509 0
3716 0
3736 0
3751 0
3857 0
3939 0
3953 0
3966 0
3979 0
4020 0
4102 0
4142 0
4150 0
4183 0
4290 0
4316 0
4331 0
4385 0
4457 0
4523 0
4580 0
4669 0
4677 0
4736 0
4755 0
4783 0
4815 0
4901 0
