320 0
355 0
360 0
397 0
410 0
475 0
517 0
557 0
623 0
719 0
733 0
842 0
864 0
889 0
962 0
1007 0
1050 0
1082 0
1213 0
1240 0
1253 0
1290 0
1310 0
1340 0
1396 0
1416 0
1469 0
1526 0
1552 0
1623 0
1642 0
1665 0
1668 0
1755 0
1822 0
1847 0
1951 0
1956 0
1987 0
1997 0
2013 0
2063 0
2121 0
2152 0
2300 0
2364 0
2389 0
2422 0
2443 0
2462 0
2537 0
2673 0
2767 0
2782 0
2795 0
2827 0
2842 0
2908 0
3075 0
3103 0
3156 0
3199 0
3222 0
3243 0
3253 0
3271 0
3378 0
3391 0
3466 0
3538 0
3567 0
3586 0
3590 0
3660 0
3695 0
3749 0
3795 0
3810 0
3884 0
3896 0
3939 0
3967 0
3987 0
4000 0
4140 0
4171 0
4204 0
4252 0
4331 0
4358 0
4385 0
4481 0
4492 0
4593 0
4659 0
4706 0
4750 0
4797 0
4824 0
4860 0
4878 0
4898 0
