336 0
384 0
441 0
488 0
645 0
651 0
684 0
852 0
938 0
961 0
971 0
1028 0
1070 0
1094 0
1118 0
1182 0
1205 0
1214 0
1235 0
1312 0
1410 0
1412 0
1466 0
1484 0
1497 0
1525 0
1532 0
1554 0
1618 0
1663 0
1675 0
1693 0
1787 0
1911 0
1929 0
1954 0
1968 0
2066 0
2105 0
2128 0
2158 0
2164 0
2187 0
2239 0
2262 0
2340 0
2371 0
2415 0
2462 0
2484 0
2531 0
2570 0
2643 0
2693 0
2725 0
2768 0
2797 0
2843 0
2889 0
2944 0
2983 0
3039 0
3047 0
3066 0
3079 0
3126 0
3154 0
3260 0
3276 0
3290 0
3300 0
3424 0
3533 0
3545 0
3554 0
3591 0
3668 0
3679 0
3694 0
3714 0
3725 0
3746 0
3798 0
3817 0
3908 0
3981 0
3997 0
4016 0
4034 0
4101 0
4115 0
4159 0
4189 0
4248 0
4258 0
4283 0
4367 0
4525 0
4557 0
4587 0
4739 0
4787 0
4834 0
4886 0
