315 0
347 0
396 0
443 0
504 0
539 0
630 0
677 0
689 0
794 0
812 0
820 0
853 0
947 0
956 0
989 0
1016 0
1106 0
1176 0
1239 0
1283 0
1314 0
1403 0
1442 0
1478 0
1538 0
1586 0
1664 0
1730 0
1783 0
1808 0
1826 0
1838 0
1903 0
1915 0
1946 0
2003 0
2058 0
2083 0
2189 0
2197 0
2301 0
2383 0
2454 0
2467 0
2525 0
2544 0
2588 0
2628 0
2680 0
2687 0
2739 0
2768 0
2831 0
2912 0
3025 0
3035 0
3131 0
3155 0
3215 0
3270 0
3313 0
3329 0
3367 0
3399 0
3412 0
3447 0
3493 0
3556 0
3633 0
3679 0
3741 0
3780 0
3822 0
3905 0
3942 0
3988 0
4036 0
4108 0
4205 0
4223 0
4255 0
4271 0
4364 0
4391 0
4416 0
4436 0
4526 0
4542 0
4588 0
4678 0
4722 0
4771 0
4820 0
4870 0
4898 0
