373 0
412 0
440 0
472 0
483 0
564 0
621 0
631 0
647 0
692 0
730 0
768 0
864 0
896 0
942 0
954 0
1009 0
1082 0
1103 0
1323 0
1349 0
1365 0
1396 0
1423 0
1493 0
1497 0
1523 0
1617 0
1689 0
1724 0
1800 0
1844 0
1883 0
1898 0
1939 0
1993 0
2122 0
2151 0
2160 0
2198 0
2257 0
2289 0
2297 0
2350 0
2388 0
2471 0
2485 0
2523 0
2576 0
2643 0
2698 0
2727 0
2741 0
2827 0
2862 0
2910 0
2934 0
2964 0
3010 0
3051 0
3069 0
3109 0
3214 0
3273 0
3317 0
3339 0
3371 0
3421 0
3492 0
3531 0
3601 0
3705 0
3717 0
3733 0
3802 0
3818 0
3843 0
3872 0
3902 0
4117 0
4146 0
4203 0
4252 0
4281 0
4326 0
4360 0
4439 0
4489 0
4532 0
4563 0
4589 0
4593 0
4645 0
4733 0
4751 0
4790 0
4800 0
4857 0
