342 0
434 0
453 0
526 0
598 0
635 0
681 0
722 0
736 0
764 0
767 0
795 0
861 0
889 0
980 0
988 0
1063 0
1074 0
1120 0
1146 0
1221 0
1248 0
1279 0
1305 0
1315 0
1327 0
1375 0
1414 0
1430 0
1471 0
1523 0
1533 0
1549 0
1569 0
1647 0
1677 0
1730 0
1780 0
1823 0
1886 0
1994 0
2016 0
2078 0
2098 0
2143 0
2178 0
2221 0
2258 0
2486 0
2512 0
2711 0
2729 0
2961 0
3008 0
3027 0
3065 0
3118 0
3132 0
3212 0
3221 0
3345 0
3397 0
3446 0
3498 0
3540 0
3584 0
3646 0
3671 0
3681 0
3695 0
3745 0
3775 0
3806 0
3852 0
3890 0
3899 0
3914 0
3938 0
3973 0
4004 0
4067 0
4104 0
4133 0
4157 0
4231 0
4239 0
4332 0
4358 0
4432 0
4440 0
4462 0
4478 0
4502 0
4532 0
4575 0
4611 0
4703 0
4775 0
4786 0
4867 0
