311 0
332 0
403 0
422 0
440 0
486 0
504 0
530 0
562 0
639 0
654 0
679 0
700 0
774 0
794 0
810 0
852 0
912 0
931 0
954 0
970 0
1060 0
1210 0
1231 0
1280 0
1324 0
1391 0
1501 0
1556 0
1579 0
1582 0
1668 0
1723 0
1818 0
1892 0
1908 0
1968 0
2015 0
2050 0
2064 0
2165 0
2211 0
2241 0
2389 0
2435 0
2495 0
2501 0
2545 0
2583 0
2638 0
2679 0
2718 0
2721 0
2773 0
2827 0
2980 0
3003 0
3049 0
3153 0
3178 0
3198 0
3260 0
3304 0
3325 0
3409 0
3496 0
3550 0
3628 0
3653 0
3671 0
3712 0
3829 0
3906 0
3941 0
3985 0
3996 0
4152 0
4238 0
4266 0
4295 0
4310 0
4361 0
4406 0
4434 0
4453 0
4511 0
4546 0
4564 0
4583 0
4655 0
4682 0
4721 0
4734 0
4788 0
4795 0
4826 0
4885 0
4909 0
