309 0
423 0
470 0
484 0
497 0
532 0
653 0
668 0
690 0
845 0
922 0
968 0
1010 0
1050 0
1072 0
1107 0
1132 0
1142 0
1209 0
1264 0
1278 0
1296 0
1331 0
1385 0
1441 0
1477 0
1544 0
1582 0
1607 0
1676 0
1723 0
1755 0
1777 0
1797 0
1804 0
1858 0
1886 0
1944 0
1966 0
2092 0
2153 0
2162 0
2192 0
2239 0
2300 0
2421 0
2500 0
2565 0
2570 0
2593 0
2631 0
2636 0
2666 0
2707 0
2793 0
2916 0
2986 0
3034 0
3058 0
3066 0
3112 0
3257 0
3279 0
3335 0
3365 0
3413 0
3421 0
3445 0
3458 0
3497 0
3551 0
3609 0
3634 0
3682 0
3742 0
3785 0
3828 0
3882 0
3911 0
3939 0
3953 0
4009 0
4064 0
4086 0
4110 0
4139 0
4181 0
4206 0
4253 0
4293 0
4377 0
4528 0
4553 0
4561 0
4682 0
4721 0
4729 0
4744 0
4804 0
4912 0
