318 0
334 0
345 0
390 0
444 0
467 0
528 0
553 0
605 0
613 0
779 0
861 0
934 0
978 0
997 0
1011 0
1059 0
1129 0
1141 0
1255 0
1265 0
1276 0
1330 0
1417 0
1468 0
1486 0
1523 0
1558 0
1569 0
1595 0
1644 0
1679 0
1813 0
1840 0
1882 0
1917 0
1943 0
1958 0
1990 0
2041 0
2069 0
2127 0
2190 0
2233 0
2255 0
2271 0
2345 0
2404 0
2441 0
2480 0
2508 0
2535 0
2575 0
2645 0
2685 0
2706 0
2742 0
2778 0
2817 0
2877 0
2954 0
2960 0
2984 0
3042 0
3092 0
3155 0
3163 0
3221 0
3262 0
3274 0
3302 0
3345 0
3368 0
3416 0
3540 0
3583 0
3631 0
3641 0
3663 0
3694 0
3734 0
3755 0
3796 0
3883 0
3941 0
3948 0
3969 0
4067 0
4089 0
4153 0
4211 0
4231 0
4244 0
4297 0
4354 0
4445 0
4604 0
4610 0
4673 0
4686 0
4757 0
4773 0
4837 0
4867 0
4883 0
4906 0
