336 0
361 0
389 0
403 0
416 0
460 0
526 0
529 0
598 0
623 0
720 0
738 0
781 0
796 0
824 0
972 0
1017 0
1039 0
1133 0
1145 0
1185 0
1209 0
1238 0
1257 0
1276 0
1320 0
1432 0
1486 0
1512 0
1531 0
1566 0
1602 0
1640 0
1655 0
1681 0
1771 0
1815 0
1825 0
1897 0
1998 0
2044 0
2062 0
2135 0
2162 0
2191 0
2236 0
2378 0
2445 0
2495 0
2538 0
2600 0
2633 0
2676 0
2726 0
2775 0
2840 0
2989 0
3030 0
3052 0
3082 0
3158 0
3170 0
3223 0
3324 0
3394 0
3412 0
3438 0
3541 0
3561 0
3586 0
3605 0
3650 0
3674 0
3709 0
3733 0
3779 0
3909 0
3933 0
3973 0
3992 0
4005 0
4030 0
4070 0
4094 0
4170 0
4200 0
4244 0
4387 0
4427 0
4451 0
4473 0
4504 0
4598 0
4610 0
4679 0
4702 0
4752 0
4802 0
4824 0
4843 0
4851 0
4881 0
