318 0
377 0
406 0
469 0
534 0
633 0
672 0
746 0
777 0
804 0
889 0
982 0
998 0
1031 0
1043 0
1068 0
1072 0
1204 0
1209 0
1262 0
1365 0
1388 0
1402 0
1440 0
1473 0
1495 0
1538 0
1559 0
1577 0
1596 0
1617 0
1639 0
1655 0
1786 0
1920 0
1999 0
2070 0
2079 0
2093 0
2219 0
2282 0
2298 0
2355 0
2386 0
2399 0
2417 0
2436 0
2475 0
2486 0
2563 0
2575 0
2639 0
2663 0
2730 0
2749 0
2780 0
2796 0
2807 0
2829 0
2859 0
2909 0
2932 0
2998 0
3112 0
3137 0
3157 0
3218 0
3306 0
3427 0
3558 0
3586 0
3591 0
3634 0
3652 0
3656 0
3675 0
3725 0
3748 0
3780 0
3823 0
3830 0
3854 0
3957 0
4009 0
4019 0
4144 0
4153 0
4168 0
4193 0
4224 0
4249 0
4327 0
4411 0
4447 0
4487 0
4550 0
4585 0
4678 0
4758 0
4815 0
4840 0
4906 0
