379 0
519 0
568 0
597 0
613 0
639 0
658 0
708 0
723 0
736 0
754 0
772 0
786 0
841 0
865 0
887 0
910 0
988 0
1038 0
1068 0
1121 0
1194 0
1222 0
1248 0
1261 0
1287 0
1335 0
1438 0
1485 0
1497 0
1554 0
1583 0
1601 0
1676 0
1691 0
1705 0
1833 0
1841 0
1856 0
1939 0
2051 0
2060 0
2082 0
2141 0
2163 0
2191 0
2246 0
2309 0
2360 0
2495 0
2501 0
2595 0
2631 0
2718 0
2734 0
2867 0
2923 0
2967 0
3033 0
3057 0
3089 0
3129 0
3149 0
3170 0
3273 0
3353 0
3382 0
3398 0
3510 0
3523 0
3543 0
3614 0
3622 0
3658 0
3720 0
3732 0
3779 0
3884 0
3938 0
3959 0
3975 0
4008 0
4014 0
4109 0
4154 0
4170 0
4232 0
4311 0
4322 0
4353 0
4384 0
4423 0
4448 0
4461 0
4485 0
4498 0
4507 0
4564 0
4585 0
4596 0
4616 0
4645 0
4706 0
4840 0
