324 0
378 0
406 0
439 0
466 0
518 0
571 0
644 0
672 0
752 0
819 0
851 0
909 0
924 0
942 0
963 0
1032 0
1051 0
1118 0
1124 0
1144 0
1178 0
1295 0
1318 0
1345 0
1376 0
1440 0
1468 0
1561 0
1589 0
1682 0
1693 0
1703 0
1782 0
1839 0
1872 0
1891 0
1961 0
1973 0
2056 0
2075 0
2129 0
2151 0
2178 0
2233 0
2344 0
2372 0
2426 0
2444 0
2552 0
2662 0
2776 0
2800 0
2846 0
2886 0
2988 0
3030 0
3066 0
3078 0
3136 0
3165 0
3246 0
3259 0
3325 0
3335 0
3380 0
3439 0
3505 0
3530 0
3545 0
3631 0
3668 0
3756 0
3784 0
3849 0
3867 0
3902 0
3916 0
4031 0
4076 0
4089 0
4111 0
4169 0
4197 0
4255 0
4270 0
4300 0
4313 0
4356 0
4394 0
4460 0
4551 0
4587 0
4652 0
4697 0
4746 0
4785 0
4826 0
4829 0
4885 0
