354 0
365 0
431 0
458 0
466 0
486 0
504 0
542 0
604 0
653 0
718 0
737 0
763 0
862 0
1006 0
1055 0
1146 0
1183 0
1210 0
1239 0
1249 0
1274 0
1276 0
1405 0
1466 0
1527 0
1573 0
1659 0
1668 0
1733 0
1776 0
1825 0
1913 0
2001 0
2090 0
2216 0
2241 0
2266 0
2282 0
2303 0
2341 0
2376 0
2381 0
2428 0
2446 0
2503 0
2521 0
2556 0
2570 0
2639 0
2657 0
2688 0
2716 0
2772 0
2800 0
2828 0
2849 0
2884 0
2920 0
2938 0
2952 0
2991 0
2993 0
3140 0
3222 0
3305 0
3398 0
3436 0
3492 0
3546 0
3562 0
3654 0
3692 0
3754 0
3815 0
3929 0
3955 0
3964 0
3994 0
3996 0
4039 0
4065 0
4155 0
4209 0
4353 0
4468 0
4484 0
4497 0
4571 0
4611 0
4685 0
4710 0
4732 0
4759 0
4769 0
4785 0
4858 0
4869 0
