317 0
335 0
393 0
451 0
473 0
518 0
568 0
615 0
662 0
725 0
772 0
813 0
848 0
916 0
959 0
974 0
994 0
1017 0
1039 0
1101 0
1148 0
1181 0
1204 0
1261 0
1341 0
1371 0
1378 0
1434 0
1465 0
1504 0
1531 0
1596 0
1646 0
1693 0
1709 0
1798 0
1817 0
1824 0
1903 0
1947 0
2134 0
2153 0
2186 0
2230 0
2355 0
2370 0
2433 0
2478 0
2500 0
2571 0
2598 0
2634 0
2642 0
2707 0
2749 0
2772 0
2850 0
2866 0
2990 0
3028 0
3072 0
3088 0
3274 0
3321 0
3385 0
3412 0
3420 0
3506 0
3531 0
3577 0
3624 0
3682 0
3721 0
3748 0
3786 0
3828 0
3856 0
3881 0
3960 0
4020 0
4044 0
4069 0
4118 0
4172 0
4214 0
4219 0
4241 0
4251 0
4317 0
4380 0
4413 0
4445 0
4500 0
4562 0
4591 0
4655 0
4697 0
4744 0
4769 0
4817 0
4886 0
4908 0
