356 0
380 0
398 0
446 0
566 0
619 0
655 0
702 0
747 0
860 0
919 0
995 0
1022 0
1042 0
1079 0
1116 0
1134 0
1219 0
1245 0
1291 0
1329 0
1378 0
1424 0
1478 0
1500 0
1525 0
1540 0
1588 0
1640 0
1654 0
1794 0
1847 0
1856 0
1883 0
1902 0
1905 0
1982 0
2051 0
2116 0
2126 0
2212 0
2281 0
2369 0
2418 0
2445 0
2526 0
2545 0
2578 0
2600 0
2631 0
2647 0
2674 0
2695 0
2785 0
2804 0
2843 0
2938 0
3005 0
3080 0
3103 0
3174 0
3238 0
3308 0
3327 0
3345 0
3364 0
3377 0
3423 0
3567 0
3586 0
3631 0
3674 0
3696 0
3719 0
3741 0
3799 0
3832 0
3891 0
3943 0
3962 0
4007 0
4085 0
4112 0
4142 0
4172 0
4196 0
4220 0
4292 0
4362 0
4472 0
4518 0
4559 0
4594 0
4647 0
4769 0
4826 0
4842 0
4878 0
