335 0
364 0
407 0
412 0
450 0
610 0
710 0
721 0
741 0
803 0
824 0
839 0
895 0
907 0
970 0
1032 0
1053 0
1112 0
1177 0
1223 0
1226 0
1285 0
1365 0
1514 0
1551 0
1569 0
1641 0
1664 0
1674 0
1783 0
1808 0
1882 0
1911 0
1969 0
1977 0
2049 0
2062 0
2115 0
2140 0
2182 0
2203 0
2221 0
2282 0
2345 0
2403 0
2425 0
2432 0
2469 0
2530 0
2570 0
2651 0
2698 0
2747 0
2775 0
2794 0
2814 0
2886 0
2938 0
2997 0
3015 0
3035 0
3085 0
3110 0
3152 0
3177 0
3243 0
3251 0
3300 0
3335 0
3416 0
3443 0
3551 0
3566 0
3577 0
3649 0
3657 0
3701 0
3850 0
3941 0
3983 0
4004 0
4041 0
4099 0
4177 0
4197 0
4246 0
4302 0
4322 0
4378 0
4391 0
4416 0
4473 0
4504 0
4506 0
4618 0
4763 0
4796 0
4823 0
4858 0
4889 0
