378 0
401 0
426 0
489 0
500 0
519 0
621 0
641 0
652 0
671 0
727 0
843 0
864 0
928 0
954 0
985 0
1031 0
1051 0
1080 0
1147 0
1189 0
1220 0
1235 0
1250 0
1327 0
1381 0
1433 0
1516 0
1552 0
1589 0
1630 0
1655 0
1668 0
1692 0
1707 0
1783 0
1793 0
1826 0
1838 0
1874 0
2019 0
2049 0
2061 0
2090 0
2118 0
2143 0
2205 0
2221 0
2359 0
2426 0
2442 0
2479 0
2524 0
2585 0
2623 0
2687 0
2746 0
2775 0
2804 0
2862 0
3000 0
3021 0
3063 0
3095 0
3132 0
3161 0
3169 0
3207 0
3344 0
3371 0
3398 0
3427 0
3442 0
3505 0
3523 0
3548 0
3564 0
3603 0
3628 0
3657 0
3690 0
3781 0
3834 0
3880 0
3977 0
3983 0
4003 0
4040 0
4076 0
4137 0
4173 0
4196 0
4242 0
4262 0
4286 0
4364 0
4380 0
4492 0
4541 0
4563 0
4579 0
4599 0
4694 0
4712 0
4735 0
4778 0
4826 0
4833 0
