310 0
354 0
390 0
417 0
465 0
528 0
566 0
694 0
720 0
743 0
769 0
819 0
840 0
894 0
903 0
926 0
965 0
1034 0
1076 0
1155 0
1240 0
1353 0
1400 0
1443 0
1485 0
1500 0
1522 0
1538 0
1563 0
1611 0
1620 0
1676 0
1715 0
1765 0
1776 0
1847 0
1903 0
1919 0
1974 0
2087 0
2128 0
2156 0
2169 0
2178 0
2238 0
2382 0
2409 0
2444 0
2502 0
2539 0
2555 0
2581 0
2651 0
2663 0
2683 0
2711 0
2778 0
2811 0
2837 0
2990 0
3027 0
3054 0
3064 0
3089 0
3135 0
3235 0
3314 0
3326 0
3375 0
3435 0
3453 0
3509 0
3551 0
3597 0
3618 0
3668 0
3673 0
3705 0
3718 0
3734 0
3785 0
3820 0
3861 0
3979 0
4071 0
4137 0
4197 0
4264 0
4300 0
4313 0
4328 0
4370 0
4402 0
4449 0
4484 0
4493 0
4524 0
4650 0
4681 0
4754 0
4806 0
4843 0
4875 0
4900 0
