312 0
350 0
362 0
450 0
623 0
667 0
706 0
717 0
738 0
766 0
814 0
925 0
963 0
1018 0
1049 0
1068 0
1101 0
1109 0
1124 0
1211 0
1312 0
1348 0
1371 0
1406 0
1421 0
1465 0
1492 0
1519 0
1556 0
1580 0
1685 0
1708 0
1755 0
1776 0
1831 0
1847 0
1877 0
1905 0
1960 0
1995 0
2069 0
2079 0
2122 0
2129 0
2289 0
2372 0
2403 0
2511 0
2537 0
2599 0
2628 0
2683 0
2715 0
2820 0
2850 0
2931 0
3087 0
3102 0
3133 0
3158 0
3218 0
3256 0
3309 0
3344 0
3372 0
3386 0
3448 0
3461 0
3504 0
3532 0
3654 0
3666 0
3692 0
3732 0
3746 0
3797 0
3816 0
3855 0
3862 0
3897 0
4004 0
4084 0
4100 0
4129 0
4158 0
4179 0
4208 0
4252 0
4291 0
4414 0
4439 0
4477 0
4489 0
4513 0
4543 0
4595 0
4761 0
4856 0
4876 0
4899 0
