333 0
359 0
400 0
414 0
443 0
509 0
521 0
602 0
625 0
661 0
673 0
683 0
786 0
828 0
847 0
855 0
900 0
954 0
1004 0
1026 0
1069 0
1147 0
1176 0
1253 0
1279 0
1333 0
1353 0
1626 0
1658 0
1698 0
1733 0
1765 0
1807 0
1822 0
1842 0
1868 0
1963 0
1974 0
2013 0
2103 0
2124 0
2197 0
2211 0
2258 0
2267 0
2362 0
2391 0
2460 0
2488 0
2506 0
2543 0
2551 0
2666 0
2685 0
2704 0
2728 0
2759 0
2837 0
2863 0
2953 0
2968 0
3003 0
3018 0
3101 0
3116 0
3198 0
3237 0
3250 0
3357 0
3375 0
3384 0
3406 0
3465 0
3490 0
3528 0
3568 0
3603 0
3874 0
3881 0
3928 0
3971 0
4035 0
4064 0
4161 0
4186 0
4206 0
4261 0
4328 0
4364 0
4376 0
4388 0
4431 0
4538 0
4554 0
4569 0
4599 0
4611 0
4696 0
4716 0
4768 0
4807 0
4816 0
4857 0
4880 0
