332 0
514 0
529 0
549 0
573 0
634 0
653 0
690 0
734 0
781 0
839 0
861 0
909 0
956 0
993 0
1050 0
1076 0
1103 0
1203 0
1221 0
1240 0
1247 0
1269 0
1297 0
1395 0
1438 0
1465 0
1480 0
1498 0
1546 0
1575 0
1593 0
1624 0
1659 0
1791 0
1826 0
1839 0
1858 0
1884 0
1925 0
1949 0
2118 0
2192 0
2356 0
2412 0
2423 0
2435 0
2467 0
2485 0
2539 0
2589 0
2620 0
2681 0
2736 0
2748 0
2786 0
2793 0
2813 0
2870 0
3033 0
3095 0
3269 0
3296 0
3346 0
3356 0
3379 0
3387 0
3429 0
3565 0
3588 0
3630 0
3649 0
3674 0
3712 0
3726 0
3753 0
3789 0
3812 0
3923 0
3953 0
3964 0
3992 0
4000 0
4013 0
4115 0
4142 0
4178 0
4224 0
4265 0
4310 0
4361 0
4385 0
4442 0
4473 0
4536 0
4566 0
4581 0
4648 0
4670 0
4683 0
4706 0
4892 0
