324 0
402 0
437 0
463 0
491 0
496 0
621 0
633 0
711 0
738 0
759 0
812 0
848 0
898 0
946 0
973 0
992 0
1079 0
1106 0
1146 0
1189 0
1193 0
1220 0
1259 0
1290 0
1391 0
1486 0
1512 0
1522 0
1576 0
1587 0
1691 0
1764 0
1791 0
1856 0
1881 0
1897 0
1912 0
2043 0
2069 0
2088 0
2121 0
2130 0
2214 0
2287 0
2404 0
2497 0
2511 0
2543 0
2554 0
2661 0
2685 0
2715 0
2728 0
2816 0
2938 0
3008 0
3082 0
3096 0
3134 0
3153 0
3172 0
3299 0
3328 0
3336 0
3352 0
3419 0
3466 0
3524 0
3622 0
3651 0
3692 0
3717 0
3739 0
3828 0
3936 0
3945 0
4009 0
4014 0
4037 0
4065 0
4105 0
4145 0
4222 0
4249 0
4274 0
4319 0
4380 0
4409 0
4470 0
4473 0
4519 0
4588 0
4600 0
4717 0
4729 0
4753 0
4788 0
4818 0
4891 0
