368 0
397 0
410 0
454 0
515 0
552 0
643 0
648 0
727 0
770 0
823 0
843 0
865 0
931 0
959 0
997 0
1022 0
1058 0
1081 0
1089 0
1153 0
1200 0
1214 0
1341 0
1344 0
1389 0
1407 0
1474 0
1529 0
1588 0
1645 0
1669 0
1815 0
1844 0
1894 0
1950 0
1983 0
2015 0
2092 0
2134 0
2175 0
2204 0
2212 0
2285 0
2355 0
2409 0
2459 0
2479 0
2520 0
2548 0
2589 0
2623 0
2683 0
2701 0
2749 0
2755 0
2814 0
2872 0
2930 0
2994 0
3016 0
3047 0
3093 0
3120 0
3209 0
3241 0
3278 0
3323 0
3381 0
3407 0
3548 0
3574 0
3632 0
3697 0
3753 0
3813 0
3832 0
3872 0
3888 0
4011 0
4014 0
4079 0
4124 0
4132 0
4162 0
4186 0
4221 0
4253 0
4293 0
4366 0
4382 0
4394 0
4440 0
4504 0
4566 0
4574 0
4661 0
4707 0
4762 0
4800 0
4823 0
4859 0
