308 0
363 0
386 0
409 0
445 0
503 0
559 0
568 0
599 0
656 0
753 0
842 0
996 0
1011 0
1191 0
1210 0
1233 0
1260 0
1281 0
1296 0
1324 0
1376 0
1419 0
1469 0
1514 0
1535 0
1606 0
1652 0
1681 0
1692 0
1729 0
1778 0
1816 0
1823 0
1886 0
1888 0
1932 0
1944 0
2019 0
2083 0
2149 0
2284 0
2335 0
2361 0
2400 0
2479 0
2511 0
2541 0
2568 0
2594 0
2630 0
2638 0
2677 0
2710 0
2747 0
2818 0
2867 0
2882 0
2929 0
3076 0
3132 0
3211 0
3278 0
3289 0
3317 0
3338 0
3394 0
3405 0
3446 0
3496 0
3533 0
3538 0
3554 0
3616 0
3676 0
3692 0
3755 0
3795 0
3844 0
3896 0
3921 0
3936 0
3957 0
3985 0
4003 0
4022 0
4206 0
4224 0
4378 0
4467 0
4570 0
4608 0
4642 0
4664 0
4719 0
4774 0
4796 0
4833 0
4854 0
4899 0
