339 0
350 0
421 0
490 0
498 0
513 0
602 0
617 0
682 0
706 0
722 0
746 0
800 0
837 0
895 0
947 0
966 0
1033 0
1073 0
1113 0
1127 0
1221 0
1334 0
1369 0
1562 0
1574 0
1614 0
1629 0
1657 0
1668 0
1713 0
1724 0
1755 0
1778 0
1845 0
1883 0
1945 0
1970 0
2020 0
2068 0
2083 0
2139 0
2213 0
2237 0
2260 0
2348 0
2413 0
2451 0
2488 0
2503 0
2538 0
2577 0
2641 0
2679 0
2714 0
2734 0
2761 0
2809 0
2871 0
2969 0
2983 0
3004 0
3083 0
3138 0
3161 0
3212 0
3252 0
3271 0
3342 0
3378 0
3435 0
3454 0
3497 0
3509 0
3540 0
3554 0
3589 0
3610 0
3641 0
3663 0
3855 0
3891 0
3998 0
4088 0
4108 0
4140 0
4189 0
4263 0
4281 0
4319 0
4384 0
4419 0
4482 0
4489 0
4507 0
4531 0
4597 0
4620 0
4694 0
4719 0
4742 0
4801 0
4877 0
4888 0
