315 0
358 0
384 0
406 0
416 0
465 0
513 0
555 0
568 0
677 0
832 0
917 0
991 0
1064 0
1072 0
1097 0
1120 0
1188 0
1247 0
1301 0
1316 0
1347 0
1376 0
1378 0
1396 0
1424 0
1433 0
1488 0
1591 0
1611 0
1689 0
1712 0
1770 0
1857 0
1890 0
1928 0
1980 0
1994 0
2015 0
2099 0
2137 0
2153 0
2182 0
2226 0
2231 0
2258 0
2285 0
2332 0
2404 0
2445 0
2514 0
2528 0
2535 0
2554 0
2661 0
2676 0
2701 0
2707 0
2783 0
2810 0
2884 0
2930 0
2973 0
2991 0
3003 0
3028 0
3067 0
3090 0
3123 0
3201 0
3224 0
3231 0
3289 0
3327 0
3353 0
3437 0
3514 0
3532 0
3611 0
3636 0
3725 0
3785 0
3806 0
3816 0
3830 0
3851 0
3869 0
3894 0
3912 0
3968 0
4043 0
4111 0
4123 0
4135 0
4153 0
4229 0
4302 0
4402 0
4545 0
4648 0
4671 0
4704 0
4746 0
4809 0
4812 0
4839 0
4850 0
4912 0
