307 0
361 0
382 0
397 0
456 0
478 0
557 0
570 0
623 0
635 0
654 0
693 0
726 0
791 0
830 0
908 0
928 0
980 0
1033 0
1124 0
1142 0
1229 0
1315 0
1342 0
1361 0
1406 0
1480 0
1526 0
1571 0
1606 0
1665 0
1677 0
1703 0
1761 0
1783 0
1832 0
1865 0
1884 0
1979 0
2047 0
2113 0
2186 0
2208 0
2211 0
2239 0
2253 0
2349 0
2424 0
2534 0
2586 0
2629 0
2684 0
2802 0
2857 0
2968 0
2976 0
2999 0
3015 0
3037 0
3098 0
3175 0
3237 0
3333 0
3351 0
3393 0
3438 0
3462 0
3518 0
3550 0
3563 0
3619 0
3647 0
3692 0
3729 0
3813 0
3854 0
3887 0
3909 0
3991 0
4077 0
4082 0
4191 0
4244 0
4287 0
4306 0
4394 0
4426 0
4500 0
4529 0
4571 0
4574 0
4604 0
4653 0
4664 0
4741 0
4761 0
4824 0
4842 0
4847 0
4912 0
