320 0
414 0
470 0
528 0
548 0
611 0
734 0
831 0
843 0
923 0
947 0
961 0
1064 0
1075 0
1113 0
1152 0
1183 0
1196 0
1239 0
1282 0
1296 0
1327 0
1359 0
1433 0
1475 0
1520 0
1535 0
1609 0
1627 0
1640 0
1680 0
1706 0
1837 0
1866 0
1892 0
1919 0
1947 0
1975 0
2001 0
2162 0
2266 0
2293 0
2358 0
2421 0
2440 0
2495 0
2502 0
2522 0
2561 0
2600 0
2622 0
2659 0
2701 0
2719 0
2730 0
2780 0
2790 0
2859 0
2929 0
2952 0
3047 0
3223 0
3236 0
3272 0
3312 0
3328 0
3356 0
3367 0
3503 0
3550 0
3582 0
3591 0
3610 0
3677 0
3696 0
3751 0
3776 0
3863 0
3887 0
3917 0
3943 0
3983 0
4021 0
4037 0
4068 0
4101 0
4143 0
4158 0
4263 0
4282 0
4300 0
4377 0
4387 0
4487 0
4613 0
4674 0
4685 0
4758 0
4798 0
4897 0
