346 0
370 0
432 0
457 0
473 0
521 0
645 0
784 0
846 0
851 0
889 0
913 0
919 0
946 0
962 0
1045 0
1078 0
1187 0
1243 0
1263 0
1288 0
1298 0
1320 0
1335 0
1363 0
1475 0
1483 0
1506 0
1579 0
1618 0
1671 0
1706 0
1724 0
1759 0
1796 0
1823 0
1894 0
1970 0
1998 0
2072 0
2088 0
2096 0
2204 0
2235 0
2254 0
2262 0
2421 0
2462 0
2487 0
2549 0
2675 0
2727 0
2755 0
2800 0
2953 0
2966 0
2990 0
3025 0
3118 0
3131 0
3149 0
3224 0
3250 0
3319 0
3398 0
3423 0
3465 0
3501 0
3515 0
3540 0
3588 0
3648 0
3715 0
3731 0
3755 0
3845 0
3881 0
3908 0
3916 0
3934 0
3957 0
3972 0
4038 0
4140 0
4173 0
4266 0
4281 0
4294 0
4313 0
4324 0
4356 0
4378 0
4436 0
4588 0
4706 0
4755 0
4761 0
4781 0
4847 0
4878 0
