371 0
384 0
393 0
433 0
457 0
470 0
488 0
515 0
545 0
640 0
662 0
676 0
685 0
700 0
726 0
803 0
903 0
1009 0
1101 0
1137 0
1142 0
1290 0
1369 0
1419 0
1442 0
1478 0
1483 0
1528 0
1536 0
1590 0
1654 0
1686 0
1707 0
1835 0
1848 0
1860 0
1890 0
1908 0
1985 0
2156 0
2160 0
2200 0
2273 0
2306 0
2370 0
2417 0
2463 0
2488 0
2554 0
2585 0
2620 0
2656 0
2728 0
2765 0
2801 0
2840 0
2918 0
2956 0
3013 0
3050 0
3065 0
3236 0
3300 0
3328 0
3365 0
3369 0
3395 0
3503 0
3531 0
3558 0
3627 0
3676 0
3691 0
3726 0
3750 0
3777 0
3799 0
3846 0
3941 0
4075 0
4093 0
4121 0
4208 0
4315 0
4413 0
4500 0
4518 0
4527 0
4540 0
4572 0
4581 0
4672 0
4696 0
4734 0
4748 0
4776 0
4787 0
4818 0
4831 0
4860 0
