351 0
440 0
445 0
468 0
518 0
540 0
634 0
671 0
692 0
710 0
724 0
754 0
779 0
848 0
899 0
961 0
1002 0
1032 0
1067 0
1079 0
1119 0
1128 0
1196 0
1269 0
1279 0
1328 0
1365 0
1404 0
1420 0
1431 0
1471 0
1506 0
1566 0
1587 0
1633 0
1711 0
1732 0
1834 0
1915 0
1950 0
1968 0
1976 0
2059 0
2099 0
2119 0
2290 0
2301 0
2428 0
2471 0
2486 0
2515 0
2568 0
2639 0
2704 0
2728 0
2749 0
2797 0
2919 0
2925 0
3100 0
3113 0
3161 0
3239 0
3253 0
3266 0
3313 0
3397 0
3501 0
3517 0
3576 0
3622 0
3645 0
3709 0
3752 0
3785 0
3805 0
3812 0
3858 0
3886 0
3935 0
3950 0
4017 0
4090 0
4109 0
4136 0
4163 0
4186 0
4232 0
4259 0
4329 0
4374 0
4445 0
4465 0
4492 0
4515 0
4534 0
4546 0
4588 0
4681 0
4701 0
4755 0
4762 0
4791 0
4870 0
