307 0
336 0
447 0
519 0
554 0
563 0
702 0
815 0
827 0
908 0
964 0
988 0
1007 0
1029 0
1145 0
1221 0
1240 0
1248 0
1281 0
1310 0
1358 0
1372 0
1380 0
1470 0
1491 0
1526 0
1568 0
1596 0
1677 0
1782 0
1792 0
1821 0
1880 0
1905 0
2021 0
2046 0
2089 0
2109 0
2137 0
2168 0
2206 0
2229 0
2268 0
2281 0
2349 0
2365 0
2381 0
2442 0
2530 0
2573 0
2639 0
2695 0
2776 0
2834 0
2840 0
2872 0
2933 0
2957 0
2979 0
3019 0
3050 0
3089 0
3109 0
3133 0
3176 0
3201 0
3310 0
3334 0
3387 0
3420 0
3443 0
3548 0
3627 0
3646 0
3699 0
3738 0
3747 0
3827 0
3847 0
3872 0
3899 0
3931 0
3962 0
3985 0
4011 0
4070 0
4194 0
4202 0
4232 0
4259 0
4314 0
4391 0
4406 0
4507 0
4653 0
4666 0
4696 0
4774 0
4881 0
4899 0
