330 0
368 0
383 0
405 0
421 0
608 0
651 0
695 0
720 0
734 0
756 0
772 0
811 0
859 0
896 0
991 0
1073 0
1109 0
1130 0
1177 0
1205 0
1268 0
1286 0
1372 0
1412 0
1510 0
1517 0
1550 0
1591 0
1648 0
1695 0
1723 0
1760 0
1812 0
1843 0
1907 0
1933 0
1980 0
2004 0
2090 0
2114 0
2138 0
2154 0
2184 0
2382 0
2475 0
2527 0
2537 0
2684 0
2688 0
2748 0
2838 0
3034 0
3073 0
3087 0
3110 0
3133 0
3215 0
3238 0
3287 0
3299 0
3375 0
3414 0
3461 0
3491 0
3523 0
3575 0
3628 0
3663 0
3702 0
3721 0
3797 0
3854 0
3938 0
3947 0
4014 0
4043 0
4085 0
4104 0
4132 0
4222 0
4322 0
4354 0
4415 0
4448 0
4460 0
4487 0
4501 0
4537 0
4564 0
4610 0
4806 0
4825 0
4835 0
4854 0
4885 0
