327 0
377 0
483 0
502 0
602 0
679 0
689 0
768 0
790 0
950 0
999 0
1011 0
1091 0
1114 0
1143 0
1181 0
1279 0
1355 0
1391 0
1405 0
1435 0
1490 0
1565 0
1622 0
1645 0
1691 0
1714 0
1776 0
1807 0
1850 0
1873 0
1888 0
1999 0
2012 0
2055 0
2151 0
2181 0
2212 0
2245 0
2274 0
2294 0
2306 0
2338 0
2364 0
2403 0
2461 0
2496 0
2507 0
2535 0
2672 0
2707 0
2727 0
2764 0
2818 0
2845 0
2875 0
2911 0
2929 0
2954 0
2974 0
2993 0
3037 0
3075 0
3172 0
3208 0
3220 0
3325 0
3343 0
3370 0
3405 0
3443 0
3503 0
3525 0
3573 0
3592 0
3646 0
3735 0
3785 0
3817 0
3833 0
3869 0
3930 0
4045 0
4068 0
4100 0
4120 0
4206 0
4220 0
4279 0
4422 0
4442 0
4532 0
4553 0
4616 0
4723 0
4738 0
4830 0
4885 0
