409 0
438 0
445 0
463 0
539 0
560 0
566 0
610 0
633 0
647 0
696 0
709 0
840 0
940 0
959 0
1029 0
1070 0
1083 0
1123 0
1215 0
1240 0
1247 0
1340 0
1367 0
1386 0
1421 0
1432 0
1478 0
1534 0
1558 0
1589 0
1612 0
1645 0
1698 0
1729 0
1953 0
1963 0
2053 0
2089 0
2093 0
2187 0
2218 0
2254 0
2282 0
2354 0
2386 0
2440 0
2487 0
2564 0
2570 0
2597 0
2630 0
2637 0
2666 0
2724 0
2772 0
2828 0
2861 0
2931 0
2961 0
3004 0
3037 0
3115 0
3144 0
3177 0
3255 0
3279 0
3496 0
3532 0
3576 0
3611 0
3631 0
3667 0
3676 0
3742 0
3788 0
3794 0
3837 0
3858 0
3884 0
3962 0
3980 0
4004 0
4090 0
4143 0
4155 0
4184 0
4253 0
4278 0
4375 0
4507 0
4532 0
4569 0
4581 0
4610 0
4643 0
4662 0
4676 0
4753 0
4763 0
4789 0
4809 0
