333 0
465 0
488 0
543 0
598 0
645 0
677 0
718 0
732 0
763 0
772 0
863 0
925 0
949 0
962 0
981 0
1048 0
1074 0
1203 0
1219 0
1328 0
1351 0
1391 0
1438 0
1504 0
1529 0
1570 0
1634 0
1650 0
1711 0
1765 0
1779 0
1811 0
1871 0
1892 0
1968 0
2021 0
2046 0
2077 0
2093 0
2129 0
2166 0
2185 0
2392 0
2413 0
2427 0
2451 0
2472 0
2524 0
2586 0
2630 0
2699 0
2742 0
2758 0
2797 0
2819 0
2824 0
3028 0
3051 0
3078 0
3114 0
3140 0
3168 0
3203 0
3253 0
3329 0
3343 0
3401 0
3444 0
3467 0
3511 0
3561 0
3577 0
3651 0
3693 0
3720 0
3779 0
3826 0
3867 0
3883 0
4010 0
4018 0
4132 0
4170 0
4239 0
4265 0
4276 0
4294 0
4367 0
4448 0
4456 0
4484 0
4500 0
4546 0
4576 0
4621 0
4681 0
4741 0
4757 0
4892 0
