422 0
436 0
474 0
624 0
644 0
662 0
688 0
732 0
755 0
792 0
805 0
887 0
906 0
999 0
1070 0
1083 0
1092 0
1114 0
1191 0
1237 0
1243 0
1270 0
1380 0
1426 0
1485 0
1499 0
1531 0
1552 0
1623 0
1644 0
1677 0
1727 0
1813 0
1825 0
1840 0
1930 0
1952 0
2021 0
2066 0
2145 0
2206 0
2216 0
2228 0
2258 0
2265 0
2285 0
2371 0
2469 0
2485 0
2510 0
2549 0
2590 0
2629 0
2675 0
2717 0
2736 0
2741 0
2842 0
2939 0
2957 0
2965 0
2978 0
3003 0
3018 0
3070 0
3159 0
3205 0
3274 0
3296 0
3373 0
3386 0
3408 0
3495 0
3539 0
3572 0
3594 0
3670 0
3676 0
3722 0
3736 0
3804 0
3837 0
3958 0
3977 0
3985 0
4017 0
4111 0
4123 0
4147 0
4155 0
4221 0
4305 0
4321 0
4407 0
4432 0
4469 0
4477 0
4525 0
4565 0
4581 0
4606 0
4748 0
4784 0
4803 0
