317 0
344 0
369 0
401 0
430 0
495 0
526 0
567 0
644 0
667 0
708 0
732 0
792 0
813 0
893 0
965 0
983 0
1036 0
1044 0
1060 0
1098 0
1124 0
1226 0
1337 0
1358 0
1418 0
1485 0
1506 0
1524 0
1635 0
1664 0
1671 0
1766 0
1786 0
1816 0
1844 0
1883 0
1892 0
1910 0
1958 0
1988 0
2059 0
2194 0
2226 0
2309 0
2384 0
2416 0
2463 0
2475 0
2510 0
2562 0
2591 0
2620 0
2663 0
2708 0
2753 0
2758 0
2798 0
2834 0
2912 0
3004 0
3019 0
3148 0
3233 0
3263 0
3300 0
3329 0
3341 0
3371 0
3408 0
3427 0
3462 0
3544 0
3560 0
3583 0
3693 0
3721 0
3737 0
3800 0
3875 0
3882 0
3991 0
4088 0
4124 0
4157 0
4170 0
4186 0
4247 0
4256 0
4333 0
4416 0
4434 0
4481 0
4521 0
4546 0
4579 0
4647 0
4697 0
4711 0
4792 0
4820 0
4852 0
4866 0
4899 0
