325 0
343 0
373 0
437 0
452 0
470 0
535 0
545 0
630 0
652 0
691 0
722 0
746 0
762 0
768 0
809 0
862 0
896 0
999 0
1010 0
1120 0
1221 0
1239 0
1243 0
1316 0
1327 0
1349 0
1468 0
1482 0
1517 0
1560 0
1582 0
1607 0
1647 0
1665 0
1707 0
1722 0
1762 0
1823 0
1839 0
1914 0
1935 0
1956 0
1974 0
1998 0
2083 0
2275 0
2284 0
2354 0
2548 0
2678 0
2864 0
2929 0
2956 0
3144 0
3219 0
3243 0
3248 0
3289 0
3301 0
3377 0
3393 0
3453 0
3488 0
3506 0
3568 0
3572 0
3614 0
3629 0
3656 0
3702 0
3734 0
3749 0
3868 0
3892 0
3898 0
3968 0
3992 0
4005 0
4105 0
4203 0
4231 0
4324 0
4367 0
4413 0
4444 0
4458 0
4477 0
4491 0
4530 0
4572 0
4574 0
4670 0
4680 0
4744 0
4771 0
4783 0
4848 0
4869 0
4883 0
