339 0
346 0
387 0
434 0
487 0
508 0
552 0
603 0
648 0
666 0
698 0
743 0
754 0
781 0
949 0
1009 0
1038 0
1095 0
1118 0
1243 0
1273 0
1286 0
1322 0
1444 0
1464 0
1540 0
1619 0
1646 0
1657 0
1686 0
1711 0
1766 0
1779 0
1799 0
1858 0
1894 0
1933 0
1959 0
1978 0
2078 0
2094 0
2119 0
2151 0
2260 0
2345 0
2359 0
2386 0
2401 0
2485 0
2582 0
2645 0
2724 0
2817 0
2824 0
2865 0
2881 0
2974 0
3070 0
3101 0
3123 0
3133 0
3241 0
3262 0
3286 0
3323 0
3365 0
3427 0
3435 0
3455 0
3510 0
3521 0
3569 0
3581 0
3599 0
3675 0
3747 0
3775 0
3900 0
3935 0
3950 0
3971 0
4109 0
4127 0
4181 0
4204 0
4278 0
4449 0
4456 0
4482 0
4518 0
4540 0
4565 0
4622 0
4673 0
4715 0
4727 0
4793 0
4830 0
4876 0
4889 0
