389 0
487 0
545 0
575 0
651 0
676 0
692 0
725 0
745 0
763 0
781 0
897 0
910 0
933 0
951 0
955 0
1008 0
1022 0
1095 0
1187 0
1236 0
1284 0
1293 0
1319 0
1373 0
1385 0
1410 0
1443 0
1523 0
1539 0
1623 0
1670 0
1690 0
1702 0
1755 0
1786 0
1829 0
1841 0
1868 0
1873 0
1984 0
2048 0
2127 0
2166 0
2211 0
2260 0
2284 0
2425 0
2471 0
2519 0
2565 0
2585 0
2624 0
2665 0
2687 0
2751 0
2796 0
2938 0
2959 0
3002 0
3054 0
3084 0
3178 0
3240 0
3348 0
3354 0
3372 0
3398 0
3418 0
3464 0
3514 0
3535 0
3544 0
3594 0
3673 0
3694 0
3784 0
3810 0
3836 0
3856 0
3909 0
3915 0
3930 0
3979 0
4036 0
4117 0
4190 0
4200 0
4266 0
4278 0
4298 0
4314 0
4324 0
4443 0
4467 0
4481 0
4497 0
4536 0
4551 0
4558 0
4650 0
4665 0
4729 0
4830 0
