355 0
359 0
429 0
517 0
547 0
574 0
619 0
635 0
674 0
688 0
710 0
733 0
757 0
906 0
995 0
1018 0
1067 0
1089 0
1115 0
1147 0
1203 0
1257 0
1420 0
1443 0
1497 0
1524 0
1534 0
1601 0
1672 0
1753 0
1783 0
1860 0
1876 0
1892 0
1915 0
1942 0
1999 0
2073 0
2077 0
2118 0
2153 0
2161 0
2184 0
2240 0
2342 0
2394 0
2406 0
2419 0
2434 0
2511 0
2565 0
2665 0
2705 0
2777 0
2793 0
2821 0
2832 0
2874 0
2981 0
3040 0
3055 0
3063 0
3104 0
3130 0
3161 0
3221 0
3265 0
3314 0
3318 0
3347 0
3362 0
3448 0
3457 0
3540 0
3616 0
3686 0
3698 0
3714 0
3789 0
3802 0
3964 0
4013 0
4079 0
4111 0
4122 0
4157 0
4210 0
4228 0
4316 0
4456 0
4482 0
4513 0
4528 0
4554 0
4589 0
4595 0
4651 0
4661 0
4698 0
4778 0
4859 0
4866 0
