337 0
356 0
365 0
383 0
466 0
477 0
506 0
542 0
547 0
649 0
688 0
709 0
764 0
835 0
857 0
948 0
953 0
1029 0
1062 0
1081 0
1111 0
1127 0
1184 0
1195 0
1257 0
1288 0
1321 0
1363 0
1492 0
1573 0
1589 0
1605 0
1719 0
1794 0
1812 0
1840 0
1900 0
1906 0
1979 0
2172 0
2226 0
2290 0
2310 0
2354 0
2407 0
2496 0
2504 0
2525 0
2549 0
2551 0
2571 0
2642 0
2666 0
2680 0
2690 0
2706 0
2728 0
2821 0
2857 0
2916 0
2936 0
2993 0
3046 0
3235 0
3314 0
3322 0
3368 0
3411 0
3430 0
3501 0
3609 0
3627 0
3651 0
3738 0
3850 0
3902 0
3931 0
3966 0
4019 0
4030 0
4095 0
4101 0
4143 0
4161 0
4196 0
4258 0
4270 0
4362 0
4378 0
4457 0
4520 0
4529 0
4570 0
4674 0
4676 0
4720 0
4731 0
4747 0
4830 0
4855 0
4870 0
4888 0
