318 0
363 0
376 0
399 0
456 0
468 0
537 0
574 0
701 0
736 0
754 0
827 0
892 0
946 0
978 0
1064 0
1142 0
1197 0
1228 0
1251 0
1269 0
1385 0
1410 0
1469 0
1491 0
1510 0
1541 0
1616 0
1659 0
1672 0
1698 0
1725 0
1798 0
1823 0
1848 0
1860 0
1895 0
1926 0
1947 0
2017 0
2041 0
2062 0
2162 0
2192 0
2214 0
2270 0
2367 0
2411 0
2518 0
2538 0
2596 0
2629 0
2676 0
2691 0
2820 0
2840 0
2943 0
3002 0
3037 0
3044 0
3152 0
3168 0
3211 0
3271 0
3294 0
3319 0
3354 0
3374 0
3399 0
3420 0
3498 0
3520 0
3546 0
3569 0
3596 0
3679 0
3714 0
3728 0
3754 0
3816 0
3837 0
3946 0
3967 0
3989 0
4026 0
4068 0
4163 0
4249 0
4276 0
4320 0
4402 0
4456 0
4477 0
4515 0
4644 0
4686 0
4751 0
4765 0
4823 0
4832 0
4855 0
4912 0
