311 0
364 0
436 0
467 0
507 0
514 0
622 0
747 0
760 0
771 0
912 0
1002 0
1073 0
1100 0
1119 0
1132 0
1199 0
1251 0
1276 0
1354 0
1400 0
1419 0
1430 0
1469 0
1484 0
1597 0
1629 0
1636 0
1660 0
1674 0
1706 0
1765 0
1828 0
1863 0
1895 0
1905 0
1950 0
1966 0
1988 0
2002 0
2063 0
2078 0
2099 0
2120 0
2164 0
2185 0
2213 0
2240 0
2279 0
2358 0
2859 0
2926 0
2983 0
2995 0
3039 0
3058 0
3110 0
3117 0
3135 0
3149 0
3216 0
3237 0
3258 0
3279 0
3303 0
3325 0
3351 0
3391 0
3465 0
3506 0
3549 0
3567 0
3577 0
3589 0
3631 0
3738 0
3756 0
3789 0
3798 0
3810 0
3871 0
3933 0
3970 0
4017 0
4081 0
4107 0
4130 0
4138 0
4219 0
4315 0
4447 0
4469 0
4475 0
4602 0
4704 0
4714 0
4752 0
4788 0
4852 0
4911 0
