314 0
478 0
524 0
572 0
639 0
669 0
712 0
806 0
818 0
920 0
959 0
1007 0
1032 0
1060 0
1074 0
1101 0
1132 0
1187 0
1195 0
1291 0
1334 0
1389 0
1398 0
1426 0
1431 0
1487 0
1554 0
1576 0
1789 0
1805 0
1821 0
1885 0
1893 0
1949 0
2014 0
2096 0
2135 0
2178 0
2202 0
2245 0
2292 0
2307 0
2339 0
2372 0
2459 0
2472 0
2494 0
2515 0
2524 0
2536 0
2683 0
2691 0
2711 0
2729 0
2749 0
2757 0
2849 0
2886 0
2909 0
2928 0
2969 0
3019 0
3032 0
3086 0
3116 0
3201 0
3278 0
3322 0
3342 0
3385 0
3416 0
3432 0
3645 0
3670 0
3735 0
3785 0
3804 0
3813 0
3832 0
3879 0
3929 0
4016 0
4043 0
4092 0
4116 0
4144 0
4163 0
4190 0
4200 0
4260 0
4290 0
4400 0
4413 0
4520 0
4544 0
4586 0
4647 0
4707 0
4738 0
4906 0
