481 0
509 0
511 0
552 0
641 0
678 0
704 0
716 0
737 0
892 0
917 0
924 0
980 0
1057 0
1081 0
1129 0
1188 0
1204 0
1227 0
1253 0
1284 0
1308 0
1381 0
1399 0
1417 0
1520 0
1590 0
1612 0
1627 0
1648 0
1662 0
1674 0
1806 0
1852 0
1883 0
1895 0
1931 0
2089 0
2109 0
2164 0
2216 0
2299 0
2341 0
2348 0
2396 0
2404 0
2468 0
2486 0
2527 0
2547 0
2582 0
2650 0
2683 0
2695 0
2722 0
2745 0
2809 0
2833 0
2857 0
2879 0
2916 0
3005 0
3059 0
3100 0
3143 0
3296 0
3326 0
3333 0
3373 0
3410 0
3547 0
3559 0
3584 0
3599 0
3605 0
3626 0
3702 0
3802 0
3812 0
3837 0
3919 0
3928 0
3975 0
3994 0
4025 0
4039 0
4090 0
4142 0
4150 0
4241 0
4287 0
4315 0
4327 0
4485 0
4499 0
4512 0
4542 0
4574 0
4667 0
4707 0
4722 0
4730 0
