361 0
386 0
402 0
452 0
461 0
507 0
567 0
643 0
689 0
743 0
766 0
790 0
814 0
843 0
933 0
937 0
1029 0
1100 0
1136 0
1189 0
1196 0
1294 0
1314 0
1333 0
1354 0
1375 0
1386 0
1481 0
1529 0
1576 0
1660 0
1715 0
1766 0
1809 0
1880 0
1937 0
1947 0
1977 0
1992 0
2014 0
2041 0
2086 0
2101 0
2208 0
2218 0
2335 0
2354 0
2376 0
2428 0
2468 0
2526 0
2557 0
2583 0
2642 0
2654 0
2691 0
2750 0
2800 0
2853 0
2867 0
2874 0
2999 0
3012 0
3121 0
3140 0
3171 0
3207 0
3225 0
3240 0
3265 0
3283 0
3348 0
3403 0
3466 0
3515 0
3562 0
3639 0
3705 0
3730 0
3839 0
3848 0
3863 0
3877 0
3909 0
3917 0
4014 0
4042 0
4083 0
4125 0
4194 0
4272 0
4300 0
4378 0
4409 0
4433 0
4447 0
4474 0
4526 0
4588 0
4645 0
4720 0
4750 0
4774 0
4813 0
4840 0
4851 0
