315 0
436 0
498 0
556 0
620 0
664 0
692 0
717 0
786 0
814 0
825 0
852 0
905 0
920 0
1000 0
1070 0
1077 0
1123 0
1142 0
1174 0
1239 0
1246 0
1277 0
1335 0
1350 0
1400 0
1486 0
1576 0
1597 0
1616 0
1675 0
1797 0
1823 0
1846 0
1896 0
1918 0
1923 0
1995 0
2007 0
2101 0
2145 0
2161 0
2187 0
2222 0
2274 0
2285 0
2300 0
2379 0
2470 0
2503 0
2552 0
2596 0
2629 0
2660 0
2717 0
2747 0
2855 0
2923 0
2937 0
2956 0
2997 0
3038 0
3051 0
3067 0
3121 0
3200 0
3215 0
3290 0
3314 0
3316 0
3376 0
3398 0
3424 0
3545 0
3591 0
3623 0
3644 0
3736 0
3819 0
3861 0
3891 0
3940 0
3962 0
3983 0
4036 0
4071 0
4086 0
4145 0
4149 0
4220 0
4299 0
4312 0
4366 0
4393 0
4416 0
4432 0
4504 0
4537 0
4541 0
4600 0
4673 0
4717 0
4787 0
4909 0
