389 0
427 0
531 0
549 0
601 0
644 0
674 0
747 0
794 0
806 0
817 0
910 0
943 0
974 0
1017 0
1050 0
1072 0
1133 0
1142 0
1266 0
1279 0
1319 0
1403 0
1424 0
1443 0
1483 0
1523 0
1556 0
1575 0
1604 0
1618 0
1637 0
1698 0
1701 0
1779 0
1792 0
1851 0
1878 0
1901 0
1906 0
1992 0
2043 0
2106 0
2266 0
2453 0
2527 0
2547 0
2556 0
2583 0
2637 0
2656 0
2672 0
2692 0
2755 0
2957 0
3119 0
3163 0
3223 0
3313 0
3324 0
3345 0
3378 0
3420 0
3440 0
3517 0
3533 0
3580 0
3592 0
3605 0
3646 0
3657 0
3702 0
3730 0
3789 0
3797 0
3820 0
3904 0
3937 0
3945 0
4070 0
4083 0
4136 0
4173 0
4201 0
4249 0
4282 0
4310 0
4397 0
4407 0
4436 0
4474 0
4547 0
4580 0
4609 0
4666 0
4688 0
4780 0
4842 0
