319 0
367 0
457 0
494 0
532 0
565 0
651 0
664 0
694 0
859 0
927 0
943 0
997 0
1005 0
1024 0
1044 0
1128 0
1152 0
1226 0
1279 0
1335 0
1351 0
1370 0
1429 0
1554 0
1620 0
1672 0
1693 0
1728 0
1792 0
1813 0
1844 0
1865 0
1931 0
2009 0
2060 0
2119 0
2138 0
2178 0
2217 0
2259 0
2362 0
2364 0
2395 0
2400 0
2424 0
2479 0
2494 0
2537 0
2575 0
2645 0
2683 0
2735 0
2744 0
2792 0
2811 0
2827 0
2852 0
2868 0
2959 0
2994 0
3032 0
3080 0
3106 0
3155 0
3207 0
3282 0
3362 0
3382 0
3414 0
3426 0
3488 0
3523 0
3543 0
3600 0
3660 0
3786 0
3852 0
3865 0
3883 0
3928 0
3987 0
4078 0
4087 0
4173 0
4183 0
4211 0
4230 0
4280 0
4286 0
4361 0
4528 0
4546 0
4564 0
4643 0
4683 0
4723 0
4763 0
4846 0
4901 0
