319 0
333 0
424 0
470 0
519 0
567 0
621 0
637 0
674 0
702 0
746 0
767 0
788 0
817 0
917 0
923 0
995 0
1034 0
1040 0
1066 0
1112 0
1137 0
1150 0
1184 0
1226 0
1295 0
1317 0
1367 0
1486 0
1521 0
1539 0
1550 0
1614 0
1701 0
1765 0
1847 0
1885 0
1926 0
1971 0
1978 0
2044 0
2060 0
2101 0
2130 0
2218 0
2236 0
2276 0
2309 0
2351 0
2441 0
2506 0
2570 0
2592 0
2634 0
2643 0
2718 0
2775 0
2866 0
2909 0
2948 0
2983 0
3006 0
3087 0
3124 0
3161 0
3177 0
3240 0
3259 0
3290 0
3338 0
3380 0
3456 0
3503 0
3608 0
3671 0
3675 0
3696 0
3737 0
3847 0
3903 0
3911 0
3993 0
4032 0
4068 0
4093 0
4098 0
4156 0
4179 0
4188 0
4231 0
4296 0
4305 0
4389 0
4421 0
4444 0
4480 0
4519 0
4550 0
4578 0
4596 0
4647 0
4701 0
4758 0
4796 0
4886 0
4897 0
