342 0
382 0
463 0
487 0
519 0
562 0
613 0
661 0
693 0
709 0
728 0
754 0
824 0
887 0
913 0
975 0
996 0
1014 0
1034 0
1093 0
1112 0
1187 0
1206 0
1248 0
1426 0
1477 0
1509 0
1536 0
1563 0
1575 0
1637 0
1658 0
1686 0
1762 0
1773 0
1812 0
1837 0
1856 0
1961 0
1988 0
2041 0
2103 0
2123 0
2129 0
2144 0
2348 0
2379 0
2388 0
2424 0
2476 0
2500 0
2545 0
2599 0
2620 0
2675 0
2717 0
2740 0
2804 0
2837 0
2840 0
2864 0
3070 0
3085 0
3108 0
3124 0
3178 0
3245 0
3252 0
3358 0
3370 0
3402 0
3445 0
3461 0
3523 0
3558 0
3581 0
3653 0
3661 0
3679 0
3718 0
3743 0
3802 0
3967 0
4016 0
4042 0
4107 0
4128 0
4184 0
4203 0
4223 0
4242 0
4307 0
4330 0
4391 0
4460 0
4504 0
4518 0
4532 0
4567 0
4604 0
4645 0
4708 0
4741 0
4756 0
4836 0
4867 0
