354 0
370 0
375 0
474 0
529 0
577 0
648 0
679 0
688 0
744 0
766 0
831 0
864 0
939 0
965 0
975 0
989 0
1036 0
1082 0
1106 0
1130 0
1180 0
1243 0
1286 0
1351 0
1389 0
1495 0
1497 0
1518 0
1568 0
1610 0
1725 0
1755 0
1827 0
1854 0
1995 0
2064 0
2077 0
2120 0
2199 0
2221 0
2248 0
2354 0
2395 0
2424 0
2455 0
2513 0
2546 0
2569 0
2596 0
2619 0
2645 0
2685 0
2708 0
2756 0
2792 0
2828 0
2869 0
2961 0
2996 0
3011 0
3107 0
3135 0
3154 0
3218 0
3357 0
3393 0
3462 0
3487 0
3607 0
3650 0
3705 0
3716 0
3724 0
3839 0
3860 0
3930 0
3968 0
4031 0
4081 0
4106 0
4134 0
4190 0
4221 0
4249 0
4264 0
4277 0
4362 0
4391 0
4448 0
4484 0
4528 0
4540 0
4571 0
4656 0
4686 0
4753 0
4832 0
4846 0
4868 0
