339 0
354 0
430 0
551 0
567 0
617 0
678 0
725 0
744 0
817 0
849 0
942 0
994 0
1021 0
1046 0
1092 0
1108 0
1124 0
1174 0
1232 0
1311 0
1355 0
1388 0
1409 0
1416 0
1476 0
1481 0
1512 0
1537 0
1552 0
1585 0
1633 0
1725 0
1766 0
1774 0
1814 0
1852 0
1923 0
1958 0
1979 0
2084 0
2102 0
2134 0
2160 0
2214 0
2334 0
2376 0
2400 0
2479 0
2539 0
2678 0
2739 0
2819 0
2855 0
2877 0
2999 0
3048 0
3092 0
3119 0
3137 0
3232 0
3262 0
3282 0
3379 0
3405 0
3445 0
3454 0
3489 0
3573 0
3629 0
3664 0
3683 0
3716 0
3724 0
3752 0
3803 0
3823 0
3826 0
3863 0
3903 0
3994 0
4031 0
4084 0
4103 0
4128 0
4176 0
4198 0
4221 0
4277 0
4378 0
4394 0
4478 0
4498 0
4545 0
4593 0
4657 0
4661 0
4781 0
4876 0
4892 0
