405 0
461 0
497 0
543 0
618 0
645 0
675 0
700 0
759 0
796 0
814 0
843 0
915 0
979 0
1005 0
1101 0
1134 0
1143 0
1176 0
1265 0
1317 0
1338 0
1386 0
1408 0
1422 0
1528 0
1552 0
1609 0
1636 0
1652 0
1693 0
1713 0
1809 0
1892 0
1957 0
2014 0
2070 0
2084 0
2151 0
2201 0
2217 0
2233 0
2300 0
2340 0
2354 0
2401 0
2416 0
2446 0
2451 0
2475 0
2749 0
2761 0
2787 0
2789 0
2810 0
2865 0
2876 0
2908 0
2983 0
3005 0
3015 0
3063 0
3130 0
3161 0
3202 0
3255 0
3322 0
3411 0
3504 0
3522 0
3564 0
3579 0
3619 0
3668 0
3701 0
3798 0
3823 0
3836 0
3886 0
3909 0
3950 0
4043 0
4072 0
4090 0
4117 0
4203 0
4241 0
4303 0
4385 0
4409 0
4434 0
4456 0
4515 0
4546 0
4576 0
4598 0
4677 0
4715 0
4747 0
4827 0
