356 0
365 0
411 0
521 0
531 0
559 0
619 0
707 0
739 0
849 0
851 0
897 0
910 0
957 0
1041 0
1055 0
1108 0
1200 0
1239 0
1269 0
1283 0
1312 0
1335 0
1373 0
1416 0
1434 0
1522 0
1538 0
1602 0
1631 0
1669 0
1731 0
1766 0
1843 0
1931 0
1950 0
1995 0
2008 0
2070 0
2158 0
2173 0
2181 0
2195 0
2225 0
2271 0
2306 0
2398 0
2420 0
2444 0
2476 0
2548 0
2566 0
2660 0
2673 0
2742 0
2784 0
2800 0
2808 0
2913 0
2951 0
2996 0
3016 0
3042 0
3057 0
3075 0
3148 0
3199 0
3228 0
3274 0
3295 0
3375 0
3458 0
3490 0
3550 0
3593 0
3612 0
3688 0
3690 0
3790 0
3795 0
3855 0
3890 0
3904 0
3932 0
3952 0
3985 0
4014 0
4112 0
4149 0
4170 0
4254 0
4312 0
4321 0
4362 0
4372 0
4483 0
4519 0
4594 0
4663 0
4687 0
4703 0
4795 0
4858 0
4876 0
