312 0
447 0
460 0
509 0
608 0
651 0
664 0
690 0
790 0
805 0
823 0
899 0
912 0
958 0
993 0
1050 0
1092 0
1125 0
1206 0
1209 0
1267 0
1305 0
1315 0
1346 0
1399 0
1466 0
1502 0
1561 0
1661 0
1669 0
1716 0
1754 0
1770 0
1864 0
1882 0
1903 0
1910 0
2010 0
2049 0
2107 0
2113 0
2145 0
2224 0
2242 0
2274 0
2280 0
2303 0
2356 0
2378 0
2418 0
2447 0
2491 0
2518 0
2693 0
2734 0
2776 0
2801 0
2848 0
2862 0
2919 0
2925 0
2955 0
2984 0
2998 0
3070 0
3105 0
3116 0
3169 0
3203 0
3299 0
3319 0
3341 0
3363 0
3444 0
3462 0
3511 0
3551 0
3561 0
3661 0
3708 0
3741 0
3809 0
3862 0
3898 0
3921 0
3952 0
3999 0
4021 0
4084 0
4125 0
4180 0
4228 0
4263 0
4309 0
4321 0
4396 0
4410 0
4431 0
4526 0
4548 0
4568 0
4609 0
4713 0
4753 0
4769 0
4901 0
