356 0
400 0
429 0
447 0
487 0
506 0
535 0
554 0
605 0
620 0
679 0
704 0
763 0
785 0
821 0
908 0
964 0
1008 0
1174 0
1229 0
1266 0
1285 0
1389 0
1414 0
1540 0
1560 0
1614 0
1647 0
1651 0
1690 0
1706 0
1718 0
1805 0
1851 0
1928 0
1944 0
1997 0
2042 0
2072 0
2079 0
2117 0
2132 0
2148 0
2175 0
2179 0
2307 0
2333 0
2352 0
2426 0
2466 0
2538 0
2561 0
2656 0
2680 0
2738 0
2794 0
2858 0
2886 0
2916 0
3033 0
3051 0
3063 0
3093 0
3095 0
3140 0
3149 0
3168 0
3229 0
3268 0
3287 0
3368 0
3411 0
3491 0
3504 0
3532 0
3556 0
3586 0
3619 0
3660 0
3676 0
3804 0
3840 0
3937 0
3948 0
3986 0
4032 0
4205 0
4255 0
4313 0
4396 0
4435 0
4470 0
4507 0
4547 0
4603 0
4611 0
4669 0
4677 0
4715 0
4736 0
4763 0
4790 0
4825 0
4878 0
