338 0
349 0
428 0
466 0
487 0
523 0
558 0
571 0
615 0
641 0
648 0
715 0
839 0
865 0
994 0
1015 0
1198 0
1214 0
1271 0
1298 0
1329 0
1355 0
1420 0
1430 0
1517 0
1538 0
1574 0
1588 0
1658 0
1685 0
1757 0
1810 0
1824 0
1906 0
1950 0
2043 0
2067 0
2120 0
2127 0
2151 0
2172 0
2190 0
2204 0
2259 0
2267 0
2311 0
2341 0
2428 0
2469 0
2519 0
2690 0
2742 0
2794 0
2876 0
2915 0
2951 0
2964 0
3012 0
3040 0
3059 0
3061 0
3086 0
3105 0
3152 0
3174 0
3270 0
3311 0
3398 0
3416 0
3459 0
3535 0
3554 0
3624 0
3648 0
3680 0
3695 0
3789 0
3804 0
3871 0
3883 0
3919 0
3954 0
3999 0
4013 0
4210 0
4224 0
4356 0
4371 0
4494 0
4570 0
4589 0
4602 0
4642 0
4672 0
4708 0
4731 0
4747 0
4790 0
4873 0
4887 0
