315 0
365 0
411 0
444 0
472 0
477 0
507 0
542 0
572 0
608 0
648 0
687 0
776 0
797 0
858 0
906 0
933 0
947 0
978 0
1011 0
1044 0
1115 0
1126 0
1180 0
1225 0
1273 0
1296 0
1351 0
1390 0
1509 0
1559 0
1570 0
1763 0
1771 0
1789 0
1832 0
1852 0
1858 0
1910 0
1946 0
2194 0
2258 0
2277 0
2287 0
2385 0
2445 0
2457 0
2519 0
2580 0
2596 0
2620 0
2644 0
2692 0
2755 0
2779 0
2829 0
2935 0
2942 0
2964 0
3019 0
3265 0
3307 0
3354 0
3380 0
3393 0
3430 0
3436 0
3457 0
3654 0
3661 0
3717 0
3841 0
3867 0
3924 0
3951 0
3979 0
4031 0
4082 0
4108 0
4166 0
4207 0
4236 0
4282 0
4289 0
4311 0
4360 0
4425 0
4439 0
4532 0
4567 0
4616 0
4646 0
4681 0
4724 0
4736 0
4754 0
4776 0
4796 0
4857 0
4909 0
