313 0
366 0
394 0
471 0
498 0
520 0
533 0
557 0
632 0
654 0
665 0
693 0
715 0
793 0
831 0
854 0
934 0
937 0
1033 0
1052 0
1075 0
1148 0
1174 0
1316 0
1368 0
1524 0
1545 0
1638 0
1662 0
1678 0
1690 0
1754 0
1850 0
1905 0
1957 0
1994 0
2012 0
2058 0
2084 0
2172 0
2241 0
2264 0
2303 0
2371 0
2393 0
2402 0
2437 0
2464 0
2486 0
2578 0
2643 0
2727 0
2756 0
2781 0
2821 0
2836 0
2844 0
2921 0
2948 0
2984 0
3054 0
3136 0
3151 0
3201 0
3228 0
3253 0
3311 0
3375 0
3463 0
3520 0
3552 0
3557 0
3575 0
3678 0
3702 0
3845 0
3905 0
4042 0
4075 0
4144 0
4180 0
4189 0
4278 0
4293 0
4356 0
4400 0
4426 0
4503 0
4529 0
4540 0
4572 0
4585 0
4669 0
4684 0
4695 0
4725 0
4753 0
4819 0
4852 0
4901 0
