352 0
373 0
400 0
457 0
487 0
546 0
630 0
649 0
729 0
779 0
806 0
858 0
932 0
944 0
1027 0
1041 0
1056 0
1121 0
1142 0
1239 0
1289 0
1329 0
1365 0
1378 0
1499 0
1515 0
1539 0
1557 0
1662 0
1672 0
1697 0
1721 0
1755 0
1830 0
1850 0
1897 0
1905 0
1960 0
2021 0
2047 0
2104 0
2140 0
2148 0
2161 0
2207 0
2222 0
2230 0
2351 0
2379 0
2451 0
2527 0
2687 0
2765 0
2854 0
2868 0
2989 0
3008 0
3013 0
3056 0
3075 0
3080 0
3119 0
3168 0
3211 0
3252 0
3306 0
3324 0
3370 0
3395 0
3462 0
3487 0
3530 0
3537 0
3568 0
3661 0
3680 0
3699 0
3710 0
3829 0
3848 0
3878 0
3939 0
3993 0
4069 0
4105 0
4160 0
4180 0
4189 0
4270 0
4285 0
4361 0
4414 0
4438 0
4502 0
4560 0
4580 0
4661 0
4739 0
4770 0
4812 0
4847 0
4870 0
