326 0
353 0
383 0
395 0
433 0
600 0
638 0
678 0
692 0
751 0
899 0
928 0
989 0
1036 0
1097 0
1110 0
1153 0
1219 0
1231 0
1289 0
1327 0
1380 0
1407 0
1415 0
1494 0
1499 0
1554 0
1631 0
1633 0
1661 0
1685 0
1730 0
1784 0
1851 0
1874 0
1935 0
2015 0
2121 0
2133 0
2169 0
2179 0
2202 0
2212 0
2256 0
2284 0
2342 0
2355 0
2369 0
2391 0
2409 0
2417 0
2472 0
2514 0
2534 0
2684 0
2716 0
2738 0
2800 0
2821 0
2828 0
2842 0
2866 0
2875 0
2929 0
2966 0
3002 0
3021 0
3033 0
3049 0
3088 0
3109 0
3208 0
3297 0
3333 0
3374 0
3445 0
3487 0
3520 0
3558 0
3576 0
3602 0
3658 0
3722 0
3735 0
3801 0
3813 0
3827 0
3880 0
3940 0
3986 0
4001 0
4067 0
4105 0
4117 0
4195 0
4231 0
4298 0
4323 0
4460 0
4538 0
4544 0
4583 0
4610 0
4789 0
4821 0
4836 0
4866 0
4894 0
