346 0
390 0
446 0
491 0
500 0
529 0
606 0
626 0
630 0
771 0
790 0
804 0
823 0
888 0
940 0
994 0
1073 0
1098 0
1138 0
1152 0
1216 0
1234 0
1280 0
1329 0
1372 0
1405 0
1426 0
1429 0
1463 0
1483 0
1498 0
1555 0
1587 0
1628 0
1637 0
1677 0
1710 0
1758 0
1865 0
1901 0
1910 0
2010 0
2067 0
2105 0
2129 0
2218 0
2242 0
2270 0
2301 0
2344 0
2459 0
2486 0
2511 0
2706 0
2735 0
2759 0
2883 0
2913 0
2948 0
2984 0
2993 0
3080 0
3113 0
3157 0
3201 0
3304 0
3323 0
3356 0
3460 0
3503 0
3551 0
3572 0
3597 0
3629 0
3659 0
3720 0
3729 0
3756 0
3784 0
3797 0
3824 0
3850 0
3883 0
3939 0
3992 0
3999 0
4071 0
4085 0
4116 0
4143 0
4225 0
4283 0
4329 0
4389 0
4404 0
4424 0
4448 0
4585 0
4598 0
4609 0
4689 0
4712 0
4742 0
4769 0
4832 0
4867 0
