356 0
472 0
484 0
494 0
533 0
570 0
609 0
638 0
659 0
683 0
709 0
781 0
793 0
817 0
835 0
890 0
911 0
983 0
987 0
1061 0
1100 0
1154 0
1198 0
1250 0
1370 0
1414 0
1536 0
1616 0
1641 0
1722 0
1787 0
1810 0
1833 0
1900 0
1908 0
2078 0
2097 0
2151 0
2178 0
2254 0
2276 0
2292 0
2307 0
2334 0
2376 0
2468 0
2523 0
2535 0
2575 0
2585 0
2633 0
2641 0
2681 0
2702 0
2742 0
2853 0
2881 0
2911 0
2940 0
2946 0
2959 0
3038 0
3074 0
3114 0
3130 0
3312 0
3318 0
3387 0
3415 0
3433 0
3487 0
3571 0
3597 0
3680 0
3792 0
3857 0
3975 0
4018 0
4079 0
4125 0
4153 0
4219 0
4245 0
4310 0
4320 0
4374 0
4398 0
4423 0
4453 0
4512 0
4535 0
4570 0
4583 0
4618 0
4644 0
4685 0
4716 0
4732 0
4754 0
4867 0
