416 0
430 0
495 0
511 0
572 0
657 0
667 0
754 0
914 0
924 0
985 0
996 0
1068 0
1090 0
1108 0
1143 0
1177 0
1259 0
1301 0
1324 0
1373 0
1389 0
1410 0
1419 0
1470 0
1501 0
1562 0
1592 0
1707 0
1729 0
1767 0
1779 0
1806 0
1844 0
1855 0
1876 0
1900 0
1916 0
1930 0
1994 0
2067 0
2163 0
2207 0
2230 0
2272 0
2293 0
2303 0
2335 0
2481 0
2527 0
2546 0
2585 0
2628 0
2675 0
2693 0
2740 0
2888 0
2922 0
2938 0
2949 0
2977 0
3010 0
3053 0
3148 0
3229 0
3285 0
3309 0
3327 0
3339 0
3354 0
3374 0
3406 0
3444 0
3464 0
3498 0
3506 0
3635 0
3667 0
3711 0
3742 0
3798 0
3820 0
3841 0
3852 0
3895 0
3914 0
3947 0
4035 0
4077 0
4101 0
4124 0
4159 0
4229 0
4239 0
4286 0
4313 0
4458 0
4555 0
4559 0
4643 0
4701 0
4715 0
4789 0
4795 0
