316 0
372 0
394 0
417 0
484 0
497 0
532 0
625 0
631 0
679 0
685 0
768 0
800 0
860 0
958 0
1053 0
1137 0
1147 0
1238 0
1266 0
1276 0
1333 0
1356 0
1397 0
1427 0
1437 0
1475 0
1497 0
1541 0
1590 0
1647 0
1661 0
1766 0
1808 0
1869 0
1949 0
1957 0
1992 0
2007 0
2088 0
2137 0
2149 0
2165 0
2255 0
2331 0
2375 0
2402 0
2490 0
2525 0
2543 0
2580 0
2590 0
2626 0
2636 0
2679 0
2701 0
2724 0
2812 0
2853 0
2884 0
2969 0
3048 0
3070 0
3091 0
3134 0
3203 0
3219 0
3252 0
3276 0
3364 0
3416 0
3455 0
3556 0
3581 0
3629 0
3678 0
3715 0
3747 0
3780 0
3805 0
3819 0
3868 0
3886 0
3932 0
3946 0
3991 0
4079 0
4085 0
4167 0
4263 0
4364 0
4416 0
4453 0
4523 0
4549 0
4575 0
4596 0
4678 0
4722 0
4730 0
4808 0
4818 0
4850 0
4912 0
