307 0
354 0
423 0
427 0
455 0
492 0
550 0
637 0
721 0
737 0
752 0
810 0
831 0
890 0
985 0
1023 0
1048 0
1078 0
1123 0
1148 0
1201 0
1259 0
1331 0
1357 0
1410 0
1501 0
1521 0
1544 0
1651 0
1682 0
1693 0
1770 0
1794 0
1835 0
1851 0
1859 0
1873 0
1911 0
1977 0
1993 0
2020 0
2044 0
2070 0
2132 0
2225 0
2246 0
2281 0
2457 0
2529 0
2541 0
2557 0
2653 0
2684 0
2689 0
2768 0
2940 0
2964 0
3003 0
3081 0
3147 0
3172 0
3207 0
3225 0
3232 0
3308 0
3347 0
3352 0
3375 0
3389 0
3421 0
3447 0
3523 0
3539 0
3555 0
3683 0
3696 0
3714 0
3824 0
3864 0
3884 0
3951 0
4021 0
4071 0
4090 0
4143 0
4167 0
4188 0
4238 0
4329 0
4389 0
4414 0
4468 0
4486 0
4504 0
4586 0
4662 0
4736 0
4776 0
4785 0
4809 0
4863 0
4899 0
