321 0
341 0
365 0
429 0
633 0
707 0
723 0
737 0
768 0
787 0
913 0
927 0
980 0
1001 0
1010 0
1073 0
1175 0
1193 0
1247 0
1313 0
1340 0
1368 0
1401 0
1484 0
1534 0
1559 0
1572 0
1681 0
1793 0
1809 0
1851 0
1873 0
1896 0
1908 0
1932 0
1991 0
2020 0
2051 0
2076 0
2095 0
2124 0
2186 0
2194 0
2347 0
2369 0
2399 0
2458 0
2523 0
2544 0
2559 0
2583 0
2641 0
2659 0
2680 0
2701 0
2756 0
2806 0
2844 0
2860 0
3013 0
3039 0
3104 0
3114 0
3142 0
3168 0
3200 0
3222 0
3282 0
3312 0
3327 0
3335 0
3372 0
3416 0
3430 0
3550 0
3653 0
3659 0
3681 0
3724 0
3824 0
3856 0
3885 0
3895 0
3965 0
4025 0
4032 0
4142 0
4206 0
4226 0
4234 0
4300 0
4313 0
4430 0
4444 0
4476 0
4504 0
4507 0
4584 0
4792 0
4855 0
4866 0
4903 0
