321 0
464 0
487 0
567 0
654 0
682 0
709 0
725 0
732 0
779 0
866 0
895 0
1018 0
1081 0
1110 0
1124 0
1187 0
1249 0
1280 0
1312 0
1390 0
1418 0
1510 0
1536 0
1572 0
1631 0
1693 0
1780 0
1787 0
1833 0
1846 0
1857 0
1902 0
1941 0
2073 0
2160 0
2188 0
2232 0
2255 0
2264 0
2292 0
2339 0
2372 0
2427 0
2434 0
2484 0
2503 0
2522 0
2540 0
2568 0
2638 0
2678 0
2698 0
2717 0
2721 0
2782 0
2804 0
2846 0
2878 0
2929 0
2942 0
2960 0
2985 0
3034 0
3050 0
3156 0
3266 0
3322 0
3357 0
3369 0
3397 0
3429 0
3440 0
3526 0
3593 0
3650 0
3674 0
3714 0
3798 0
3840 0
3906 0
3928 0
3973 0
4032 0
4093 0
4109 0
4134 0
4207 0
4325 0
4361 0
4442 0
4481 0
4492 0
4520 0
4524 0
4562 0
4649 0
4733 0
4759 0
4907 0
