327 0
387 0
398 0
443 0
470 0
509 0
535 0
550 0
575 0
614 0
634 0
691 0
711 0
751 0
825 0
972 0
1019 0
1050 0
1144 0
1179 0
1197 0
1220 0
1227 0
1311 0
1340 0
1347 0
1392 0
1444 0
1469 0
1544 0
1557 0
1579 0
1653 0
1671 0
1730 0
1753 0
1773 0
1831 0
1881 0
1903 0
1912 0
2004 0
2086 0
2166 0
2202 0
2224 0
2255 0
2286 0
2301 0
2378 0
2422 0
2457 0
2502 0
2560 0
2658 0
2717 0
2759 0
2801 0
2841 0
2919 0
2938 0
2969 0
3005 0
3017 0
3052 0
3144 0
3221 0
3302 0
3317 0
3346 0
3398 0
3444 0
3462 0
3500 0
3538 0
3562 0
3644 0
3666 0
3680 0
3747 0
3788 0
3838 0
3874 0
3883 0
3903 0
3994 0
4000 0
4021 0
4037 0
4072 0
4171 0
4212 0
4249 0
4390 0
4470 0
4520 0
4531 0
4586 0
4602 0
4646 0
4664 0
4691 0
4717 0
4744 0
4773 0
4813 0
4842 0
4890 0
