333 0
345 0
376 0
526 0
548 0
640 0
659 0
700 0
757 0
772 0
794 0
921 0
957 0
980 0
1018 0
1051 0
1055 0
1177 0
1192 0
1236 0
1268 0
1276 0
1363 0
1391 0
1403 0
1443 0
1477 0
1506 0
1620 0
1765 0
1849 0
1890 0
1953 0
1966 0
2095 0
2134 0
2164 0
2205 0
2238 0
2263 0
2284 0
2298 0
2370 0
2411 0
2443 0
2452 0
2474 0
2498 0
2526 0
2541 0
2582 0
2642 0
2675 0
2702 0
2730 0
2739 0
2765 0
2772 0
2810 0
2852 0
2920 0
2925 0
2949 0
2986 0
3015 0
3057 0
3092 0
3115 0
3249 0
3267 0
3316 0
3376 0
3460 0
3596 0
3712 0
3750 0
3784 0
3810 0
3830 0
3855 0
3931 0
3956 0
3979 0
4021 0
4036 0
4150 0
4170 0
4206 0
4244 0
4258 0
4296 0
4435 0
4438 0
4470 0
4507 0
4562 0
4577 0
4666 0
4708 0
4829 0
4873 0
4882 0
