363 0
379 0
460 0
486 0
519 0
529 0
575 0
644 0
682 0
703 0
736 0
793 0
829 0
837 0
853 0
966 0
989 0
1014 0
1033 0
1130 0
1149 0
1204 0
1211 0
1251 0
1338 0
1367 0
1395 0
1503 0
1529 0
1551 0
1576 0
1625 0
1638 0
1718 0
1756 0
1799 0
1827 0
1860 0
1939 0
2055 0
2101 0
2153 0
2160 0
2190 0
2260 0
2264 0
2352 0
2381 0
2463 0
2512 0
2521 0
2577 0
2638 0
2690 0
2714 0
2760 0
2835 0
2858 0
2949 0
2972 0
3035 0
3045 0
3064 0
3121 0
3168 0
3267 0
3354 0
3399 0
3426 0
3462 0
3491 0
3575 0
3603 0
3641 0
3666 0
3690 0
3710 0
3818 0
3858 0
3878 0
3964 0
4007 0
4027 0
4077 0
4081 0
4194 0
4206 0
4222 0
4252 0
4360 0
4378 0
4402 0
4435 0
4481 0
4519 0
4527 0
4579 0
4653 0
4681 0
4707 0
4740 0
4744 0
4832 0
4853 0
