365 0
390 0
495 0
520 0
533 0
631 0
744 0
796 0
804 0
849 0
857 0
894 0
927 0
977 0
1038 0
1109 0
1152 0
1179 0
1205 0
1208 0
1305 0
1317 0
1350 0
1388 0
1478 0
1480 0
1504 0
1522 0
1544 0
1588 0
1603 0
1713 0
1721 0
1754 0
1773 0
1845 0
1902 0
1927 0
1971 0
1996 0
2089 0
2175 0
2183 0
2224 0
2235 0
2283 0
2306 0
2434 0
2463 0
2469 0
2498 0
2560 0
2665 0
2731 0
2746 0
2760 0
2781 0
2919 0
2930 0
2990 0
2996 0
3029 0
3045 0
3135 0
3222 0
3251 0
3288 0
3321 0
3378 0
3435 0
3459 0
3493 0
3509 0
3616 0
3622 0
3681 0
3695 0
3721 0
3725 0
3750 0
3838 0
3862 0
3895 0
3920 0
4000 0
4018 0
4041 0
4078 0
4103 0
4178 0
4235 0
4295 0
4321 0
4366 0
4373 0
4405 0
4428 0
4482 0
4589 0
4678 0
4699 0
4713 0
4844 0
4859 0
