347 0
363 0
396 0
507 0
564 0
645 0
647 0
704 0
727 0
739 0
751 0
792 0
897 0
903 0
926 0
1004 0
1100 0
1149 0
1278 0
1335 0
1344 0
1365 0
1396 0
1426 0
1441 0
1524 0
1562 0
1591 0
1603 0
1767 0
1788 0
1816 0
1820 0
1844 0
1865 0
1876 0
1894 0
1917 0
1964 0
2086 0
2093 0
2141 0
2208 0
2299 0
2344 0
2347 0
2369 0
2515 0
2519 0
2564 0
2665 0
2697 0
2709 0
2846 0
2870 0
2878 0
2919 0
3019 0
3079 0
3115 0
3134 0
3252 0
3311 0
3317 0
3336 0
3356 0
3380 0
3392 0
3410 0
3429 0
3467 0
3609 0
3624 0
3665 0
3704 0
3778 0
3799 0
3810 0
3856 0
3870 0
3892 0
3939 0
4077 0
4127 0
4208 0
4300 0
4309 0
4330 0
4423 0
4456 0
4479 0
4504 0
4519 0
4567 0
4574 0
4642 0
4722 0
4822 0
4851 0
4877 0
