352 0
383 0
405 0
565 0
625 0
662 0
670 0
749 0
809 0
831 0
940 0
963 0
1002 0
1039 0
1074 0
1101 0
1114 0
1146 0
1182 0
1256 0
1262 0
1357 0
1396 0
1436 0
1470 0
1524 0
1535 0
1585 0
1627 0
1713 0
1727 0
1763 0
1775 0
1844 0
1897 0
1923 0
1992 0
2017 0
2056 0
2087 0
2106 0
2149 0
2198 0
2216 0
2248 0
2262 0
2351 0
2372 0
2427 0
2480 0
2502 0
2535 0
2574 0
2650 0
2671 0
2714 0
2740 0
2796 0
2845 0
2865 0
2944 0
2966 0
3007 0
3018 0
3070 0
3125 0
3132 0
3167 0
3203 0
3217 0
3291 0
3320 0
3382 0
3436 0
3464 0
3491 0
3513 0
3600 0
3622 0
3676 0
3701 0
3755 0
3776 0
3819 0
3868 0
3956 0
3977 0
4035 0
4064 0
4113 0
4121 0
4144 0
4170 0
4227 0
4258 0
4270 0
4394 0
4406 0
4456 0
4553 0
4565 0
4601 0
4646 0
4812 0
4838 0
4869 0
