333 0
415 0
477 0
518 0
613 0
657 0
723 0
733 0
753 0
846 0
886 0
943 0
1016 0
1032 0
1043 0
1081 0
1114 0
1186 0
1202 0
1249 0
1324 0
1335 0
1404 0
1466 0
1523 0
1542 0
1583 0
1603 0
1643 0
1656 0
1726 0
1758 0
1781 0
1816 0
1837 0
1862 0
1891 0
1944 0
2016 0
2080 0
2100 0
2121 0
2157 0
2184 0
2266 0
2306 0
2341 0
2364 0
2396 0
2407 0
2525 0
2587 0
2633 0
2688 0
2818 0
2827 0
2840 0
2885 0
2918 0
2950 0
3029 0
3075 0
3110 0
3124 0
3132 0
3201 0
3275 0
3327 0
3353 0
3372 0
3415 0
3450 0
3459 0
3501 0
3557 0
3583 0
3619 0
3624 0
3684 0
3698 0
3747 0
3821 0
3887 0
3894 0
3976 0
4019 0
4045 0
4109 0
4146 0
4181 0
4188 0
4213 0
4269 0
4323 0
4384 0
4459 0
4481 0
4495 0
4567 0
4602 0
4694 0
4738 0
4805 0
4887 0
