320 0
324 0
349 0
410 0
457 0
488 0
554 0
574 0
641 0
719 0
772 0
803 0
819 0
864 0
914 0
989 0
1064 0
1127 0
1177 0
1234 0
1248 0
1322 0
1403 0
1436 0
1490 0
1498 0
1605 0
1646 0
1661 0
1800 0
1848 0
1861 0
1872 0
1896 0
1909 0
1954 0
2007 0
2052 0
2073 0
2080 0
2100 0
2109 0
2203 0
2231 0
2293 0
2337 0
2360 0
2408 0
2423 0
2501 0
2590 0
2628 0
2705 0
2796 0
2811 0
2860 0
2876 0
2933 0
2978 0
3016 0
3099 0
3113 0
3129 0
3157 0
3177 0
3201 0
3270 0
3313 0
3327 0
3335 0
3358 0
3379 0
3424 0
3558 0
3586 0
3615 0
3714 0
3736 0
3781 0
3819 0
3899 0
3975 0
3986 0
4034 0
4084 0
4159 0
4232 0
4307 0
4367 0
4396 0
4416 0
4442 0
4500 0
4587 0
4657 0
4663 0
4739 0
4764 0
4802 0
4874 0
4890 0
4903 0
