344 0
431 0
502 0
523 0
622 0
641 0
678 0
693 0
723 0
759 0
823 0
836 0
864 0
889 0
960 0
1002 0
1004 0
1027 0
1077 0
1143 0
1262 0
1342 0
1370 0
1395 0
1419 0
1440 0
1497 0
1600 0
1625 0
1646 0
1665 0
1675 0
1753 0
1810 0
1916 0
2009 0
2072 0
2196 0
2217 0
2232 0
2267 0
2279 0
2379 0
2424 0
2455 0
2466 0
2537 0
2563 0
2579 0
2595 0
2629 0
2647 0
2655 0
2679 0
2751 0
2760 0
2793 0
2847 0
2933 0
2943 0
2988 0
3004 0
3012 0
3150 0
3203 0
3303 0
3416 0
3452 0
3551 0
3554 0
3579 0
3593 0
3606 0
3716 0
3778 0
3805 0
3819 0
3858 0
3883 0
3957 0
4078 0
4145 0
4195 0
4211 0
4220 0
4258 0
4324 0
4365 0
4372 0
4394 0
4469 0
4498 0
4538 0
4546 0
4585 0
4594 0
4699 0
4721 0
4782 0
4873 0
