320 0
325 0
398 0
414 0
438 0
460 0
504 0
537 0
576 0
730 0
778 0
804 0
830 0
996 0
1015 0
1073 0
1111 0
1133 0
1202 0
1252 0
1267 0
1276 0
1313 0
1370 0
1418 0
1430 0
1525 0
1535 0
1567 0
1623 0
1664 0
1675 0
1716 0
1794 0
1837 0
1864 0
1899 0
1923 0
2002 0
2009 0
2062 0
2082 0
2140 0
2356 0
2378 0
2410 0
2435 0
2450 0
2485 0
2557 0
2579 0
2589 0
2630 0
2650 0
2658 0
2727 0
2755 0
2776 0
2818 0
2855 0
2865 0
3088 0
3129 0
3149 0
3207 0
3217 0
3293 0
3316 0
3358 0
3381 0
3425 0
3509 0
3538 0
3562 0
3600 0
3642 0
3675 0
3701 0
3781 0
3807 0
3856 0
3908 0
3933 0
3949 0
3965 0
4014 0
4086 0
4110 0
4141 0
4201 0
4228 0
4397 0
4418 0
4443 0
4498 0
4645 0
4680 0
4711 0
4755 0
4792 0
4807 0
4812 0
4885 0
4904 0
