364 0
424 0
451 0
460 0
541 0
574 0
623 0
641 0
668 0
706 0
737 0
762 0
798 0
809 0
854 0
915 0
938 0
954 0
973 0
1028 0
1061 0
1099 0
1114 0
1123 0
1144 0
1178 0
1217 0
1300 0
1346 0
1371 0
1426 0
1578 0
1626 0
1633 0
1668 0
1696 0
1755 0
1798 0
1826 0
1859 0
1909 0
1987 0
1999 0
2017 0
2060 0
2102 0
2109 0
2216 0
2378 0
2423 0
2444 0
2459 0
2534 0
2553 0
2579 0
2650 0
2668 0
2682 0
2766 0
2774 0
2796 0
2850 0
3006 0
3100 0
3127 0
3149 0
3207 0
3222 0
3233 0
3306 0
3356 0
3385 0
3422 0
3466 0
3533 0
3541 0
3583 0
3589 0
3653 0
3801 0
3850 0
3866 0
3912 0
3996 0
4032 0
4076 0
4086 0
4102 0
4118 0
4159 0
4197 0
4247 0
4251 0
4275 0
4308 0
4366 0
4404 0
4433 0
4458 0
4477 0
4513 0
4546 0
4583 0
4599 0
4644 0
4677 0
4755 0
4776 0
4803 0
4860 0
