387 0
422 0
428 0
497 0
521 0
534 0
576 0
631 0
674 0
772 0
805 0
951 0
962 0
971 0
1028 0
1135 0
1186 0
1236 0
1266 0
1282 0
1328 0
1359 0
1395 0
1416 0
1438 0
1551 0
1572 0
1631 0
1675 0
1710 0
1723 0
1782 0
1810 0
1846 0
1908 0
1934 0
1949 0
1967 0
2086 0
2117 0
2136 0
2174 0
2190 0
2266 0
2398 0
2447 0
2521 0
2536 0
2578 0
2586 0
2624 0
2638 0
2683 0
2694 0
2772 0
2807 0
2957 0
3040 0
3050 0
3089 0
3100 0
3138 0
3248 0
3280 0
3286 0
3309 0
3374 0
3402 0
3448 0
3492 0
3510 0
3541 0
3588 0
3647 0
3669 0
3782 0
3807 0
3821 0
3862 0
3878 0
3939 0
3954 0
3993 0
4034 0
4092 0
4193 0
4239 0
4265 0
4275 0
4405 0
4443 0
4540 0
4585 0
4644 0
4685 0
4698 0
4713 0
4790 0
4808 0
4836 0
