360 0
399 0
432 0
469 0
489 0
514 0
538 0
613 0
751 0
784 0
804 0
824 0
847 0
860 0
983 0
989 0
1042 0
1103 0
1129 0
1221 0
1231 0
1286 0
1318 0
1349 0
1379 0
1444 0
1488 0
1559 0
1589 0
1648 0
1687 0
1710 0
1731 0
1775 0
1822 0
1869 0
1880 0
1978 0
2063 0
2143 0
2174 0
2237 0
2339 0
2453 0
2488 0
2513 0
2534 0
2553 0
2591 0
2631 0
2663 0
2677 0
2704 0
2726 0
2769 0
2877 0
2985 0
3049 0
3062 0
3156 0
3242 0
3335 0
3356 0
3396 0
3442 0
3489 0
3518 0
3524 0
3579 0
3629 0
3656 0
3725 0
3785 0
3831 0
3874 0
3894 0
3941 0
3986 0
4000 0
4085 0
4126 0
4172 0
4217 0
4235 0
4366 0
4382 0
4389 0
4418 0
4432 0
4456 0
4591 0
4677 0
4708 0
4729 0
4757 0
4788 0
4816 0
4852 0
