350 0
416 0
475 0
556 0
575 0
626 0
650 0
683 0
724 0
772 0
846 0
903 0
921 0
965 0
980 0
1028 0
1049 0
1060 0
1081 0
1127 0
1203 0
1239 0
1259 0
1296 0
1386 0
1469 0
1519 0
1542 0
1566 0
1662 0
1677 0
1698 0
1761 0
1784 0
1816 0
1891 0
1911 0
1923 0
2066 0
2093 0
2115 0
2143 0
2273 0
2308 0
2406 0
2424 0
2464 0
2513 0
2527 0
2700 0
2716 0
2759 0
2800 0
2806 0
2909 0
2947 0
3069 0
3108 0
3118 0
3146 0
3297 0
3309 0
3317 0
3410 0
3442 0
3457 0
3524 0
3547 0
3554 0
3648 0
3674 0
3692 0
3752 0
3830 0
3919 0
3955 0
3990 0
4028 0
4088 0
4146 0
4157 0
4181 0
4189 0
4234 0
4253 0
4286 0
4315 0
4384 0
4443 0
4500 0
4526 0
4561 0
4597 0
4650 0
4662 0
4757 0
4796 0
4868 0
