319 0
324 0
390 0
397 0
463 0
483 0
633 0
664 0
704 0
717 0
756 0
774 0
828 0
848 0
917 0
944 0
997 0
1076 0
1193 0
1230 0
1250 0
1272 0
1297 0
1322 0
1337 0
1379 0
1481 0
1527 0
1538 0
1591 0
1616 0
1688 0
1763 0
1825 0
1869 0
1969 0
2002 0
2068 0
2096 0
2134 0
2171 0
2183 0
2195 0
2269 0
2282 0
2387 0
2399 0
2418 0
2432 0
2468 0
2556 0
2595 0
2629 0
2666 0
2743 0
2784 0
2793 0
2820 0
2825 0
2932 0
2944 0
3011 0
3042 0
3054 0
3078 0
3124 0
3159 0
3228 0
3248 0
3363 0
3390 0
3463 0
3524 0
3596 0
3633 0
3676 0
3704 0
3730 0
3840 0
3881 0
3897 0
3926 0
3952 0
3972 0
3979 0
4018 0
4144 0
4223 0
4283 0
4304 0
4373 0
4402 0
4440 0
4462 0
4494 0
4514 0
4553 0
4584 0
4742 0
4757 0
4824 0
4840 0
4881 0
4904 0
