315 0
333 0
389 0
407 0
507 0
601 0
613 0
661 0
671 0
683 0
755 0
781 0
825 0
925 0
1012 0
1032 0
1065 0
1075 0
1106 0
1178 0
1251 0
1324 0
1369 0
1391 0
1398 0
1424 0
1552 0
1572 0
1591 0
1694 0
1703 0
1733 0
1818 0
1832 0
1847 0
1865 0
1946 0
1999 0
2053 0
2069 0
2098 0
2145 0
2181 0
2292 0
2340 0
2462 0
2505 0
2571 0
2586 0
2630 0
2646 0
2710 0
2762 0
2883 0
2931 0
3041 0
3070 0
3115 0
3154 0
3174 0
3228 0
3275 0
3365 0
3375 0
3395 0
3402 0
3487 0
3518 0
3523 0
3635 0
3651 0
3670 0
3797 0
3809 0
3836 0
3856 0
3897 0
3977 0
4032 0
4105 0
4140 0
4160 0
4187 0
4202 0
4299 0
4399 0
4443 0
4469 0
4524 0
4540 0
4565 0
4601 0
4611 0
4725 0
4816 0
4835 0
4881 0
4902 0
