358 0
396 0
418 0
436 0
468 0
478 0
565 0
614 0
642 0
679 0
704 0
743 0
804 0
842 0
861 0
940 0
970 0
995 0
1045 0
1064 0
1090 0
1136 0
1188 0
1194 0
1277 0
1417 0
1503 0
1545 0
1568 0
1658 0
1680 0
1686 0
1753 0
1815 0
1848 0
1858 0
1925 0
1953 0
1981 0
2014 0
2207 0
2216 0
2235 0
2265 0
2283 0
2307 0
2406 0
2427 0
2466 0
2487 0
2506 0
2539 0
2599 0
2631 0
2671 0
2718 0
2723 0
2743 0
2796 0
2806 0
2916 0
2925 0
2953 0
2983 0
2999 0
3020 0
3207 0
3234 0
3269 0
3297 0
3364 0
3369 0
3401 0
3458 0
3529 0
3539 0
3557 0
3651 0
3686 0
3708 0
3794 0
3933 0
4024 0
4031 0
4086 0
4122 0
4150 0
4179 0
4220 0
4245 0
4278 0
4368 0
4382 0
4410 0
4476 0
4506 0
4549 0
4579 0
4598 0
4651 0
4730 0
4749 0
4782 0
4805 0
4826 0
4854 0
