325 0
416 0
455 0
508 0
526 0
528 0
728 0
752 0
798 0
819 0
844 0
858 0
885 0
942 0
1028 0
1118 0
1143 0
1204 0
1236 0
1281 0
1296 0
1416 0
1474 0
1562 0
1577 0
1656 0
1778 0
1817 0
1824 0
1864 0
1944 0
1963 0
1986 0
2001 0
2099 0
2131 0
2191 0
2224 0
2229 0
2294 0
2377 0
2381 0
2404 0
2433 0
2511 0
2521 0
2556 0
2599 0
2620 0
2665 0
2702 0
2717 0
2776 0
2817 0
2823 0
2854 0
2936 0
2988 0
3000 0
3028 0
3093 0
3118 0
3219 0
3231 0
3258 0
3273 0
3364 0
3393 0
3403 0
3447 0
3556 0
3652 0
3668 0
3749 0
3799 0
3921 0
3943 0
3982 0
4013 0
4069 0
4107 0
4191 0
4282 0
4334 0
4361 0
4376 0
4401 0
4431 0
4468 0
4492 0
4691 0
4705 0
4721 0
4761 0
4797 0
4886 0
