317 0
382 0
409 0
473 0
570 0
636 0
674 0
713 0
732 0
760 0
780 0
818 0
847 0
902 0
938 0
971 0
1029 0
1053 0
1101 0
1137 0
1185 0
1199 0
1240 0
1254 0
1273 0
1297 0
1334 0
1362 0
1421 0
1475 0
1495 0
1572 0
1588 0
1675 0
1697 0
1704 0
1732 0
1752 0
1773 0
1811 0
1866 0
1906 0
1961 0
2001 0
2189 0
2285 0
2367 0
2399 0
2426 0
2544 0
2558 0
2585 0
2625 0
2665 0
2680 0
2802 0
2815 0
2854 0
2926 0
3036 0
3216 0
3262 0
3302 0
3362 0
3414 0
3439 0
3463 0
3501 0
3516 0
3531 0
3537 0
3628 0
3642 0
3725 0
3743 0
3803 0
3858 0
3887 0
3914 0
3945 0
3970 0
3980 0
4015 0
4043 0
4090 0
4119 0
4180 0
4196 0
4241 0
4279 0
4317 0
4377 0
4400 0
4438 0
4456 0
4484 0
4515 0
4551 0
4582 0
4643 0
4753 0
4801 0
4841 0
4904 0
