371 0
393 0
509 0
572 0
607 0
627 0
640 0
662 0
702 0
723 0
737 0
779 0
783 0
887 0
920 0
936 0
999 0
1049 0
1064 0
1143 0
1200 0
1232 0
1307 0
1356 0
1482 0
1502 0
1523 0
1534 0
1562 0
1609 0
1633 0
1714 0
1799 0
1807 0
1863 0
1871 0
1970 0
1976 0
2000 0
2138 0
2197 0
2267 0
2281 0
2303 0
2342 0
2382 0
2406 0
2425 0
2480 0
2496 0
2507 0
2528 0
2538 0
2680 0
2699 0
2711 0
2724 0
2747 0
2800 0
2819 0
2823 0
2880 0
2921 0
2937 0
2951 0
3024 0
3082 0
3225 0
3245 0
3250 0
3340 0
3350 0
3406 0
3428 0
3503 0
3577 0
3607 0
3664 0
3685 0
3703 0
3721 0
3728 0
3875 0
3911 0
3989 0
4018 0
4078 0
4158 0
4176 0
4219 0
4274 0
4292 0
4323 0
4423 0
4446 0
4485 0
4493 0
4512 0
4560 0
4583 0
4602 0
4620 0
4648 0
4714 0
4822 0
4848 0
