381 0
436 0
461 0
490 0
515 0
631 0
719 0
759 0
800 0
900 0
908 0
998 0
1016 0
1025 0
1038 0
1057 0
1077 0
1114 0
1136 0
1141 0
1187 0
1298 0
1317 0
1342 0
1372 0
1384 0
1439 0
1477 0
1484 0
1575 0
1605 0
1665 0
1713 0
1801 0
1849 0
1902 0
2007 0
2065 0
2111 0
2134 0
2163 0
2178 0
2215 0
2272 0
2302 0
2348 0
2373 0
2420 0
2485 0
2511 0
2520 0
2555 0
2599 0
2620 0
2658 0
2697 0
2706 0
2729 0
2801 0
2849 0
2863 0
2917 0
2948 0
2997 0
3042 0
3054 0
3086 0
3096 0
3148 0
3199 0
3330 0
3376 0
3419 0
3514 0
3555 0
3614 0
3653 0
3729 0
3745 0
3785 0
3831 0
3855 0
3892 0
3901 0
3920 0
4032 0
4070 0
4094 0
4110 0
4137 0
4163 0
4166 0
4191 0
4202 0
4221 0
4309 0
4334 0
4407 0
4459 0
4501 0
4588 0
4704 0
4736 0
4750 0
4783 0
4843 0
