325 0
345 0
385 0
433 0
468 0
633 0
660 0
675 0
700 0
738 0
834 0
902 0
933 0
966 0
974 0
1026 0
1087 0
1096 0
1132 0
1180 0
1193 0
1240 0
1296 0
1334 0
1408 0
1416 0
1463 0
1517 0
1559 0
1573 0
1600 0
1774 0
1820 0
1860 0
1909 0
2042 0
2062 0
2100 0
2150 0
2170 0
2217 0
2254 0
2301 0
2343 0
2376 0
2387 0
2473 0
2497 0
2520 0
2555 0
2668 0
2689 0
2722 0
2750 0
2829 0
2849 0
2884 0
2912 0
2964 0
3008 0
3055 0
3064 0
3124 0
3160 0
3165 0
3308 0
3365 0
3389 0
3446 0
3616 0
3645 0
3657 0
3705 0
3741 0
3795 0
3819 0
3888 0
3926 0
3980 0
4021 0
4043 0
4093 0
4116 0
4141 0
4183 0
4245 0
4261 0
4291 0
4305 0
4376 0
4474 0
4519 0
4544 0
4568 0
4588 0
4747 0
4786 0
4831 0
4878 0
4892 0
