308 0
329 0
362 0
412 0
439 0
545 0
736 0
761 0
776 0
786 0
832 0
943 0
1008 0
1039 0
1070 0
1072 0
1153 0
1208 0
1234 0
1273 0
1291 0
1304 0
1335 0
1374 0
1399 0
1510 0
1528 0
1587 0
1614 0
1651 0
1695 0
1713 0
1793 0
1806 0
1821 0
1843 0
1873 0
1909 0
2015 0
2104 0
2143 0
2217 0
2236 0
2297 0
2341 0
2353 0
2383 0
2413 0
2503 0
2556 0
2582 0
2592 0
2633 0
2649 0
2665 0
2714 0
2808 0
2828 0
2864 0
2874 0
2915 0
2988 0
3001 0
3066 0
3116 0
3201 0
3305 0
3336 0
3378 0
3391 0
3416 0
3432 0
3503 0
3529 0
3561 0
3619 0
3634 0
3701 0
3710 0
3815 0
3856 0
3884 0
3925 0
3938 0
3947 0
3982 0
3996 0
4074 0
4137 0
4160 0
4178 0
4201 0
4282 0
4401 0
4430 0
4439 0
4457 0
4472 0
4666 0
4778 0
4801 0
4854 0
4891 0
4906 0
