326 0
341 0
406 0
436 0
490 0
517 0
539 0
650 0
675 0
711 0
737 0
758 0
915 0
1006 0
1053 0
1062 0
1097 0
1106 0
1137 0
1143 0
1222 0
1267 0
1338 0
1385 0
1404 0
1521 0
1558 0
1594 0
1634 0
1654 0
1692 0
1724 0
1899 0
1907 0
1930 0
1970 0
2058 0
2090 0
2110 0
2137 0
2165 0
2187 0
2207 0
2225 0
2305 0
2376 0
2401 0
2432 0
2455 0
2473 0
2553 0
2595 0
2628 0
2654 0
2753 0
2755 0
2776 0
2813 0
2854 0
2914 0
2993 0
3011 0
3041 0
3052 0
3088 0
3106 0
3132 0
3155 0
3262 0
3284 0
3305 0
3319 0
3499 0
3530 0
3562 0
3580 0
3628 0
3671 0
3692 0
3820 0
3828 0
3881 0
3957 0
4002 0
4076 0
4096 0
4106 0
4116 0
4155 0
4175 0
4214 0
4305 0
4469 0
4480 0
4512 0
4541 0
4568 0
4679 0
4698 0
4739 0
4793 0
4823 0
4873 0
4893 0
