337 0
349 0
412 0
481 0
511 0
559 0
610 0
635 0
658 0
666 0
716 0
745 0
761 0
909 0
923 0
993 0
1022 0
1048 0
1176 0
1217 0
1252 0
1267 0
1280 0
1344 0
1375 0
1384 0
1410 0
1425 0
1510 0
1545 0
1640 0
1696 0
1712 0
1718 0
1777 0
1832 0
1914 0
1971 0
2012 0
2069 0
2130 0
2163 0
2179 0
2229 0
2417 0
2476 0
2486 0
2529 0
2538 0
2576 0
2598 0
2622 0
2636 0
2678 0
2692 0
2728 0
2751 0
2791 0
2987 0
3042 0
3048 0
3081 0
3153 0
3201 0
3255 0
3307 0
3389 0
3438 0
3497 0
3515 0
3530 0
3572 0
3673 0
3709 0
3807 0
3823 0
3838 0
3847 0
3863 0
3939 0
3950 0
3968 0
4009 0
4039 0
4176 0
4191 0
4224 0
4299 0
4308 0
4467 0
4483 0
4489 0
4553 0
4559 0
4584 0
4611 0
4668 0
4696 0
4740 0
4799 0
4868 0
4881 0
