438 0
524 0
542 0
628 0
633 0
668 0
686 0
709 0
750 0
792 0
892 0
903 0
919 0
941 0
1012 0
1025 0
1117 0
1126 0
1193 0
1236 0
1243 0
1317 0
1335 0
1366 0
1433 0
1488 0
1541 0
1552 0
1595 0
1611 0
1653 0
1674 0
1685 0
1779 0
1801 0
1810 0
1848 0
1876 0
1909 0
2010 0
2086 0
2115 0
2179 0
2204 0
2219 0
2275 0
2284 0
2382 0
2405 0
2464 0
2528 0
2560 0
2572 0
2641 0
2660 0
2696 0
2761 0
2814 0
2824 0
2929 0
2956 0
3000 0
3023 0
3030 0
3105 0
3135 0
3205 0
3301 0
3346 0
3379 0
3410 0
3421 0
3450 0
3532 0
3550 0
3569 0
3615 0
3631 0
3659 0
3687 0
3731 0
3777 0
3855 0
3885 0
3900 0
3963 0
3982 0
4026 0
4088 0
4099 0
4187 0
4215 0
4268 0
4293 0
4312 0
4331 0
4423 0
4456 0
4518 0
4530 0
4540 0
4579 0
4605 0
4686 0
4696 0
4786 0
