307 0
372 0
381 0
394 0
444 0
537 0
555 0
636 0
658 0
711 0
736 0
766 0
839 0
895 0
914 0
923 0
1034 0
1066 0
1091 0
1182 0
1193 0
1283 0
1406 0
1468 0
1483 0
1542 0
1556 0
1586 0
1601 0
1716 0
1767 0
1770 0
1850 0
1900 0
1930 0
2014 0
2053 0
2065 0
2089 0
2188 0
2207 0
2215 0
2243 0
2267 0
2385 0
2399 0
2464 0
2506 0
2526 0
2553 0
2593 0
2623 0
2655 0
2701 0
2715 0
2758 0
2813 0
2833 0
2953 0
2989 0
3008 0
3020 0
3032 0
3143 0
3153 0
3163 0
3204 0
3285 0
3322 0
3382 0
3448 0
3454 0
3512 0
3612 0
3622 0
3666 0
3684 0
3727 0
3745 0
3810 0
3931 0
4017 0
4044 0
4127 0
4163 0
4191 0
4295 0
4304 0
4332 0
4384 0
4443 0
4473 0
4514 0
4563 0
4574 0
4667 0
4686 0
4761 0
4826 0
4841 0
4851 0
4908 0
