339 0
361 0
457 0
549 0
610 0
617 0
728 0
732 0
791 0
802 0
938 0
985 0
997 0
1103 0
1112 0
1234 0
1279 0
1307 0
1320 0
1331 0
1355 0
1368 0
1437 0
1503 0
1540 0
1594 0
1663 0
1691 0
1777 0
1789 0
1810 0
1821 0
1867 0
1873 0
1919 0
2011 0
2045 0
2067 0
2103 0
2158 0
2202 0
2240 0
2258 0
2281 0
2364 0
2394 0
2401 0
2420 0
2470 0
2485 0
2527 0
2565 0
2600 0
2629 0
2655 0
2694 0
2735 0
2741 0
2797 0
2810 0
2838 0
2849 0
2932 0
2965 0
2989 0
3021 0
3061 0
3117 0
3147 0
3165 0
3208 0
3300 0
3342 0
3357 0
3389 0
3407 0
3428 0
3449 0
3529 0
3554 0
3625 0
3679 0
3718 0
3781 0
3857 0
3867 0
3882 0
3898 0
3912 0
3943 0
3991 0
4105 0
4129 0
4229 0
4239 0
4272 0
4408 0
4433 0
4478 0
4497 0
4602 0
4613 0
4659 0
4772 0
4853 0
4895 0
