313 0
372 0
470 0
486 0
524 0
654 0
710 0
728 0
740 0
772 0
785 0
804 0
835 0
851 0
910 0
963 0
979 0
987 0
1051 0
1059 0
1100 0
1130 0
1223 0
1229 0
1294 0
1330 0
1366 0
1407 0
1438 0
1495 0
1497 0
1545 0
1604 0
1622 0
1679 0
1895 0
1925 0
1956 0
1992 0
2020 0
2069 0
2149 0
2160 0
2178 0
2237 0
2272 0
2331 0
2376 0
2403 0
2531 0
2555 0
2658 0
2688 0
2818 0
2853 0
2878 0
2956 0
2983 0
3037 0
3053 0
3069 0
3157 0
3212 0
3220 0
3249 0
3285 0
3320 0
3547 0
3590 0
3619 0
3673 0
3715 0
3729 0
3785 0
3816 0
3855 0
3890 0
3911 0
3985 0
3998 0
4093 0
4126 0
4155 0
4167 0
4222 0
4248 0
4259 0
4315 0
4367 0
4383 0
4412 0
4424 0
4448 0
4483 0
4493 0
4508 0
4562 0
4699 0
4729 0
4758 0
4855 0
4907 0
