310 0
326 0
349 0
393 0
465 0
487 0
506 0
539 0
606 0
625 0
661 0
666 0
806 0
934 0
982 0
1125 0
1148 0
1183 0
1226 0
1270 0
1279 0
1301 0
1422 0
1470 0
1483 0
1507 0
1519 0
1584 0
1607 0
1715 0
1809 0
1846 0
1891 0
1918 0
1937 0
2054 0
2077 0
2130 0
2150 0
2200 0
2263 0
2288 0
2376 0
2390 0
2423 0
2459 0
2471 0
2500 0
2524 0
2537 0
2583 0
2641 0
2673 0
2699 0
2714 0
2742 0
2756 0
2791 0
2837 0
2853 0
2940 0
2943 0
3015 0
3071 0
3084 0
3138 0
3165 0
3288 0
3299 0
3319 0
3371 0
3411 0
3509 0
3606 0
3631 0
3698 0
3707 0
3727 0
3748 0
3793 0
3913 0
3935 0
3957 0
3979 0
4039 0
4064 0
4090 0
4247 0
4299 0
4416 0
4549 0
4559 0
4602 0
4613 0
4681 0
4719 0
4734 0
4750 0
4826 0
4873 0
4884 0
4912 0
