352 0
381 0
481 0
513 0
611 0
631 0
688 0
812 0
899 0
945 0
964 0
1067 0
1116 0
1138 0
1140 0
1186 0
1218 0
1233 0
1274 0
1302 0
1334 0
1355 0
1396 0
1426 0
1442 0
1526 0
1601 0
1625 0
1636 0
1699 0
1760 0
1804 0
1849 0
1865 0
1901 0
1932 0
1963 0
1982 0
2052 0
2166 0
2184 0
2208 0
2264 0
2351 0
2403 0
2423 0
2441 0
2467 0
2498 0
2565 0
2662 0
2733 0
2740 0
2785 0
2797 0
2807 0
2862 0
2945 0
3010 0
3037 0
3059 0
3177 0
3231 0
3250 0
3293 0
3331 0
3360 0
3374 0
3409 0
3464 0
3533 0
3572 0
3596 0
3609 0
3705 0
3775 0
3795 0
3817 0
3864 0
3879 0
3923 0
3960 0
3988 0
4001 0
4040 0
4074 0
4082 0
4100 0
4152 0
4258 0
4272 0
4330 0
4411 0
4524 0
4574 0
4623 0
4697 0
4732 0
4829 0
4866 0
