324 0
346 0
382 0
462 0
489 0
522 0
608 0
615 0
651 0
756 0
771 0
934 0
946 0
976 0
1012 0
1025 0
1064 0
1108 0
1152 0
1199 0
1254 0
1263 0
1316 0
1361 0
1392 0
1400 0
1486 0
1499 0
1586 0
1641 0
1660 0
1674 0
1693 0
1772 0
1799 0
1808 0
1864 0
1878 0
1919 0
1951 0
1956 0
2013 0
2082 0
2127 0
2199 0
2237 0
2330 0
2412 0
2447 0
2469 0
2489 0
2539 0
2681 0
2725 0
2747 0
2782 0
2820 0
2889 0
2982 0
3017 0
3091 0
3130 0
3205 0
3257 0
3280 0
3304 0
3333 0
3351 0
3404 0
3431 0
3447 0
3524 0
3540 0
3556 0
3581 0
3633 0
3721 0
3729 0
3818 0
3826 0
3847 0
3899 0
3947 0
3973 0
4026 0
4070 0
4101 0
4149 0
4185 0
4209 0
4244 0
4280 0
4296 0
4447 0
4469 0
4558 0
4599 0
4610 0
4694 0
4739 0
4750 0
4832 0
4870 0
4880 0
