318 0
327 0
350 0
362 0
375 0
405 0
410 0
428 0
492 0
601 0
722 0
734 0
832 0
860 0
892 0
942 0
997 0
1021 0
1046 0
1091 0
1141 0
1204 0
1227 0
1245 0
1268 0
1375 0
1385 0
1439 0
1526 0
1542 0
1596 0
1697 0
1711 0
1725 0
1822 0
1951 0
2054 0
2082 0
2129 0
2166 0
2178 0
2198 0
2216 0
2236 0
2271 0
2351 0
2416 0
2469 0
2490 0
2510 0
2573 0
2593 0
2619 0
2641 0
2708 0
2736 0
2751 0
2797 0
2869 0
2946 0
2984 0
2995 0
3022 0
3028 0
3053 0
3081 0
3136 0
3163 0
3274 0
3391 0
3498 0
3512 0
3528 0
3628 0
3673 0
3701 0
3789 0
3829 0
3848 0
3949 0
3971 0
3980 0
4020 0
4074 0
4115 0
4168 0
4186 0
4231 0
4274 0
4323 0
4355 0
4392 0
4472 0
4497 0
4620 0
4735 0
4790 0
4801 0
4814 0
4834 0
4846 0
4873 0
4883 0
4908 0
