320 0
348 0
362 0
398 0
453 0
482 0
570 0
599 0
625 0
668 0
698 0
768 0
807 0
822 0
946 0
1068 0
1134 0
1142 0
1223 0
1260 0
1285 0
1313 0
1358 0
1373 0
1388 0
1425 0
1471 0
1480 0
1511 0
1536 0
1653 0
1669 0
1761 0
1821 0
1845 0
1877 0
1899 0
1961 0
2088 0
2126 0
2174 0
2196 0
2215 0
2265 0
2331 0
2384 0
2464 0
2542 0
2555 0
2592 0
2621 0
2657 0
2684 0
2770 0
2826 0
2885 0
2952 0
3007 0
3016 0
3048 0
3079 0
3144 0
3256 0
3323 0
3345 0
3373 0
3386 0
3466 0
3542 0
3556 0
3673 0
3715 0
3731 0
3742 0
3797 0
3839 0
3849 0
3867 0
3896 0
3938 0
3945 0
4005 0
4079 0
4083 0
4160 0
4274 0
4387 0
4411 0
4450 0
4509 0
4546 0
4599 0
4613 0
4646 0
4740 0
4766 0
4820 0
4847 0
4865 0
4909 0
