333 0
381 0
441 0
477 0
502 0
540 0
569 0
603 0
675 0
693 0
723 0
970 0
1028 0
1053 0
1064 0
1086 0
1136 0
1196 0
1208 0
1266 0
1280 0
1328 0
1421 0
1432 0
1466 0
1493 0
1504 0
1518 0
1532 0
1563 0
1618 0
1661 0
1761 0
1808 0
1832 0
1875 0
1898 0
1964 0
2020 0
2086 0
2151 0
2160 0
2214 0
2272 0
2286 0
2383 0
2401 0
2428 0
2454 0
2495 0
2548 0
2594 0
2630 0
2679 0
2736 0
2763 0
2795 0
2810 0
2824 0
2925 0
2946 0
2999 0
3057 0
3070 0
3143 0
3210 0
3255 0
3318 0
3348 0
3385 0
3410 0
3464 0
3563 0
3598 0
3668 0
3673 0
3701 0
3714 0
3726 0
3745 0
3781 0
3804 0
3877 0
3933 0
3952 0
3997 0
4028 0
4085 0
4146 0
4159 0
4177 0
4192 0
4249 0
4503 0
4527 0
4543 0
4613 0
4656 0
4679 0
4725 0
4732 0
4779 0
4838 0
4880 0
