329 0
409 0
428 0
474 0
483 0
504 0
679 0
690 0
729 0
756 0
786 0
838 0
892 0
949 0
956 0
1015 0
1047 0
1073 0
1091 0
1205 0
1214 0
1269 0
1284 0
1393 0
1408 0
1484 0
1528 0
1544 0
1570 0
1600 0
1619 0
1641 0
1707 0
1725 0
1810 0
1834 0
1874 0
2047 0
2083 0
2107 0
2194 0
2242 0
2300 0
2340 0
2350 0
2377 0
2407 0
2421 0
2473 0
2563 0
2576 0
2644 0
2653 0
2753 0
2793 0
2815 0
2851 0
2862 0
2875 0
2911 0
2978 0
3017 0
3112 0
3139 0
3169 0
3347 0
3384 0
3410 0
3497 0
3505 0
3571 0
3597 0
3609 0
3651 0
3680 0
3693 0
3739 0
3820 0
3828 0
3941 0
3954 0
4002 0
4020 0
4123 0
4137 0
4168 0
4203 0
4257 0
4272 0
4334 0
4380 0
4433 0
4469 0
4494 0
4523 0
4548 0
4721 0
4728 0
4757 0
4782 0
4805 0
4883 0
