352 0
373 0
416 0
438 0
461 0
498 0
570 0
615 0
655 0
670 0
690 0
830 0
919 0
958 0
1002 0
1047 0
1065 0
1075 0
1243 0
1262 0
1306 0
1312 0
1389 0
1421 0
1512 0
1561 0
1577 0
1596 0
1616 0
1706 0
1761 0
1779 0
1828 0
1876 0
1919 0
1933 0
1969 0
2014 0
2072 0
2226 0
2236 0
2291 0
2300 0
2353 0
2383 0
2456 0
2495 0
2509 0
2565 0
2595 0
2627 0
2663 0
2719 0
2730 0
2766 0
2835 0
2864 0
2923 0
2937 0
2983 0
2997 0
3149 0
3210 0
3249 0
3294 0
3304 0
3341 0
3390 0
3439 0
3466 0
3508 0
3596 0
3626 0
3646 0
3670 0
3707 0
3807 0
3829 0
3895 0
3916 0
3957 0
3962 0
4144 0
4157 0
4180 0
4223 0
4258 0
4295 0
4393 0
4531 0
4549 0
4571 0
4606 0
4646 0
4723 0
4750 0
4793 0
4797 0
4851 0
4864 0
