312 0
339 0
386 0
433 0
464 0
502 0
614 0
638 0
670 0
691 0
707 0
786 0
888 0
913 0
932 0
970 0
1033 0
1057 0
1155 0
1180 0
1222 0
1232 0
1260 0
1281 0
1308 0
1336 0
1416 0
1483 0
1595 0
1601 0
1621 0
1668 0
1698 0
1711 0
1769 0
1808 0
1843 0
1883 0
1916 0
1937 0
1943 0
1958 0
2082 0
2114 0
2128 0
2178 0
2228 0
2356 0
2382 0
2418 0
2443 0
2449 0
2763 0
2784 0
2794 0
2837 0
2857 0
2988 0
3028 0
3081 0
3097 0
3138 0
3263 0
3265 0
3293 0
3313 0
3337 0
3376 0
3414 0
3441 0
3508 0
3521 0
3550 0
3595 0
3611 0
3637 0
3727 0
3805 0
3889 0
3921 0
3931 0
3949 0
3979 0
4011 0
4037 0
4073 0
4154 0
4186 0
4246 0
4293 0
4313 0
4333 0
4436 0
4520 0
4530 0
4551 0
4576 0
4592 0
4712 0
4744 0
4787 0
4835 0
4893 0
4900 0
