367 0
388 0
428 0
466 0
563 0
604 0
685 0
716 0
732 0
776 0
798 0
829 0
843 0
922 0
1004 0
1045 0
1056 0
1074 0
1184 0
1254 0
1262 0
1283 0
1315 0
1336 0
1403 0
1444 0
1464 0
1510 0
1522 0
1570 0
1619 0
1648 0
1650 0
1727 0
1764 0
1807 0
1897 0
1936 0
1971 0
1979 0
2090 0
2103 0
2118 0
2185 0
2255 0
2279 0
2309 0
2455 0
2495 0
2513 0
2536 0
2571 0
2636 0
2676 0
2711 0
2730 0
2765 0
2910 0
2932 0
2969 0
3038 0
3104 0
3113 0
3142 0
3242 0
3263 0
3284 0
3328 0
3401 0
3466 0
3500 0
3557 0
3576 0
3588 0
3641 0
3702 0
3716 0
3748 0
3786 0
3809 0
3880 0
3899 0
3938 0
3954 0
3970 0
4036 0
4136 0
4160 0
4180 0
4202 0
4286 0
4374 0
4392 0
4431 0
4439 0
4481 0
4495 0
4534 0
4620 0
4655 0
4746 0
4792 0
4834 0
4855 0
