314 0
341 0
369 0
398 0
424 0
452 0
496 0
524 0
550 0
566 0
600 0
616 0
656 0
725 0
760 0
791 0
907 0
951 0
954 0
981 0
1011 0
1059 0
1150 0
1218 0
1231 0
1272 0
1406 0
1414 0
1563 0
1569 0
1582 0
1611 0
1621 0
1644 0
1697 0
1763 0
1844 0
1936 0
1977 0
2013 0
2154 0
2161 0
2231 0
2308 0
2373 0
2393 0
2442 0
2513 0
2517 0
2541 0
2554 0
2596 0
2620 0
2664 0
2672 0
2691 0
2704 0
2775 0
2835 0
2846 0
2921 0
2988 0
3059 0
3063 0
3202 0
3245 0
3290 0
3379 0
3452 0
3527 0
3585 0
3589 0
3620 0
3626 0
3645 0
3665 0
3793 0
3824 0
3948 0
3985 0
4004 0
4070 0
4154 0
4214 0
4236 0
4263 0
4269 0
4306 0
4432 0
4458 0
4494 0
4557 0
4604 0
4617 0
4651 0
4661 0
4693 0
4717 0
4773 0
4803 0
4813 0
4857 0
4878 0
4902 0
