467 0
477 0
506 0
526 0
556 0
614 0
641 0
653 0
671 0
796 0
803 0
838 0
897 0
915 0
963 0
1012 0
1025 0
1142 0
1215 0
1261 0
1281 0
1321 0
1378 0
1441 0
1463 0
1501 0
1522 0
1562 0
1606 0
1622 0
1757 0
1772 0
1820 0
1861 0
1943 0
1974 0
2052 0
2099 0
2111 0
2134 0
2149 0
2255 0
2262 0
2293 0
2391 0
2402 0
2424 0
2481 0
2502 0
2522 0
2580 0
2647 0
2702 0
2716 0
2738 0
2798 0
2812 0
2837 0
2932 0
2950 0
2971 0
3065 0
3091 0
3095 0
3113 0
3172 0
3233 0
3278 0
3360 0
3385 0
3450 0
3463 0
3590 0
3611 0
3667 0
3695 0
3710 0
3741 0
3783 0
3835 0
3896 0
3942 0
3949 0
4007 0
4071 0
4197 0
4200 0
4253 0
4312 0
4322 0
4385 0
4406 0
4429 0
4550 0
4566 0
4578 0
4598 0
4664 0
4694 0
4713 0
4737 0
4744 0
