333 0
379 0
420 0
446 0
478 0
504 0
511 0
559 0
633 0
657 0
677 0
690 0
819 0
849 0
893 0
933 0
1062 0
1076 0
1191 0
1209 0
1307 0
1352 0
1381 0
1440 0
1493 0
1504 0
1553 0
1580 0
1619 0
1684 0
1758 0
1791 0
1834 0
1838 0
1861 0
1880 0
1934 0
2001 0
2051 0
2070 0
2101 0
2117 0
2201 0
2228 0
2280 0
2301 0
2375 0
2395 0
2408 0
2481 0
2506 0
2716 0
2739 0
2817 0
2830 0
2845 0
2923 0
2931 0
2983 0
3014 0
3107 0
3120 0
3159 0
3164 0
3215 0
3297 0
3346 0
3360 0
3371 0
3392 0
3427 0
3454 0
3530 0
3601 0
3653 0
3671 0
3713 0
3736 0
3787 0
3829 0
3870 0
3918 0
4009 0
4013 0
4132 0
4163 0
4292 0
4331 0
4384 0
4393 0
4525 0
4543 0
4562 0
4584 0
4669 0
4701 0
4715 0
4731 0
4773 0
4801 0
4843 0
4882 0
