345 0
386 0
392 0
410 0
455 0
507 0
668 0
724 0
749 0
797 0
810 0
859 0
887 0
924 0
1000 0
1014 0
1036 0
1046 0
1056 0
1152 0
1217 0
1254 0
1262 0
1291 0
1348 0
1368 0
1380 0
1395 0
1468 0
1482 0
1526 0
1572 0
1644 0
1681 0
1694 0
1707 0
1731 0
1758 0
1784 0
1847 0
1882 0
1927 0
1968 0
1980 0
2099 0
2148 0
2208 0
2305 0
2389 0
2455 0
2545 0
2566 0
2655 0
2685 0
2758 0
2832 0
2917 0
3013 0
3072 0
3113 0
3239 0
3261 0
3296 0
3338 0
3382 0
3437 0
3459 0
3498 0
3506 0
3534 0
3548 0
3575 0
3646 0
3703 0
3734 0
3747 0
3816 0
3836 0
3858 0
3871 0
3941 0
3951 0
3971 0
3997 0
4067 0
4156 0
4176 0
4187 0
4211 0
4229 0
4287 0
4333 0
4357 0
4406 0
4424 0
4467 0
4489 0
4545 0
4719 0
4762 0
4810 0
4814 0
4832 0
4874 0
