330 0
563 0
598 0
617 0
648 0
671 0
681 0
737 0
775 0
830 0
963 0
981 0
988 0
1058 0
1085 0
1111 0
1127 0
1189 0
1239 0
1282 0
1306 0
1312 0
1354 0
1387 0
1467 0
1520 0
1555 0
1579 0
1585 0
1627 0
1634 0
1679 0
1731 0
1764 0
1770 0
1814 0
1864 0
1929 0
2005 0
2011 0
2055 0
2060 0
2156 0
2175 0
2217 0
2232 0
2273 0
2304 0
2355 0
2427 0
2570 0
2651 0
2791 0
2869 0
2909 0
2945 0
2987 0
3001 0
3053 0
3076 0
3160 0
3170 0
3204 0
3227 0
3297 0
3364 0
3406 0
3435 0
3461 0
3497 0
3549 0
3572 0
3588 0
3632 0
3652 0
3664 0
3693 0
3756 0
3835 0
3863 0
3902 0
3922 0
3928 0
3983 0
4044 0
4092 0
4113 0
4144 0
4163 0
4226 0
4247 0
4261 0
4400 0
4442 0
4472 0
4537 0
4545 0
4568 0
4598 0
4620 0
4647 0
4889 0
