341 0
411 0
565 0
616 0
736 0
772 0
807 0
817 0
896 0
910 0
926 0
950 0
1008 0
1055 0
1077 0
1115 0
1150 0
1242 0
1271 0
1290 0
1318 0
1337 0
1396 0
1440 0
1463 0
1522 0
1536 0
1557 0
1566 0
1597 0
1612 0
1686 0
1724 0
1774 0
1788 0
1920 0
1948 0
1993 0
2059 0
2090 0
2122 0
2140 0
2291 0
2343 0
2357 0
2400 0
2440 0
2473 0
2489 0
2566 0
2654 0
2731 0
2752 0
2774 0
2821 0
2866 0
2874 0
2929 0
3083 0
3106 0
3135 0
3156 0
3214 0
3273 0
3314 0
3423 0
3448 0
3493 0
3525 0
3608 0
3628 0
3639 0
3670 0
3681 0
3692 0
3742 0
3778 0
3815 0
3890 0
3902 0
3939 0
3954 0
3962 0
4074 0
4109 0
4146 0
4152 0
4201 0
4277 0
4292 0
4308 0
4324 0
4399 0
4413 0
4438 0
4474 0
4595 0
4647 0
4802 0
4874 0
