342 0
371 0
397 0
413 0
491 0
538 0
624 0
744 0
768 0
864 0
893 0
934 0
967 0
1015 0
1068 0
1081 0
1096 0
1181 0
1254 0
1291 0
1337 0
1344 0
1364 0
1409 0
1434 0
1493 0
1531 0
1552 0
1587 0
1625 0
1699 0
1732 0
1844 0
1951 0
1967 0
1986 0
2099 0
2172 0
2180 0
2239 0
2245 0
2284 0
2305 0
2350 0
2389 0
2426 0
2441 0
2464 0
2468 0
2496 0
2505 0
2572 0
2644 0
2718 0
2723 0
2739 0
2765 0
2779 0
2798 0
2829 0
2857 0
2923 0
2929 0
2968 0
2982 0
3035 0
3044 0
3115 0
3245 0
3248 0
3270 0
3370 0
3497 0
3522 0
3601 0
3628 0
3671 0
3681 0
3733 0
3775 0
3818 0
3854 0
3861 0
3883 0
3936 0
3972 0
4033 0
4126 0
4145 0
4161 0
4209 0
4266 0
4293 0
4321 0
4359 0
4446 0
4476 0
4592 0
4684 0
4729 0
4795 0
4823 0
4856 0
4870 0
