349 0
385 0
394 0
484 0
540 0
563 0
701 0
747 0
750 0
826 0
861 0
890 0
1005 0
1091 0
1113 0
1136 0
1185 0
1246 0
1265 0
1276 0
1323 0
1363 0
1443 0
1494 0
1555 0
1586 0
1601 0
1638 0
1682 0
1727 0
1784 0
1799 0
1859 0
1889 0
1928 0
1949 0
1973 0
2009 0
2094 0
2168 0
2191 0
2201 0
2257 0
2282 0
2374 0
2389 0
2413 0
2462 0
2487 0
2728 0
2761 0
2807 0
2827 0
2850 0
2933 0
2974 0
3016 0
3029 0
3048 0
3117 0
3199 0
3236 0
3266 0
3297 0
3328 0
3363 0
3421 0
3435 0
3493 0
3551 0
3575 0
3608 0
3633 0
3665 0
3739 0
3779 0
3845 0
3905 0
3938 0
3946 0
3962 0
4037 0
4083 0
4099 0
4124 0
4208 0
4334 0
4361 0
4387 0
4464 0
4487 0
4517 0
4652 0
4690 0
4730 0
4825 0
4836 0
4867 0
