390 0
427 0
477 0
497 0
519 0
537 0
621 0
633 0
656 0
686 0
709 0
762 0
798 0
806 0
831 0
925 0
951 0
953 0
1000 0
1030 0
1082 0
1145 0
1187 0
1305 0
1324 0
1331 0
1381 0
1486 0
1498 0
1538 0
1556 0
1569 0
1706 0
1754 0
1803 0
1834 0
1869 0
1892 0
1930 0
1967 0
1976 0
2087 0
2144 0
2163 0
2270 0
2300 0
2372 0
2395 0
2426 0
2437 0
2563 0
2570 0
2645 0
2653 0
2786 0
2802 0
2827 0
2851 0
2912 0
2955 0
3044 0
3072 0
3135 0
3246 0
3254 0
3296 0
3329 0
3351 0
3396 0
3410 0
3454 0
3506 0
3641 0
3665 0
3677 0
3717 0
3724 0
3839 0
3886 0
3894 0
3918 0
4038 0
4064 0
4135 0
4193 0
4222 0
4257 0
4283 0
4292 0
4396 0
4416 0
4427 0
4462 0
4521 0
4534 0
4559 0
4574 0
4594 0
4687 0
4701 0
4715 0
4728 0
4791 0
4838 0
