334 0
432 0
456 0
522 0
550 0
602 0
679 0
733 0
754 0
775 0
794 0
836 0
893 0
904 0
923 0
981 0
992 0
1070 0
1084 0
1102 0
1194 0
1234 0
1259 0
1367 0
1410 0
1430 0
1495 0
1498 0
1578 0
1602 0
1705 0
1806 0
1829 0
1842 0
1899 0
1941 0
1987 0
1991 0
2043 0
2117 0
2149 0
2242 0
2265 0
2400 0
2435 0
2484 0
2508 0
2522 0
2543 0
2579 0
2637 0
2678 0
2693 0
2706 0
2733 0
2786 0
2821 0
2942 0
2989 0
3065 0
3104 0
3178 0
3219 0
3233 0
3279 0
3323 0
3370 0
3392 0
3407 0
3517 0
3613 0
3649 0
3720 0
3727 0
3778 0
3816 0
3848 0
3946 0
3989 0
4026 0
4119 0
4144 0
4157 0
4226 0
4239 0
4292 0
4302 0
4321 0
4382 0
4425 0
4444 0
4469 0
4481 0
4540 0
4619 0
4668 0
4698 0
4771 0
4793 0
4894 0
