334 0
356 0
415 0
427 0
490 0
506 0
520 0
621 0
729 0
804 0
824 0
839 0
894 0
932 0
998 0
1029 0
1095 0
1196 0
1220 0
1249 0
1336 0
1386 0
1406 0
1484 0
1522 0
1561 0
1597 0
1606 0
1645 0
1652 0
1719 0
1765 0
1780 0
1919 0
1947 0
2014 0
2097 0
2123 0
2150 0
2163 0
2257 0
2290 0
2359 0
2400 0
2416 0
2466 0
2487 0
2532 0
2577 0
2599 0
2630 0
2637 0
2691 0
2726 0
2746 0
2796 0
2809 0
2870 0
2940 0
2968 0
3046 0
3074 0
3101 0
3123 0
3202 0
3278 0
3301 0
3436 0
3456 0
3498 0
3555 0
3581 0
3614 0
3626 0
3670 0
3697 0
3724 0
3811 0
3841 0
3880 0
3976 0
3996 0
4020 0
4126 0
4193 0
4229 0
4294 0
4324 0
4376 0
4401 0
4416 0
4498 0
4594 0
4696 0
4710 0
4742 0
4791 0
4806 0
4873 0
4892 0
