478 0
520 0
552 0
596 0
628 0
652 0
667 0
724 0
760 0
829 0
853 0
904 0
964 0
1052 0
1061 0
1106 0
1202 0
1242 0
1272 0
1315 0
1353 0
1396 0
1435 0
1476 0
1514 0
1535 0
1600 0
1660 0
1686 0
1755 0
1825 0
1873 0
1934 0
1950 0
1963 0
2021 0
2045 0
2077 0
2154 0
2202 0
2216 0
2231 0
2255 0
2285 0
2337 0
2421 0
2441 0
2496 0
2515 0
2546 0
2572 0
2641 0
2676 0
2706 0
2735 0
2787 0
2800 0
2884 0
2929 0
2973 0
2977 0
3008 0
3023 0
3063 0
3135 0
3175 0
3198 0
3261 0
3271 0
3294 0
3341 0
3388 0
3461 0
3523 0
3561 0
3610 0
3674 0
3698 0
3752 0
3780 0
3809 0
3871 0
3895 0
3948 0
3968 0
4022 0
4105 0
4149 0
4171 0
4264 0
4304 0
4364 0
4395 0
4462 0
4504 0
4545 0
4557 0
4603 0
4609 0
4662 0
4702 0
4731 0
