328 0
351 0
421 0
451 0
466 0
547 0
627 0
650 0
673 0
689 0
764 0
766 0
790 0
900 0
908 0
943 0
957 0
1041 0
1154 0
1174 0
1273 0
1282 0
1315 0
1439 0
1491 0
1539 0
1621 0
1635 0
1670 0
1718 0
1794 0
1818 0
1926 0
1970 0
1991 0
2106 0
2146 0
2189 0
2222 0
2258 0
2264 0
2287 0
2300 0
2343 0
2385 0
2412 0
2425 0
2484 0
2532 0
2558 0
2573 0
2637 0
2655 0
2693 0
2732 0
2804 0
2816 0
2828 0
2882 0
2920 0
2932 0
2945 0
2969 0
2995 0
3036 0
3074 0
3123 0
3229 0
3248 0
3283 0
3410 0
3422 0
3497 0
3546 0
3584 0
3596 0
3685 0
3731 0
3789 0
3902 0
3938 0
3951 0
4031 0
4069 0
4181 0
4264 0
4272 0
4305 0
4328 0
4421 0
4450 0
4462 0
4532 0
4551 0
4559 0
4601 0
4659 0
4745 0
4771 0
4809 0
4878 0
4886 0
