308 0
334 0
398 0
426 0
506 0
526 0
541 0
682 0
719 0
811 0
844 0
863 0
914 0
930 0
1001 0
1027 0
1070 0
1108 0
1188 0
1288 0
1327 0
1402 0
1418 0
1432 0
1487 0
1526 0
1540 0
1596 0
1614 0
1624 0
1672 0
1684 0
1714 0
1817 0
1828 0
1889 0
1912 0
1925 0
1965 0
2041 0
2071 0
2090 0
2153 0
2167 0
2230 0
2251 0
2280 0
2341 0
2373 0
2480 0
2506 0
2517 0
2544 0
2592 0
2622 0
2675 0
2700 0
2704 0
2748 0
2854 0
2889 0
2936 0
2959 0
2977 0
3053 0
3073 0
3139 0
3150 0
3168 0
3263 0
3286 0
3308 0
3319 0
3390 0
3408 0
3512 0
3528 0
3547 0
3593 0
3607 0
3635 0
3688 0
3693 0
3724 0
3783 0
3795 0
3809 0
3888 0
3934 0
4031 0
4104 0
4152 0
4191 0
4232 0
4289 0
4307 0
4362 0
4384 0
4405 0
4497 0
4523 0
4688 0
4697 0
4710 0
4788 0
4823 0
4883 0
4910 0
