312 0
331 0
369 0
421 0
436 0
469 0
507 0
514 0
625 0
632 0
750 0
781 0
811 0
825 0
1059 0
1077 0
1096 0
1116 0
1194 0
1235 0
1244 0
1276 0
1306 0
1369 0
1416 0
1434 0
1531 0
1630 0
1652 0
1672 0
1693 0
1708 0
1722 0
1766 0
1786 0
1809 0
1852 0
1883 0
1912 0
1932 0
1969 0
2093 0
2219 0
2237 0
2260 0
2279 0
2442 0
2486 0
2521 0
2562 0
2569 0
2636 0
2667 0
2697 0
2725 0
2785 0
2929 0
2964 0
2979 0
3001 0
3112 0
3260 0
3284 0
3300 0
3341 0
3372 0
3405 0
3433 0
3459 0
3496 0
3505 0
3535 0
3545 0
3567 0
3602 0
3684 0
3787 0
3807 0
3852 0
3925 0
3936 0
3962 0
3981 0
4018 0
4103 0
4118 0
4144 0
4163 0
4393 0
4411 0
4438 0
4458 0
4586 0
4600 0
4706 0
4721 0
4746 0
4781 0
4800 0
4856 0
4894 0
4903 0
