320 0
356 0
362 0
380 0
410 0
449 0
542 0
545 0
599 0
640 0
694 0
780 0
835 0
1042 0
1094 0
1119 0
1203 0
1232 0
1262 0
1332 0
1384 0
1464 0
1485 0
1510 0
1537 0
1623 0
1665 0
1703 0
1728 0
1754 0
1800 0
1872 0
1928 0
1980 0
1993 0
2081 0
2136 0
2165 0
2224 0
2249 0
2339 0
2351 0
2367 0
2413 0
2463 0
2491 0
2512 0
2519 0
2574 0
2647 0
2690 0
2709 0
2735 0
2765 0
2812 0
2848 0
2866 0
2876 0
2973 0
2999 0
3053 0
3093 0
3133 0
3217 0
3232 0
3291 0
3344 0
3430 0
3459 0
3494 0
3513 0
3567 0
3599 0
3674 0
3712 0
3739 0
3747 0
3839 0
3881 0
3954 0
3991 0
4018 0
4098 0
4124 0
4176 0
4385 0
4445 0
4533 0
4585 0
4622 0
4660 0
4680 0
4774 0
4798 0
4841 0
4854 0
4863 0
4912 0
