387 0
395 0
454 0
478 0
504 0
526 0
729 0
751 0
790 0
842 0
921 0
941 0
993 0
1050 0
1076 0
1092 0
1113 0
1151 0
1220 0
1270 0
1276 0
1294 0
1323 0
1336 0
1384 0
1477 0
1517 0
1555 0
1590 0
1617 0
1637 0
1665 0
1696 0
1727 0
1787 0
1814 0
1859 0
1895 0
1924 0
1953 0
2005 0
2010 0
2056 0
2205 0
2246 0
2340 0
2371 0
2394 0
2430 0
2460 0
2474 0
2529 0
2565 0
2587 0
2631 0
2668 0
2694 0
2738 0
2756 0
2794 0
2834 0
2842 0
2878 0
2969 0
3025 0
3164 0
3202 0
3215 0
3276 0
3284 0
3328 0
3357 0
3409 0
3424 0
3486 0
3531 0
3557 0
3576 0
3589 0
3628 0
3666 0
3697 0
3756 0
3834 0
3890 0
3901 0
3920 0
3933 0
3956 0
4006 0
4075 0
4111 0
4121 0
4134 0
4170 0
4231 0
4277 0
4300 0
4375 0
4427 0
4466 0
4491 0
4705 0
4710 0
4737 0
4766 0
4819 0
4842 0
