362 0
506 0
529 0
555 0
562 0
610 0
623 0
631 0
692 0
704 0
720 0
740 0
948 0
961 0
997 0
1004 0
1040 0
1058 0
1073 0
1128 0
1154 0
1197 0
1230 0
1260 0
1319 0
1338 0
1371 0
1407 0
1420 0
1436 0
1523 0
1560 0
1610 0
1630 0
1654 0
1687 0
1786 0
1881 0
1900 0
2053 0
2060 0
2080 0
2152 0
2207 0
2221 0
2354 0
2440 0
2452 0
2546 0
2560 0
2581 0
2649 0
2660 0
2670 0
2770 0
2775 0
2869 0
3003 0
3024 0
3062 0
3140 0
3161 0
3166 0
3322 0
3338 0
3425 0
3535 0
3554 0
3600 0
3609 0
3670 0
3695 0
3788 0
3796 0
3811 0
3849 0
3882 0
3906 0
3952 0
3989 0
4022 0
4074 0
4092 0
4133 0
4156 0
4170 0
4213 0
4223 0
4260 0
4271 0
4485 0
4492 0
4510 0
4534 0
4588 0
4598 0
4610 0
4645 0
4664 0
4682 0
4719 0
4859 0
