307 0
367 0
388 0
444 0
506 0
517 0
539 0
609 0
687 0
705 0
740 0
753 0
794 0
819 0
954 0
996 0
1045 0
1070 0
1120 0
1148 0
1240 0
1278 0
1337 0
1402 0
1464 0
1486 0
1518 0
1546 0
1643 0
1658 0
1725 0
1794 0
1825 0
1866 0
1873 0
1903 0
1940 0
1960 0
2013 0
2094 0
2147 0
2206 0
2255 0
2297 0
2345 0
2416 0
2455 0
2479 0
2492 0
2502 0
2718 0
2734 0
2738 0
2759 0
2792 0
2889 0
2913 0
2965 0
3011 0
3076 0
3125 0
3207 0
3256 0
3268 0
3321 0
3347 0
3363 0
3391 0
3430 0
3498 0
3558 0
3586 0
3678 0
3697 0
3730 0
3755 0
3818 0
3892 0
3939 0
3981 0
4070 0
4110 0
4156 0
4169 0
4219 0
4264 0
4397 0
4429 0
4466 0
4473 0
4509 0
4532 0
4620 0
4689 0
4693 0
4724 0
4773 0
4839 0
4861 0
4906 0
