397 0
410 0
468 0
530 0
625 0
649 0
688 0
721 0
745 0
809 0
892 0
917 0
927 0
974 0
1021 0
1061 0
1136 0
1175 0
1259 0
1284 0
1347 0
1373 0
1392 0
1439 0
1477 0
1571 0
1611 0
1648 0
1667 0
1723 0
1755 0
1778 0
1797 0
1820 0
1878 0
2005 0
2009 0
2068 0
2090 0
2104 0
2112 0
2252 0
2273 0
2343 0
2403 0
2416 0
2434 0
2464 0
2473 0
2486 0
2732 0
2752 0
2763 0
2778 0
2802 0
2809 0
2875 0
2944 0
2965 0
3096 0
3116 0
3141 0
3157 0
3202 0
3227 0
3343 0
3391 0
3427 0
3441 0
3452 0
3495 0
3538 0
3574 0
3617 0
3654 0
3754 0
3783 0
3841 0
3857 0
3871 0
3937 0
3957 0
4034 0
4083 0
4157 0
4186 0
4244 0
4298 0
4307 0
4334 0
4407 0
4476 0
4500 0
4537 0
4567 0
4598 0
4677 0
4753 0
4799 0
4819 0
