316 0
328 0
347 0
439 0
470 0
536 0
556 0
613 0
666 0
721 0
747 0
801 0
846 0
855 0
926 0
999 0
1058 0
1098 0
1123 0
1150 0
1216 0
1245 0
1260 0
1304 0
1375 0
1571 0
1601 0
1638 0
1704 0
1795 0
1813 0
1821 0
1874 0
1888 0
1962 0
1995 0
2126 0
2147 0
2169 0
2188 0
2197 0
2224 0
2298 0
2335 0
2428 0
2434 0
2495 0
2525 0
2538 0
2670 0
2694 0
2722 0
2785 0
2804 0
2888 0
2920 0
3007 0
3023 0
3027 0
3045 0
3067 0
3088 0
3221 0
3253 0
3328 0
3342 0
3395 0
3414 0
3419 0
3516 0
3573 0
3615 0
3646 0
3853 0
3924 0
3951 0
3962 0
4007 0
4074 0
4082 0
4124 0
4156 0
4222 0
4300 0
4357 0
4378 0
4415 0
4486 0
4492 0
4550 0
4593 0
4664 0
4678 0
4755 0
4792 0
4873 0
4881 0
4904 0
