347 0
372 0
430 0
450 0
503 0
562 0
606 0
744 0
836 0
907 0
978 0
999 0
1013 0
1051 0
1070 0
1090 0
1189 0
1199 0
1221 0
1234 0
1261 0
1324 0
1349 0
1569 0
1639 0
1661 0
1709 0
1731 0
1798 0
1821 0
1850 0
1865 0
1920 0
1941 0
1987 0
2071 0
2148 0
2170 0
2208 0
2218 0
2247 0
2274 0
2288 0
2337 0
2424 0
2446 0
2449 0
2512 0
2557 0
2663 0
2708 0
2770 0
2777 0
2789 0
2888 0
2932 0
2944 0
2963 0
2998 0
3013 0
3053 0
3071 0
3147 0
3240 0
3280 0
3309 0
3358 0
3368 0
3398 0
3429 0
3498 0
3506 0
3556 0
3585 0
3646 0
3866 0
3908 0
3954 0
3987 0
4006 0
4013 0
4033 0
4125 0
4150 0
4175 0
4203 0
4219 0
4248 0
4317 0
4371 0
4477 0
4615 0
4650 0
4713 0
4768 0
4782 0
4852 0
4864 0
