319 0
350 0
373 0
395 0
467 0
487 0
494 0
681 0
813 0
832 0
933 0
955 0
1027 0
1063 0
1152 0
1198 0
1225 0
1307 0
1328 0
1380 0
1398 0
1418 0
1433 0
1512 0
1560 0
1566 0
1657 0
1697 0
1753 0
1778 0
1850 0
1945 0
1959 0
2012 0
2070 0
2097 0
2119 0
2146 0
2196 0
2222 0
2237 0
2276 0
2302 0
2336 0
2372 0
2422 0
2486 0
2513 0
2527 0
2535 0
2585 0
2622 0
2681 0
2692 0
2718 0
2734 0
2796 0
2848 0
2883 0
2922 0
2946 0
2988 0
3003 0
3021 0
3061 0
3103 0
3119 0
3148 0
3205 0
3258 0
3268 0
3368 0
3449 0
3467 0
3526 0
3561 0
3648 0
3668 0
3712 0
3782 0
3805 0
3820 0
3829 0
3877 0
3919 0
3993 0
4028 0
4073 0
4164 0
4195 0
4252 0
4292 0
4392 0
4408 0
4523 0
4723 0
4731 0
4754 0
4821 0
4851 0
4865 0
4908 0
