317 0
358 0
380 0
447 0
486 0
605 0
642 0
652 0
685 0
725 0
738 0
797 0
802 0
851 0
886 0
905 0
982 0
1012 0
1082 0
1117 0
1219 0
1232 0
1291 0
1312 0
1344 0
1374 0
1486 0
1515 0
1539 0
1558 0
1644 0
1679 0
1697 0
1760 0
1816 0
1842 0
1874 0
1888 0
1919 0
1926 0
1954 0
1974 0
2052 0
2128 0
2186 0
2250 0
2279 0
2299 0
2379 0
2445 0
2555 0
2595 0
2623 0
2662 0
2773 0
2843 0
2921 0
2935 0
2962 0
3039 0
3083 0
3178 0
3238 0
3280 0
3285 0
3308 0
3320 0
3341 0
3381 0
3402 0
3464 0
3525 0
3543 0
3585 0
3659 0
3682 0
3690 0
3731 0
3847 0
3869 0
3900 0
3943 0
3982 0
4010 0
4101 0
4139 0
4212 0
4236 0
4307 0
4328 0
4367 0
4415 0
4431 0
4474 0
4494 0
4536 0
4564 0
4574 0
4612 0
4740 0
4766 0
4836 0
4857 0
4898 0
