346 0
399 0
423 0
455 0
522 0
546 0
562 0
607 0
651 0
679 0
717 0
864 0
942 0
964 0
982 0
1068 0
1072 0
1098 0
1184 0
1234 0
1276 0
1294 0
1329 0
1427 0
1475 0
1481 0
1527 0
1587 0
1724 0
1754 0
1871 0
1906 0
1969 0
1976 0
2001 0
2011 0
2050 0
2068 0
2123 0
2155 0
2197 0
2241 0
2267 0
2381 0
2426 0
2445 0
2480 0
2488 0
2580 0
2593 0
2634 0
2649 0
2723 0
2746 0
2772 0
2798 0
2830 0
2948 0
2977 0
3013 0
3071 0
3106 0
3146 0
3178 0
3202 0
3218 0
3233 0
3262 0
3310 0
3348 0
3453 0
3486 0
3624 0
3702 0
3734 0
3755 0
3800 0
3882 0
3912 0
3943 0
3985 0
4037 0
4118 0
4136 0
4164 0
4246 0
4258 0
4278 0
4366 0
4499 0
4545 0
4565 0
4611 0
4649 0
4674 0
4704 0
4774 0
4804 0
4815 0
4864 0
