373 0
421 0
448 0
480 0
524 0
576 0
602 0
626 0
641 0
657 0
703 0
732 0
792 0
846 0
858 0
909 0
959 0
1018 0
1034 0
1091 0
1149 0
1205 0
1234 0
1250 0
1279 0
1306 0
1322 0
1338 0
1418 0
1439 0
1471 0
1485 0
1511 0
1517 0
1540 0
1589 0
1618 0
1663 0
1716 0
1729 0
1778 0
1944 0
1966 0
2048 0
2112 0
2172 0
2183 0
2202 0
2215 0
2271 0
2457 0
2509 0
2556 0
2666 0
2705 0
2769 0
2954 0
2999 0
3012 0
3031 0
3053 0
3095 0
3168 0
3248 0
3272 0
3444 0
3496 0
3507 0
3567 0
3602 0
3630 0
3684 0
3690 0
3708 0
3731 0
3747 0
3775 0
3802 0
3884 0
3896 0
3922 0
3937 0
3963 0
3985 0
4018 0
4077 0
4121 0
4183 0
4204 0
4266 0
4312 0
4358 0
4385 0
4425 0
4475 0
4519 0
4566 0
4582 0
4605 0
4610 0
4643 0
4707 0
4737 0
4767 0
4802 0
4850 0
