372 0
379 0
420 0
569 0
605 0
619 0
632 0
671 0
757 0
909 0
936 0
1027 0
1068 0
1084 0
1115 0
1128 0
1142 0
1220 0
1314 0
1338 0
1439 0
1476 0
1607 0
1654 0
1674 0
1687 0
1713 0
1790 0
1839 0
1860 0
1872 0
1902 0
1920 0
1949 0
2051 0
2070 0
2076 0
2150 0
2168 0
2207 0
2217 0
2300 0
2370 0
2409 0
2420 0
2526 0
2544 0
2576 0
2644 0
2673 0
2701 0
2798 0
2813 0
2852 0
2915 0
2997 0
3023 0
3046 0
3062 0
3143 0
3156 0
3171 0
3275 0
3301 0
3325 0
3336 0
3364 0
3378 0
3422 0
3505 0
3535 0
3541 0
3554 0
3616 0
3744 0
3781 0
3885 0
3896 0
4007 0
4067 0
4096 0
4098 0
4133 0
4155 0
4187 0
4277 0
4309 0
4465 0
4546 0
4575 0
4595 0
4623 0
4643 0
4804 0
4832 0
4859 0
