317 0
327 0
367 0
420 0
481 0
517 0
560 0
575 0
601 0
688 0
730 0
785 0
913 0
934 0
1045 0
1069 0
1116 0
1143 0
1222 0
1229 0
1250 0
1336 0
1429 0
1480 0
1541 0
1603 0
1641 0
1653 0
1715 0
1787 0
1810 0
1846 0
1902 0
1960 0
1973 0
2009 0
2102 0
2112 0
2130 0
2161 0
2182 0
2211 0
2269 0
2334 0
2375 0
2415 0
2485 0
2512 0
2532 0
2544 0
2556 0
2665 0
2675 0
2696 0
2715 0
2727 0
2791 0
2855 0
2888 0
2955 0
3008 0
3035 0
3047 0
3084 0
3106 0
3114 0
3208 0
3239 0
3263 0
3326 0
3374 0
3401 0
3427 0
3507 0
3567 0
3573 0
3612 0
3673 0
3735 0
3788 0
3889 0
3976 0
3990 0
3999 0
4070 0
4103 0
4157 0
4181 0
4299 0
4309 0
4423 0
4499 0
4534 0
4612 0
4656 0
4666 0
4704 0
4728 0
4808 0
4855 0
4892 0
4902 0
