351 0
388 0
396 0
433 0
458 0
547 0
636 0
729 0
741 0
760 0
800 0
824 0
863 0
896 0
1013 0
1029 0
1042 0
1062 0
1099 0
1153 0
1196 0
1270 0
1346 0
1399 0
1421 0
1470 0
1486 0
1499 0
1655 0
1719 0
1765 0
1801 0
1851 0
1875 0
1895 0
1925 0
1990 0
2061 0
2083 0
2150 0
2206 0
2234 0
2290 0
2378 0
2468 0
2491 0
2530 0
2543 0
2561 0
2574 0
2637 0
2658 0
2676 0
2702 0
2721 0
2748 0
2851 0
2933 0
2979 0
3023 0
3062 0
3141 0
3156 0
3214 0
3288 0
3318 0
3338 0
3382 0
3427 0
3460 0
3489 0
3563 0
3708 0
3729 0
3741 0
3796 0
3816 0
3862 0
3958 0
4027 0
4070 0
4115 0
4159 0
4177 0
4195 0
4201 0
4328 0
4368 0
4400 0
4414 0
4456 0
4478 0
4493 0
4574 0
4671 0
4774 0
4789 0
4821 0
4829 0
4869 0
