336 0
343 0
367 0
406 0
410 0
498 0
552 0
575 0
596 0
667 0
692 0
739 0
772 0
835 0
892 0
1041 0
1074 0
1135 0
1201 0
1226 0
1284 0
1300 0
1353 0
1434 0
1497 0
1763 0
1811 0
1877 0
1891 0
1920 0
1927 0
1951 0
2004 0
2007 0
2063 0
2099 0
2113 0
2134 0
2145 0
2163 0
2241 0
2395 0
2415 0
2439 0
2468 0
2494 0
2508 0
2573 0
2586 0
2621 0
2642 0
2717 0
2735 0
2742 0
2777 0
2799 0
2834 0
2984 0
3055 0
3063 0
3079 0
3104 0
3127 0
3156 0
3202 0
3218 0
3280 0
3294 0
3309 0
3318 0
3346 0
3410 0
3459 0
3721 0
3778 0
3869 0
3923 0
3934 0
3987 0
4015 0
4095 0
4145 0
4178 0
4334 0
4378 0
4442 0
4487 0
4536 0
4554 0
4611 0
4648 0
4661 0
4720 0
4799 0
4823 0
4847 0
4876 0
4889 0
