406 0
445 0
464 0
495 0
524 0
573 0
647 0
671 0
726 0
763 0
772 0
793 0
804 0
846 0
889 0
938 0
996 0
1051 0
1126 0
1140 0
1187 0
1214 0
1280 0
1318 0
1361 0
1392 0
1421 0
1486 0
1497 0
1587 0
1603 0
1694 0
1731 0
1764 0
1782 0
1871 0
1891 0
1971 0
1977 0
2056 0
2077 0
2097 0
2153 0
2178 0
2219 0
2245 0
2290 0
2341 0
2350 0
2413 0
2488 0
2530 0
2690 0
2729 0
2808 0
2857 0
2886 0
2927 0
2971 0
3004 0
3036 0
3061 0
3117 0
3144 0
3167 0
3236 0
3258 0
3330 0
3345 0
3436 0
3461 0
3495 0
3531 0
3615 0
3627 0
3710 0
3730 0
3802 0
3841 0
3848 0
3906 0
3936 0
4007 0
4044 0
4066 0
4082 0
4173 0
4223 0
4271 0
4324 0
4374 0
4417 0
4432 0
4448 0
4469 0
4504 0
4552 0
4566 0
4656 0
4700 0
4716 0
4746 0
4765 0
4815 0
