317 0
339 0
447 0
490 0
534 0
609 0
709 0
735 0
751 0
801 0
832 0
838 0
858 0
907 0
937 0
965 0
1002 0
1086 0
1102 0
1117 0
1148 0
1199 0
1214 0
1303 0
1359 0
1417 0
1516 0
1544 0
1556 0
1604 0
1678 0
1707 0
1756 0
1787 0
1860 0
1885 0
1961 0
1997 0
2088 0
2109 0
2153 0
2197 0
2212 0
2237 0
2342 0
2437 0
2479 0
2507 0
2538 0
2586 0
2634 0
2674 0
2707 0
2746 0
2786 0
2885 0
2991 0
2999 0
3012 0
3073 0
3102 0
3133 0
3215 0
3259 0
3335 0
3354 0
3428 0
3464 0
3505 0
3543 0
3610 0
3659 0
3688 0
3698 0
3792 0
3873 0
3918 0
4001 0
4022 0
4075 0
4101 0
4128 0
4134 0
4226 0
4251 0
4275 0
4314 0
4358 0
4376 0
4389 0
4413 0
4469 0
4473 0
4521 0
4612 0
4686 0
4738 0
4770 0
4883 0
4910 0
