401 0
437 0
504 0
558 0
567 0
610 0
643 0
666 0
722 0
810 0
896 0
906 0
982 0
1009 0
1028 0
1070 0
1078 0
1177 0
1217 0
1257 0
1348 0
1374 0
1379 0
1419 0
1441 0
1531 0
1602 0
1639 0
1664 0
1672 0
1787 0
1805 0
1828 0
1868 0
1897 0
1915 0
1927 0
1956 0
2010 0
2069 0
2232 0
2258 0
2268 0
2303 0
2350 0
2391 0
2420 0
2445 0
2458 0
2466 0
2548 0
2589 0
2623 0
2673 0
2739 0
2770 0
2783 0
2803 0
2831 0
2863 0
2918 0
2947 0
2960 0
2983 0
3150 0
3197 0
3260 0
3296 0
3314 0
3318 0
3355 0
3392 0
3410 0
3431 0
3550 0
3558 0
3579 0
3615 0
3673 0
3784 0
3797 0
3837 0
3857 0
3860 0
3963 0
4003 0
4043 0
4144 0
4160 0
4198 0
4210 0
4237 0
4316 0
4327 0
4408 0
4494 0
4549 0
4576 0
4623 0
4644 0
4669 0
4719 0
4791 0
4823 0
