373 0
392 0
418 0
433 0
497 0
519 0
530 0
576 0
631 0
660 0
675 0
695 0
775 0
807 0
908 0
978 0
1086 0
1138 0
1140 0
1182 0
1219 0
1288 0
1379 0
1400 0
1433 0
1491 0
1524 0
1567 0
1586 0
1621 0
1659 0
1685 0
1792 0
1807 0
1823 0
1868 0
1952 0
1958 0
2072 0
2080 0
2122 0
2169 0
2204 0
2226 0
2251 0
2266 0
2303 0
2332 0
2362 0
2373 0
2408 0
2504 0
2525 0
2699 0
2711 0
2806 0
2846 0
2859 0
2875 0
2921 0
2950 0
2961 0
2996 0
3016 0
3054 0
3100 0
3140 0
3146 0
3260 0
3266 0
3364 0
3390 0
3416 0
3431 0
3520 0
3556 0
3601 0
3633 0
3654 0
3704 0
3736 0
3785 0
3816 0
3834 0
3930 0
4011 0
4041 0
4070 0
4085 0
4140 0
4235 0
4316 0
4409 0
4450 0
4523 0
4555 0
4560 0
4582 0
4643 0
4679 0
4702 0
4710 0
4786 0
4799 0
4826 0
4859 0
