318 0
372 0
407 0
456 0
495 0
511 0
567 0
611 0
639 0
688 0
718 0
846 0
885 0
906 0
949 0
961 0
999 0
1009 0
1062 0
1116 0
1132 0
1146 0
1201 0
1232 0
1242 0
1280 0
1347 0
1430 0
1519 0
1592 0
1675 0
1693 0
1753 0
1842 0
1869 0
1879 0
1909 0
1931 0
1969 0
2045 0
2149 0
2171 0
2204 0
2228 0
2359 0
2396 0
2417 0
2505 0
2523 0
2544 0
2674 0
2700 0
2713 0
2803 0
2824 0
2872 0
2990 0
3015 0
3045 0
3063 0
3172 0
3249 0
3294 0
3306 0
3342 0
3361 0
3367 0
3455 0
3525 0
3548 0
3626 0
3704 0
3784 0
3868 0
3928 0
3972 0
3986 0
4016 0
4070 0
4081 0
4112 0
4153 0
4212 0
4218 0
4258 0
4273 0
4315 0
4330 0
4371 0
4504 0
4527 0
4580 0
4608 0
4655 0
4703 0
4717 0
4762 0
4823 0
4855 0
4905 0
