316 0
354 0
417 0
430 0
489 0
514 0
552 0
601 0
636 0
647 0
713 0
717 0
736 0
814 0
892 0
920 0
987 0
1066 0
1101 0
1150 0
1178 0
1235 0
1287 0
1383 0
1410 0
1493 0
1519 0
1577 0
1597 0
1610 0
1707 0
1796 0
1824 0
1839 0
1863 0
1930 0
1969 0
2001 0
2043 0
2093 0
2122 0
2137 0
2183 0
2204 0
2235 0
2266 0
2336 0
2399 0
2439 0
2452 0
2553 0
2590 0
2620 0
2655 0
2770 0
2779 0
2812 0
2885 0
2956 0
2978 0
3013 0
3038 0
3078 0
3103 0
3127 0
3176 0
3219 0
3254 0
3291 0
3352 0
3370 0
3385 0
3430 0
3513 0
3610 0
3636 0
3650 0
3694 0
3732 0
3814 0
3838 0
3929 0
3990 0
4037 0
4077 0
4118 0
4149 0
4229 0
4290 0
4323 0
4406 0
4479 0
4499 0
4519 0
4558 0
4588 0
4611 0
4665 0
4700 0
4741 0
4781 0
4803 0
4876 0
4912 0
