399 0
428 0
461 0
522 0
568 0
654 0
675 0
718 0
736 0
766 0
802 0
896 0
939 0
965 0
1004 0
1048 0
1062 0
1078 0
1127 0
1141 0
1201 0
1230 0
1280 0
1329 0
1395 0
1415 0
1436 0
1465 0
1491 0
1497 0
1518 0
1563 0
1613 0
1638 0
1660 0
1693 0
1760 0
1863 0
1890 0
1933 0
1983 0
2072 0
2154 0
2207 0
2229 0
2260 0
2348 0
2374 0
2411 0
2473 0
2512 0
2579 0
2649 0
2718 0
2739 0
2808 0
2847 0
2862 0
2960 0
2986 0
3015 0
3065 0
3146 0
3233 0
3282 0
3329 0
3357 0
3462 0
3531 0
3558 0
3573 0
3612 0
3665 0
3703 0
3721 0
3730 0
3756 0
3785 0
3801 0
3823 0
3877 0
3943 0
3983 0
4021 0
4071 0
4084 0
4138 0
4160 0
4168 0
4208 0
4251 0
4277 0
4324 0
4406 0
4450 0
4476 0
4499 0
4551 0
4557 0
4648 0
4701 0
4751 0
4783 0
4813 0
