385 0
406 0
421 0
490 0
503 0
519 0
528 0
632 0
722 0
789 0
815 0
831 0
925 0
946 0
955 0
992 0
1042 0
1087 0
1117 0
1143 0
1215 0
1225 0
1320 0
1347 0
1413 0
1441 0
1527 0
1590 0
1654 0
1678 0
1713 0
1780 0
1794 0
1817 0
1824 0
1846 0
1861 0
1884 0
1893 0
1974 0
2099 0
2137 0
2149 0
2165 0
2209 0
2275 0
2282 0
2332 0
2352 0
2368 0
2412 0
2518 0
2694 0
2817 0
2855 0
2865 0
2876 0
2931 0
2952 0
3012 0
3047 0
3066 0
3093 0
3126 0
3232 0
3331 0
3347 0
3357 0
3367 0
3386 0
3414 0
3421 0
3441 0
3518 0
3539 0
3557 0
3623 0
3690 0
3786 0
3801 0
3866 0
3896 0
3991 0
4003 0
4067 0
4112 0
4141 0
4170 0
4223 0
4263 0
4269 0
4290 0
4387 0
4408 0
4426 0
4491 0
4584 0
4688 0
4694 0
4718 0
4734 0
4804 0
4823 0
4834 0
