360 0
379 0
434 0
466 0
477 0
514 0
537 0
567 0
651 0
675 0
720 0
796 0
890 0
963 0
1024 0
1042 0
1083 0
1131 0
1155 0
1197 0
1223 0
1238 0
1307 0
1319 0
1334 0
1389 0
1467 0
1502 0
1528 0
1631 0
1644 0
1651 0
1713 0
1764 0
1895 0
1949 0
1957 0
2018 0
2073 0
2099 0
2163 0
2183 0
2216 0
2266 0
2296 0
2365 0
2426 0
2437 0
2496 0
2504 0
2718 0
2734 0
2774 0
2798 0
2848 0
2911 0
2946 0
3002 0
3034 0
3044 0
3125 0
3157 0
3198 0
3248 0
3268 0
3331 0
3462 0
3513 0
3556 0
3575 0
3600 0
3690 0
3721 0
3750 0
3834 0
3881 0
3904 0
3922 0
3988 0
4001 0
4020 0
4079 0
4086 0
4146 0
4174 0
4195 0
4258 0
4320 0
4434 0
4501 0
4549 0
4565 0
4642 0
4687 0
4696 0
4732 0
4750 0
4786 0
4831 0
4860 0
