311 0
325 0
375 0
402 0
486 0
506 0
513 0
559 0
573 0
647 0
709 0
770 0
793 0
823 0
925 0
949 0
954 0
979 0
1016 0
1069 0
1092 0
1256 0
1265 0
1328 0
1463 0
1525 0
1609 0
1635 0
1687 0
1705 0
1762 0
1774 0
1840 0
1862 0
1889 0
1969 0
2007 0
2064 0
2076 0
2155 0
2177 0
2208 0
2219 0
2231 0
2286 0
2378 0
2388 0
2415 0
2464 0
2471 0
2570 0
2640 0
2752 0
2768 0
2794 0
2823 0
2855 0
2927 0
2983 0
2998 0
3020 0
3033 0
3076 0
3130 0
3149 0
3209 0
3253 0
3317 0
3353 0
3377 0
3446 0
3458 0
3511 0
3523 0
3586 0
3607 0
3694 0
3755 0
3880 0
3952 0
3967 0
4117 0
4150 0
4208 0
4247 0
4262 0
4277 0
4297 0
4402 0
4431 0
4445 0
4515 0
4562 0
4655 0
4673 0
4694 0
4715 0
4731 0
4815 0
4844 0
4886 0
4905 0
