317 0
346 0
398 0
462 0
502 0
540 0
576 0
610 0
620 0
642 0
719 0
758 0
766 0
823 0
889 0
942 0
954 0
982 0
1070 0
1075 0
1200 0
1262 0
1304 0
1328 0
1373 0
1391 0
1433 0
1466 0
1504 0
1523 0
1537 0
1577 0
1665 0
1698 0
1752 0
1784 0
1844 0
1879 0
1900 0
1959 0
2000 0
2070 0
2112 0
2137 0
2156 0
2170 0
2198 0
2247 0
2286 0
2377 0
2413 0
2432 0
2468 0
2741 0
2780 0
2812 0
2845 0
2930 0
2970 0
3016 0
3045 0
3071 0
3081 0
3109 0
3158 0
3228 0
3250 0
3328 0
3338 0
3380 0
3438 0
3460 0
3530 0
3568 0
3646 0
3684 0
3696 0
3716 0
3742 0
3786 0
3838 0
3843 0
3885 0
3926 0
3954 0
4019 0
4144 0
4159 0
4238 0
4253 0
4276 0
4330 0
4396 0
4439 0
4458 0
4497 0
4578 0
4605 0
4618 0
4649 0
4679 0
4721 0
4759 0
4826 0
4863 0
4906 0
