371 0
403 0
421 0
447 0
469 0
513 0
542 0
563 0
644 0
673 0
733 0
791 0
807 0
856 0
887 0
942 0
1050 0
1072 0
1126 0
1217 0
1230 0
1274 0
1300 0
1324 0
1329 0
1422 0
1442 0
1489 0
1597 0
1638 0
1694 0
1726 0
1774 0
1822 0
1855 0
1942 0
1969 0
2011 0
2104 0
2132 0
2218 0
2260 0
2262 0
2284 0
2368 0
2475 0
2496 0
2540 0
2587 0
2633 0
2670 0
2726 0
2741 0
2849 0
2927 0
2954 0
2963 0
3000 0
3092 0
3123 0
3206 0
3263 0
3278 0
3357 0
3396 0
3441 0
3491 0
3528 0
3571 0
3632 0
3726 0
3788 0
3804 0
3883 0
3896 0
3918 0
3953 0
3989 0
4000 0
4085 0
4139 0
4177 0
4282 0
4328 0
4359 0
4411 0
4421 0
4477 0
4555 0
4575 0
4643 0
4687 0
4696 0
4757 0
4765 0
4809 0
4822 0
4858 0
