319 0
334 0
350 0
365 0
428 0
524 0
556 0
602 0
624 0
678 0
691 0
747 0
754 0
785 0
837 0
860 0
934 0
966 0
1059 0
1125 0
1154 0
1175 0
1248 0
1356 0
1495 0
1518 0
1538 0
1604 0
1618 0
1658 0
1685 0
1730 0
1797 0
1822 0
1868 0
1918 0
1922 0
1979 0
2044 0
2059 0
2132 0
2204 0
2242 0
2250 0
2393 0
2399 0
2441 0
2473 0
2528 0
2581 0
2648 0
2697 0
2744 0
2772 0
2813 0
2827 0
2965 0
2980 0
3018 0
3089 0
3156 0
3163 0
3232 0
3295 0
3302 0
3354 0
3389 0
3425 0
3497 0
3533 0
3554 0
3595 0
3620 0
3679 0
3699 0
3732 0
3868 0
3974 0
4033 0
4073 0
4095 0
4149 0
4261 0
4300 0
4368 0
4375 0
4432 0
4461 0
4475 0
4536 0
4549 0
4598 0
4609 0
4665 0
4694 0
4778 0
4858 0
4868 0
4894 0
4901 0
