309 0
339 0
403 0
438 0
478 0
551 0
571 0
630 0
648 0
724 0
746 0
898 0
975 0
997 0
1033 0
1064 0
1079 0
1137 0
1140 0
1232 0
1246 0
1259 0
1337 0
1352 0
1376 0
1380 0
1396 0
1417 0
1483 0
1514 0
1614 0
1660 0
1680 0
1782 0
1851 0
1882 0
1917 0
1941 0
1963 0
2089 0
2124 0
2167 0
2188 0
2345 0
2351 0
2375 0
2390 0
2404 0
2440 0
2466 0
2587 0
2630 0
2748 0
2785 0
2818 0
2829 0
2854 0
2857 0
2875 0
3040 0
3046 0
3098 0
3141 0
3261 0
3277 0
3314 0
3338 0
3378 0
3437 0
3551 0
3559 0
3608 0
3699 0
3737 0
3803 0
3822 0
3841 0
3850 0
3872 0
3878 0
3959 0
3970 0
3979 0
4067 0
4086 0
4143 0
4157 0
4183 0
4226 0
4241 0
4329 0
4487 0
4499 0
4568 0
4587 0
4649 0
4659 0
4740 0
4779 0
4824 0
4884 0
4900 0
