336 0
345 0
371 0
398 0
469 0
501 0
550 0
598 0
661 0
681 0
728 0
740 0
759 0
860 0
903 0
928 0
946 0
977 0
1007 0
1074 0
1102 0
1112 0
1127 0
1215 0
1340 0
1398 0
1512 0
1559 0
1655 0
1718 0
1753 0
1833 0
1849 0
1876 0
1888 0
1908 0
2052 0
2065 0
2078 0
2219 0
2292 0
2343 0
2357 0
2405 0
2423 0
2432 0
2485 0
2506 0
2569 0
2638 0
2707 0
2728 0
2783 0
2799 0
2814 0
2871 0
2887 0
2933 0
2994 0
3141 0
3149 0
3174 0
3303 0
3327 0
3336 0
3376 0
3390 0
3454 0
3490 0
3566 0
3658 0
3712 0
3821 0
3882 0
3997 0
4084 0
4109 0
4122 0
4146 0
4205 0
4247 0
4272 0
4300 0
4311 0
4353 0
4467 0
4479 0
4499 0
4538 0
4560 0
4614 0
4673 0
4719 0
4750 0
4816 0
4848 0
4870 0
4891 0
