313 0
406 0
537 0
577 0
596 0
689 0
733 0
763 0
768 0
806 0
829 0
841 0
862 0
928 0
938 0
968 0
982 0
994 0
1026 0
1048 0
1136 0
1205 0
1215 0
1226 0
1304 0
1350 0
1369 0
1415 0
1467 0
1480 0
1512 0
1575 0
1628 0
1664 0
1727 0
1775 0
1810 0
1916 0
1954 0
1966 0
2043 0
2104 0
2112 0
2133 0
2181 0
2220 0
2340 0
2369 0
2417 0
2547 0
2582 0
2588 0
2627 0
2647 0
2673 0
2803 0
2855 0
2886 0
2996 0
3034 0
3083 0
3101 0
3123 0
3164 0
3252 0
3274 0
3307 0
3415 0
3435 0
3495 0
3556 0
3602 0
3647 0
3710 0
3729 0
3748 0
3797 0
3855 0
3861 0
3925 0
3994 0
4003 0
4019 0
4082 0
4177 0
4197 0
4230 0
4246 0
4251 0
4271 0
4290 0
4360 0
4372 0
4391 0
4414 0
4453 0
4461 0
4472 0
4531 0
4621 0
4645 0
4687 0
4827 0
4905 0
