314 0
334 0
447 0
472 0
496 0
554 0
643 0
681 0
705 0
764 0
789 0
802 0
818 0
844 0
856 0
930 0
955 0
1021 0
1046 0
1102 0
1109 0
1199 0
1306 0
1345 0
1390 0
1435 0
1544 0
1555 0
1579 0
1611 0
1639 0
1675 0
1684 0
1716 0
1773 0
1871 0
1924 0
1962 0
2021 0
2194 0
2216 0
2347 0
2376 0
2383 0
2407 0
2416 0
2442 0
2496 0
2596 0
2629 0
2732 0
2779 0
2804 0
2818 0
2824 0
2848 0
2857 0
2996 0
3010 0
3202 0
3259 0
3286 0
3342 0
3437 0
3505 0
3527 0
3538 0
3584 0
3620 0
3644 0
3666 0
3676 0
3778 0
3836 0
3872 0
3922 0
4021 0
4113 0
4122 0
4169 0
4193 0
4264 0
4291 0
4366 0
4379 0
4389 0
4416 0
4436 0
4456 0
4520 0
4530 0
4585 0
4664 0
4721 0
4757 0
4763 0
4894 0
4900 0
