308 0
331 0
354 0
361 0
419 0
441 0
449 0
491 0
642 0
656 0
672 0
899 0
936 0
981 0
1081 0
1094 0
1130 0
1176 0
1216 0
1307 0
1334 0
1347 0
1362 0
1408 0
1418 0
1440 0
1499 0
1580 0
1587 0
1619 0
1661 0
1679 0
1694 0
1701 0
1770 0
1817 0
1843 0
1856 0
1980 0
2012 0
2090 0
2157 0
2181 0
2211 0
2364 0
2385 0
2408 0
2440 0
2498 0
2505 0
2547 0
2579 0
2651 0
2683 0
2716 0
2722 0
2778 0
2811 0
2827 0
2848 0
3001 0
3034 0
3071 0
3131 0
3205 0
3238 0
3362 0
3382 0
3401 0
3444 0
3508 0
3526 0
3538 0
3569 0
3601 0
3624 0
3643 0
3718 0
3786 0
3800 0
3813 0
3855 0
3863 0
3886 0
3926 0
4001 0
4030 0
4094 0
4121 0
4146 0
4244 0
4279 0
4326 0
4553 0
4565 0
4577 0
4742 0
4772 0
4785 0
4803 0
4855 0
4869 0
4882 0
4898 0
