320 0
345 0
390 0
421 0
471 0
479 0
551 0
642 0
674 0
772 0
828 0
909 0
946 0
973 0
1004 0
1053 0
1060 0
1136 0
1148 0
1234 0
1248 0
1295 0
1317 0
1357 0
1388 0
1504 0
1525 0
1549 0
1580 0
1595 0
1652 0
1670 0
1756 0
1801 0
1823 0
1854 0
1889 0
1968 0
2077 0
2116 0
2171 0
2262 0
2283 0
2364 0
2387 0
2402 0
2528 0
2536 0
2558 0
2586 0
2620 0
2666 0
2674 0
2701 0
2815 0
2829 0
2843 0
2936 0
2948 0
3052 0
3100 0
3139 0
3250 0
3323 0
3360 0
3399 0
3427 0
3464 0
3537 0
3567 0
3628 0
3642 0
3670 0
3701 0
3712 0
3839 0
3865 0
3909 0
3920 0
3974 0
3979 0
4079 0
4083 0
4161 0
4180 0
4203 0
4235 0
4276 0
4312 0
4398 0
4448 0
4546 0
4586 0
4671 0
4733 0
4748 0
4797 0
4829 0
4878 0
4904 0
