322 0
335 0
350 0
400 0
416 0
448 0
566 0
608 0
670 0
717 0
739 0
780 0
921 0
1008 0
1049 0
1067 0
1131 0
1233 0
1268 0
1323 0
1329 0
1350 0
1378 0
1424 0
1430 0
1526 0
1605 0
1629 0
1689 0
1716 0
1857 0
1931 0
1954 0
1969 0
2061 0
2153 0
2206 0
2242 0
2269 0
2281 0
2296 0
2356 0
2378 0
2399 0
2444 0
2464 0
2477 0
2488 0
2507 0
2520 0
2555 0
2668 0
2694 0
2715 0
2735 0
2741 0
2755 0
2773 0
2818 0
2849 0
2863 0
2911 0
2932 0
2943 0
2991 0
3014 0
3070 0
3159 0
3253 0
3278 0
3282 0
3356 0
3507 0
3526 0
3593 0
3613 0
3702 0
3783 0
3807 0
3827 0
3863 0
3883 0
3894 0
3956 0
3989 0
4093 0
4163 0
4177 0
4208 0
4287 0
4439 0
4484 0
4491 0
4545 0
4616 0
4649 0
4771 0
4809 0
4812 0
4875 0
4885 0
4908 0
