339 0
397 0
469 0
535 0
549 0
603 0
656 0
749 0
778 0
831 0
856 0
933 0
953 0
1013 0
1073 0
1101 0
1129 0
1143 0
1231 0
1266 0
1294 0
1332 0
1375 0
1387 0
1489 0
1529 0
1585 0
1601 0
1663 0
1730 0
1835 0
1841 0
1879 0
1945 0
1969 0
2055 0
2093 0
2139 0
2162 0
2182 0
2202 0
2249 0
2279 0
2306 0
2336 0
2350 0
2446 0
2475 0
2510 0
2517 0
2549 0
2559 0
2668 0
2678 0
2693 0
2704 0
2743 0
2785 0
2869 0
2875 0
2909 0
2930 0
2963 0
3012 0
3039 0
3059 0
3086 0
3112 0
3177 0
3251 0
3273 0
3333 0
3371 0
3395 0
3488 0
3558 0
3612 0
3636 0
3698 0
3739 0
3838 0
3845 0
3882 0
3912 0
3954 0
3982 0
4068 0
4092 0
4117 0
4135 0
4208 0
4256 0
4286 0
4362 0
4388 0
4444 0
4468 0
4562 0
4615 0
4666 0
4682 0
4745 0
4825 0
4890 0
