315 0
363 0
394 0
432 0
469 0
495 0
566 0
626 0
637 0
673 0
738 0
794 0
801 0
837 0
945 0
957 0
990 0
1062 0
1099 0
1111 0
1148 0
1211 0
1289 0
1315 0
1384 0
1502 0
1549 0
1579 0
1586 0
1602 0
1627 0
1830 0
1869 0
1911 0
1967 0
1999 0
2076 0
2098 0
2139 0
2143 0
2272 0
2341 0
2383 0
2406 0
2467 0
2513 0
2517 0
2566 0
2590 0
2625 0
2655 0
2687 0
2708 0
2753 0
2813 0
2837 0
2886 0
2954 0
3063 0
3083 0
3127 0
3129 0
3228 0
3263 0
3310 0
3358 0
3387 0
3593 0
3607 0
3634 0
3643 0
3665 0
3715 0
3837 0
3895 0
3928 0
4003 0
4068 0
4104 0
4127 0
4152 0
4227 0
4253 0
4268 0
4379 0
4418 0
4436 0
4472 0
4552 0
4580 0
4601 0
4642 0
4715 0
4752 0
4789 0
4813 0
4850 0
4911 0
