330 0
406 0
428 0
463 0
482 0
529 0
577 0
675 0
722 0
755 0
774 0
810 0
847 0
851 0
924 0
951 0
1023 0
1066 0
1109 0
1176 0
1202 0
1218 0
1228 0
1243 0
1265 0
1374 0
1403 0
1417 0
1473 0
1498 0
1580 0
1587 0
1599 0
1625 0
1673 0
1696 0
1708 0
1777 0
1792 0
1827 0
2060 0
2126 0
2172 0
2191 0
2214 0
2271 0
2297 0
2333 0
2393 0
2463 0
2522 0
2564 0
2661 0
2696 0
2766 0
2836 0
2881 0
2913 0
2944 0
3008 0
3031 0
3054 0
3092 0
3149 0
3390 0
3428 0
3439 0
3504 0
3529 0
3543 0
3593 0
3605 0
3625 0
3651 0
3722 0
3755 0
3807 0
3812 0
3857 0
3957 0
3962 0
3990 0
4000 0
4019 0
4043 0
4105 0
4153 0
4192 0
4283 0
4285 0
4359 0
4380 0
4405 0
4440 0
4468 0
4493 0
4554 0
4650 0
4680 0
4730 0
4756 0
4779 0
4818 0
4889 0
