356 0
366 0
433 0
508 0
534 0
571 0
597 0
622 0
651 0
677 0
771 0
853 0
897 0
915 0
924 0
1014 0
1021 0
1040 0
1107 0
1205 0
1247 0
1280 0
1316 0
1369 0
1407 0
1427 0
1466 0
1491 0
1561 0
1596 0
1616 0
1655 0
1709 0
1752 0
1788 0
1847 0
1862 0
1920 0
1934 0
1965 0
1977 0
1993 0
2012 0
2063 0
2085 0
2115 0
2229 0
2245 0
2354 0
2415 0
2479 0
2489 0
2503 0
2709 0
2731 0
2741 0
2803 0
2870 0
2964 0
2983 0
3099 0
3140 0
3147 0
3206 0
3217 0
3244 0
3259 0
3288 0
3301 0
3355 0
3367 0
3428 0
3464 0
3507 0
3565 0
3589 0
3629 0
3669 0
3733 0
3755 0
3807 0
3818 0
3846 0
3896 0
3935 0
3975 0
4027 0
4109 0
4175 0
4196 0
4208 0
4288 0
4306 0
4319 0
4361 0
4449 0
4549 0
4559 0
4597 0
4621 0
4655 0
4690 0
4722 0
4781 0
4857 0
4872 0
