308 0
355 0
404 0
449 0
470 0
531 0
547 0
621 0
737 0
749 0
790 0
844 0
864 0
902 0
949 0
980 0
990 0
1018 0
1053 0
1066 0
1090 0
1240 0
1248 0
1283 0
1298 0
1329 0
1392 0
1500 0
1606 0
1624 0
1645 0
1781 0
1805 0
1825 0
1860 0
1923 0
1950 0
1980 0
2041 0
2059 0
2084 0
2155 0
2180 0
2260 0
2343 0
2369 0
2389 0
2510 0
2562 0
2580 0
2647 0
2665 0
2710 0
2831 0
2841 0
2874 0
2962 0
3028 0
3066 0
3135 0
3160 0
3174 0
3232 0
3278 0
3291 0
3364 0
3392 0
3413 0
3438 0
3579 0
3592 0
3605 0
3717 0
3826 0
3892 0
3912 0
3935 0
3971 0
3989 0
4127 0
4156 0
4174 0
4213 0
4220 0
4238 0
4268 0
4307 0
4357 0
4380 0
4422 0
4468 0
4484 0
4606 0
4674 0
4683 0
4744 0
4767 0
4817 0
4865 0
4905 0
