400 0
448 0
471 0
515 0
555 0
690 0
769 0
815 0
824 0
840 0
864 0
903 0
947 0
1011 0
1111 0
1187 0
1242 0
1265 0
1290 0
1298 0
1329 0
1432 0
1467 0
1509 0
1617 0
1677 0
1791 0
1862 0
1872 0
1902 0
1929 0
1969 0
1975 0
2001 0
2051 0
2066 0
2099 0
2128 0
2148 0
2194 0
2241 0
2280 0
2358 0
2370 0
2394 0
2413 0
2422 0
2452 0
2510 0
2519 0
2543 0
2573 0
2585 0
2622 0
2640 0
2678 0
2699 0
2717 0
2757 0
2790 0
2812 0
2823 0
2850 0
2872 0
2940 0
2982 0
3012 0
3070 0
3083 0
3124 0
3159 0
3167 0
3224 0
3244 0
3253 0
3297 0
3320 0
3333 0
3357 0
3419 0
3546 0
3598 0
3713 0
3749 0
3783 0
3883 0
3923 0
3931 0
3960 0
3962 0
4041 0
4099 0
4209 0
4270 0
4309 0
4364 0
4379 0
4390 0
4419 0
4442 0
4525 0
4664 0
4697 0
4744 0
4763 0
4823 0
