345 0
414 0
453 0
471 0
478 0
560 0
624 0
665 0
707 0
722 0
761 0
780 0
805 0
823 0
855 0
885 0
933 0
951 0
990 0
1026 0
1042 0
1078 0
1099 0
1130 0
1175 0
1269 0
1327 0
1368 0
1386 0
1471 0
1521 0
1554 0
1619 0
1651 0
1684 0
1772 0
1827 0
1839 0
1862 0
1899 0
1915 0
1943 0
2012 0
2047 0
2080 0
2190 0
2213 0
2236 0
2311 0
2347 0
2390 0
2536 0
2675 0
2836 0
2861 0
2912 0
2987 0
3008 0
3037 0
3132 0
3171 0
3208 0
3268 0
3313 0
3317 0
3365 0
3371 0
3396 0
3440 0
3532 0
3560 0
3592 0
3663 0
3691 0
3751 0
3838 0
3858 0
3887 0
3953 0
4041 0
4085 0
4126 0
4132 0
4172 0
4186 0
4218 0
4283 0
4293 0
4321 0
4368 0
4387 0
4412 0
4442 0
4468 0
4503 0
4512 0
4545 0
4601 0
4666 0
4732 0
4746 0
4772 0
4808 0
4872 0
