313 0
351 0
404 0
410 0
501 0
541 0
559 0
607 0
631 0
651 0
671 0
735 0
826 0
842 0
904 0
981 0
1001 0
1080 0
1261 0
1296 0
1338 0
1402 0
1429 0
1471 0
1524 0
1548 0
1612 0
1617 0
1688 0
1712 0
1723 0
1789 0
1842 0
1939 0
2021 0
2050 0
2092 0
2150 0
2172 0
2182 0
2255 0
2281 0
2344 0
2379 0
2435 0
2460 0
2468 0
2490 0
2509 0
2563 0
2598 0
2634 0
2667 0
2710 0
2725 0
2743 0
2764 0
2772 0
2848 0
2875 0
2931 0
2971 0
3028 0
3048 0
3076 0
3119 0
3172 0
3200 0
3279 0
3378 0
3423 0
3486 0
3504 0
3528 0
3598 0
3618 0
3663 0
3696 0
3745 0
3785 0
3815 0
3879 0
3922 0
3960 0
4135 0
4226 0
4238 0
4312 0
4382 0
4394 0
4482 0
4554 0
4561 0
4575 0
4614 0
4662 0
4676 0
4722 0
4797 0
4817 0
4878 0
4908 0
