362 0
377 0
420 0
439 0
518 0
537 0
606 0
650 0
679 0
690 0
751 0
828 0
863 0
921 0
976 0
1008 0
1032 0
1041 0
1063 0
1085 0
1099 0
1120 0
1138 0
1236 0
1245 0
1276 0
1345 0
1380 0
1489 0
1552 0
1635 0
1675 0
1699 0
1714 0
1729 0
1773 0
1794 0
1848 0
1891 0
1912 0
1968 0
1983 0
2052 0
2081 0
2123 0
2155 0
2209 0
2383 0
2406 0
2441 0
2478 0
2521 0
2537 0
2677 0
2696 0
2750 0
2778 0
2809 0
2824 0
3014 0
3074 0
3100 0
3131 0
3169 0
3245 0
3261 0
3307 0
3322 0
3379 0
3418 0
3444 0
3487 0
3509 0
3524 0
3547 0
3585 0
3665 0
3736 0
3826 0
3873 0
3940 0
3971 0
3990 0
4091 0
4110 0
4116 0
4138 0
4151 0
4180 0
4192 0
4215 0
4245 0
4293 0
4368 0
4398 0
4465 0
4527 0
4546 0
4566 0
4610 0
4689 0
4699 0
4788 0
4796 0
4836 0
4861 0
