324 0
342 0
385 0
398 0
447 0
507 0
552 0
599 0
618 0
664 0
688 0
730 0
795 0
801 0
821 0
864 0
898 0
931 0
957 0
984 0
1024 0
1048 0
1083 0
1089 0
1227 0
1334 0
1345 0
1361 0
1398 0
1435 0
1552 0
1580 0
1636 0
1681 0
1707 0
1719 0
1784 0
1803 0
1828 0
1960 0
1995 0
2009 0
2080 0
2106 0
2137 0
2173 0
2342 0
2420 0
2463 0
2547 0
2551 0
2579 0
2639 0
2653 0
2679 0
2769 0
2794 0
2889 0
3045 0
3078 0
3123 0
3135 0
3207 0
3225 0
3263 0
3388 0
3406 0
3447 0
3488 0
3517 0
3549 0
3584 0
3650 0
3664 0
3789 0
3811 0
3854 0
3860 0
3886 0
3994 0
4122 0
4145 0
4174 0
4186 0
4245 0
4253 0
4297 0
4323 0
4362 0
4395 0
4409 0
4428 0
4489 0
4538 0
4543 0
4605 0
4619 0
4671 0
4716 0
4762 0
4816 0
4836 0
4865 0
4893 0
