311 0
329 0
445 0
490 0
503 0
519 0
531 0
572 0
608 0
643 0
686 0
708 0
718 0
740 0
767 0
826 0
862 0
946 0
954 0
1095 0
1119 0
1214 0
1226 0
1276 0
1300 0
1355 0
1409 0
1424 0
1464 0
1486 0
1531 0
1630 0
1658 0
1674 0
1720 0
1797 0
1807 0
1835 0
1883 0
1922 0
1957 0
2048 0
2097 0
2118 0
2157 0
2294 0
2362 0
2367 0
2416 0
2439 0
2472 0
2504 0
2706 0
2753 0
2772 0
2797 0
2850 0
2870 0
2936 0
3076 0
3101 0
3116 0
3172 0
3262 0
3285 0
3334 0
3389 0
3403 0
3418 0
3491 0
3545 0
3560 0
3599 0
3677 0
3731 0
3753 0
3796 0
3823 0
3871 0
3926 0
3936 0
3992 0
3998 0
4103 0
4128 0
4265 0
4280 0
4362 0
4395 0
4452 0
4473 0
4496 0
4510 0
4528 0
4589 0
4608 0
4657 0
4683 0
4696 0
4714 0
4735 0
4770 0
4885 0
4898 0
