355 0
392 0
410 0
441 0
504 0
536 0
557 0
638 0
653 0
678 0
691 0
703 0
727 0
796 0
811 0
932 0
964 0
973 0
1094 0
1116 0
1255 0
1282 0
1392 0
1397 0
1421 0
1472 0
1493 0
1584 0
1626 0
1725 0
1769 0
1885 0
1899 0
1947 0
1957 0
1986 0
2100 0
2112 0
2141 0
2167 0
2216 0
2255 0
2290 0
2342 0
2358 0
2424 0
2440 0
2468 0
2496 0
2501 0
2574 0
2643 0
2718 0
2724 0
2747 0
2778 0
2800 0
2861 0
2886 0
2933 0
2974 0
2994 0
3056 0
3081 0
3097 0
3121 0
3243 0
3251 0
3280 0
3327 0
3341 0
3436 0
3497 0
3588 0
3626 0
3738 0
3746 0
3802 0
3820 0
3833 0
3940 0
3977 0
4099 0
4115 0
4236 0
4260 0
4290 0
4416 0
4430 0
4489 0
4517 0
4533 0
4543 0
4564 0
4580 0
4662 0
4682 0
4715 0
4791 0
4803 0
4826 0
4867 0
