422 0
431 0
454 0
469 0
487 0
625 0
647 0
665 0
684 0
723 0
737 0
832 0
890 0
913 0
1004 0
1029 0
1113 0
1125 0
1143 0
1192 0
1253 0
1261 0
1347 0
1375 0
1391 0
1405 0
1434 0
1527 0
1537 0
1585 0
1626 0
1672 0
1732 0
1791 0
1822 0
1850 0
1889 0
1928 0
1947 0
2014 0
2041 0
2085 0
2161 0
2208 0
2213 0
2243 0
2249 0
2309 0
2345 0
2393 0
2422 0
2470 0
2496 0
2540 0
2571 0
2641 0
2680 0
2733 0
2740 0
2796 0
2831 0
2885 0
2915 0
2973 0
2980 0
2999 0
3013 0
3046 0
3134 0
3163 0
3209 0
3273 0
3283 0
3325 0
3380 0
3389 0
3424 0
3497 0
3538 0
3598 0
3637 0
3676 0
3692 0
3777 0
3820 0
3831 0
3858 0
3874 0
3953 0
3969 0
4013 0
4068 0
4090 0
4110 0
4196 0
4203 0
4310 0
4334 0
4387 0
4484 0
4499 0
4534 0
4541 0
4571 0
4596 0
4735 0
4749 0
4767 0
4787 0
4799 0
