309 0
338 0
347 0
365 0
402 0
412 0
489 0
537 0
633 0
715 0
736 0
808 0
823 0
915 0
936 0
967 0
988 0
1024 0
1065 0
1175 0
1213 0
1233 0
1249 0
1268 0
1312 0
1327 0
1405 0
1425 0
1524 0
1537 0
1618 0
1680 0
1710 0
1758 0
1801 0
1833 0
1844 0
1933 0
1949 0
1987 0
2015 0
2054 0
2086 0
2117 0
2300 0
2351 0
2395 0
2409 0
2452 0
2523 0
2535 0
2583 0
2636 0
2685 0
2696 0
2767 0
2817 0
2837 0
2867 0
2920 0
3102 0
3130 0
3163 0
3205 0
3233 0
3265 0
3285 0
3368 0
3389 0
3431 0
3463 0
3508 0
3548 0
3594 0
3673 0
3699 0
3799 0
3822 0
3879 0
3902 0
3951 0
3974 0
3984 0
4011 0
4044 0
4161 0
4193 0
4218 0
4266 0
4275 0
4310 0
4401 0
4409 0
4481 0
4489 0
4586 0
4686 0
4740 0
4804 0
4819 0
4852 0
4863 0
4883 0
4899 0
