364 0
475 0
515 0
604 0
634 0
652 0
676 0
691 0
729 0
818 0
899 0
931 0
975 0
1029 0
1038 0
1065 0
1092 0
1185 0
1228 0
1255 0
1301 0
1312 0
1385 0
1405 0
1427 0
1434 0
1464 0
1491 0
1512 0
1539 0
1603 0
1653 0
1715 0
1718 0
1764 0
1830 0
1858 0
1893 0
1976 0
2083 0
2096 0
2112 0
2132 0
2188 0
2230 0
2284 0
2428 0
2500 0
2549 0
2685 0
2716 0
2793 0
2928 0
2983 0
3029 0
3087 0
3106 0
3120 0
3135 0
3238 0
3325 0
3358 0
3385 0
3463 0
3488 0
3516 0
3554 0
3608 0
3688 0
3711 0
3731 0
3751 0
3784 0
3797 0
3822 0
3833 0
3898 0
3926 0
3970 0
3991 0
4044 0
4126 0
4150 0
4174 0
4193 0
4247 0
4292 0
4325 0
4387 0
4496 0
4525 0
4552 0
4562 0
4585 0
4612 0
4701 0
4749 0
4859 0
