328 0
368 0
407 0
450 0
551 0
608 0
631 0
668 0
721 0
745 0
831 0
837 0
907 0
995 0
1017 0
1036 0
1050 0
1075 0
1100 0
1194 0
1256 0
1314 0
1344 0
1367 0
1402 0
1424 0
1430 0
1504 0
1517 0
1579 0
1594 0
1676 0
1712 0
1807 0
1854 0
1882 0
1931 0
1940 0
1969 0
2015 0
2118 0
2129 0
2167 0
2222 0
2298 0
2332 0
2359 0
2399 0
2421 0
2474 0
2595 0
2619 0
2741 0
2797 0
2810 0
2866 0
2889 0
2912 0
3006 0
3055 0
3088 0
3107 0
3204 0
3256 0
3271 0
3282 0
3347 0
3363 0
3413 0
3514 0
3550 0
3631 0
3654 0
3695 0
3710 0
3778 0
3805 0
3814 0
3853 0
3872 0
3908 0
3964 0
4021 0
4116 0
4139 0
4169 0
4183 0
4206 0
4228 0
4315 0
4378 0
4398 0
4487 0
4492 0
4550 0
4579 0
4615 0
4673 0
4765 0
4819 0
4848 0
4895 0
