355 0
371 0
378 0
458 0
465 0
554 0
596 0
640 0
665 0
685 0
720 0
755 0
847 0
978 0
1019 0
1154 0
1202 0
1210 0
1337 0
1347 0
1370 0
1403 0
1412 0
1475 0
1501 0
1533 0
1624 0
1642 0
1699 0
1779 0
1797 0
1812 0
1854 0
1894 0
1919 0
1995 0
2009 0
2059 0
2081 0
2124 0
2223 0
2259 0
2266 0
2307 0
2381 0
2412 0
2420 0
2455 0
2470 0
2576 0
2640 0
2740 0
2764 0
2799 0
2807 0
2838 0
2910 0
2951 0
2969 0
2994 0
3099 0
3136 0
3149 0
3204 0
3228 0
3304 0
3324 0
3353 0
3410 0
3424 0
3437 0
3523 0
3577 0
3601 0
3685 0
3707 0
3742 0
3801 0
3810 0
3849 0
3875 0
3885 0
4009 0
4023 0
4074 0
4207 0
4234 0
4377 0
4458 0
4491 0
4534 0
4545 0
4583 0
4608 0
4659 0
4748 0
4768 0
4842 0
4858 0
4865 0
