319 0
365 0
384 0
427 0
504 0
515 0
558 0
565 0
598 0
677 0
696 0
708 0
767 0
805 0
941 0
964 0
1061 0
1132 0
1154 0
1202 0
1281 0
1325 0
1347 0
1369 0
1405 0
1430 0
1538 0
1557 0
1571 0
1650 0
1778 0
1806 0
1886 0
1933 0
1953 0
1963 0
1977 0
2000 0
2007 0
2087 0
2096 0
2111 0
2253 0
2341 0
2379 0
2435 0
2461 0
2504 0
2547 0
2565 0
2661 0
2682 0
2717 0
2759 0
2782 0
2847 0
2883 0
2969 0
3097 0
3115 0
3144 0
3202 0
3217 0
3232 0
3257 0
3269 0
3292 0
3341 0
3407 0
3435 0
3568 0
3639 0
3665 0
3676 0
3783 0
3816 0
3846 0
3865 0
3900 0
3939 0
4025 0
4067 0
4085 0
4156 0
4264 0
4282 0
4406 0
4446 0
4511 0
4537 0
4544 0
4615 0
4643 0
4673 0
4708 0
4720 0
4781 0
4836 0
4855 0
4905 0
