346 0
362 0
429 0
460 0
487 0
625 0
650 0
668 0
692 0
772 0
802 0
827 0
852 0
932 0
989 0
1018 0
1024 0
1059 0
1095 0
1114 0
1135 0
1140 0
1191 0
1248 0
1284 0
1359 0
1402 0
1425 0
1498 0
1605 0
1626 0
1663 0
1686 0
1709 0
1829 0
1899 0
1913 0
2020 0
2062 0
2086 0
2098 0
2199 0
2242 0
2277 0
2306 0
2360 0
2367 0
2409 0
2487 0
2507 0
2590 0
2630 0
2712 0
2735 0
2813 0
2852 0
2867 0
2911 0
2956 0
2983 0
3014 0
3113 0
3134 0
3157 0
3198 0
3310 0
3318 0
3396 0
3518 0
3527 0
3554 0
3589 0
3610 0
3710 0
3800 0
3824 0
3863 0
3934 0
3967 0
4017 0
4066 0
4088 0
4107 0
4115 0
4155 0
4198 0
4213 0
4231 0
4296 0
4358 0
4391 0
4405 0
4450 0
4531 0
4543 0
4570 0
4606 0
4727 0
4749 0
4780 0
4854 0
4872 0
