312 0
360 0
419 0
502 0
526 0
643 0
648 0
664 0
729 0
777 0
812 0
826 0
858 0
913 0
919 0
974 0
996 0
1079 0
1231 0
1257 0
1409 0
1434 0
1465 0
1489 0
1528 0
1585 0
1622 0
1648 0
1712 0
1767 0
1843 0
1872 0
1913 0
1922 0
1969 0
2041 0
2071 0
2123 0
2137 0
2181 0
2229 0
2348 0
2372 0
2415 0
2454 0
2494 0
2514 0
2583 0
2595 0
2633 0
2646 0
2713 0
2725 0
2760 0
2796 0
2840 0
2870 0
2977 0
3029 0
3081 0
3095 0
3158 0
3167 0
3251 0
3290 0
3314 0
3334 0
3371 0
3454 0
3509 0
3583 0
3602 0
3635 0
3697 0
3734 0
3749 0
3776 0
3818 0
3972 0
3979 0
4137 0
4221 0
4246 0
4286 0
4310 0
4364 0
4393 0
4417 0
4441 0
4504 0
4554 0
4562 0
4576 0
4705 0
4723 0
4798 0
4852 0
4908 0
