319 0
327 0
373 0
417 0
542 0
562 0
603 0
653 0
691 0
757 0
783 0
946 0
975 0
1006 0
1067 0
1115 0
1134 0
1147 0
1183 0
1191 0
1255 0
1262 0
1311 0
1341 0
1383 0
1495 0
1533 0
1556 0
1593 0
1604 0
1628 0
1708 0
1727 0
1779 0
1800 0
1827 0
1849 0
1875 0
1891 0
1924 0
1945 0
1971 0
2112 0
2204 0
2274 0
2285 0
2356 0
2415 0
2433 0
2481 0
2514 0
2564 0
2571 0
2640 0
2659 0
2713 0
2741 0
2777 0
2797 0
2857 0
2939 0
2951 0
3021 0
3107 0
3253 0
3277 0
3295 0
3322 0
3343 0
3376 0
3388 0
3425 0
3449 0
3496 0
3510 0
3593 0
3606 0
3635 0
3659 0
3687 0
3726 0
3835 0
3880 0
3894 0
3958 0
3963 0
4021 0
4044 0
4067 0
4087 0
4100 0
4160 0
4208 0
4244 0
4275 0
4431 0
4459 0
4523 0
4568 0
4609 0
4643 0
4680 0
4798 0
4859 0
4885 0
4899 0
