390 0
432 0
477 0
504 0
575 0
628 0
707 0
743 0
755 0
785 0
831 0
855 0
891 0
902 0
932 0
990 0
1035 0
1080 0
1117 0
1135 0
1195 0
1222 0
1255 0
1261 0
1284 0
1322 0
1521 0
1566 0
1628 0
1661 0
1677 0
1726 0
1760 0
1788 0
1813 0
1844 0
1858 0
1970 0
1995 0
2019 0
2045 0
2070 0
2090 0
2137 0
2162 0
2242 0
2268 0
2292 0
2299 0
2432 0
2461 0
2543 0
2681 0
2768 0
2776 0
2910 0
2933 0
2945 0
2987 0
3045 0
3083 0
3136 0
3155 0
3178 0
3197 0
3220 0
3252 0
3361 0
3369 0
3414 0
3428 0
3453 0
3500 0
3552 0
3559 0
3598 0
3646 0
3701 0
3895 0
3942 0
3948 0
3967 0
4009 0
4020 0
4095 0
4106 0
4134 0
4193 0
4232 0
4297 0
4305 0
4325 0
4366 0
4398 0
4427 0
4462 0
4475 0
4507 0
4606 0
4643 0
4710 0
4741 0
4780 0
4841 0
