328 0
341 0
475 0
505 0
512 0
540 0
575 0
624 0
656 0
696 0
701 0
717 0
753 0
825 0
1026 0
1065 0
1103 0
1109 0
1155 0
1184 0
1248 0
1267 0
1313 0
1336 0
1423 0
1475 0
1489 0
1524 0
1548 0
1573 0
1657 0
1688 0
1755 0
1827 0
1851 0
1941 0
1984 0
2002 0
2041 0
2059 0
2096 0
2139 0
2220 0
2240 0
2299 0
2371 0
2396 0
2425 0
2479 0
2749 0
2790 0
2826 0
2840 0
2912 0
2976 0
2995 0
3085 0
3124 0
3154 0
3172 0
3228 0
3243 0
3268 0
3371 0
3393 0
3457 0
3523 0
3563 0
3644 0
3671 0
3692 0
3738 0
3748 0
3802 0
3886 0
3907 0
3945 0
3977 0
4031 0
4079 0
4104 0
4127 0
4156 0
4193 0
4391 0
4467 0
4496 0
4508 0
4529 0
4570 0
4594 0
4655 0
4684 0
4695 0
4714 0
4755 0
4877 0
4885 0
