331 0
378 0
437 0
469 0
508 0
551 0
657 0
664 0
702 0
740 0
752 0
779 0
807 0
845 0
922 0
975 0
1018 0
1022 0
1202 0
1237 0
1272 0
1286 0
1310 0
1333 0
1346 0
1403 0
1421 0
1494 0
1504 0
1519 0
1693 0
1718 0
1807 0
1843 0
1878 0
1906 0
2061 0
2094 0
2158 0
2170 0
2199 0
2266 0
2303 0
2331 0
2375 0
2418 0
2437 0
2451 0
2561 0
2576 0
2642 0
2655 0
2769 0
2783 0
2799 0
2847 0
2879 0
2915 0
2942 0
3024 0
3059 0
3074 0
3124 0
3147 0
3299 0
3336 0
3374 0
3415 0
3495 0
3525 0
3705 0
3710 0
3728 0
3797 0
3815 0
3869 0
3879 0
3898 0
3942 0
3957 0
3987 0
4020 0
4191 0
4210 0
4235 0
4299 0
4370 0
4415 0
4448 0
4468 0
4478 0
4508 0
4555 0
4566 0
4667 0
4717 0
4747 0
4787 0
4835 0
4892 0
