344 0
394 0
440 0
451 0
473 0
501 0
520 0
603 0
643 0
658 0
667 0
857 0
907 0
931 0
945 0
966 0
1008 0
1021 0
1087 0
1100 0
1180 0
1195 0
1226 0
1283 0
1305 0
1372 0
1475 0
1562 0
1605 0
1644 0
1652 0
1711 0
1727 0
1769 0
1816 0
1825 0
1865 0
1925 0
2021 0
2042 0
2080 0
2132 0
2220 0
2274 0
2287 0
2309 0
2332 0
2427 0
2450 0
2531 0
2693 0
2769 0
2789 0
2889 0
2908 0
2928 0
2957 0
3004 0
3079 0
3139 0
3175 0
3201 0
3289 0
3355 0
3394 0
3403 0
3446 0
3497 0
3515 0
3564 0
3584 0
3607 0
3671 0
3744 0
3855 0
3916 0
3942 0
3982 0
4028 0
4031 0
4127 0
4134 0
4188 0
4215 0
4257 0
4276 0
4285 0
4316 0
4358 0
4541 0
4570 0
4583 0
4619 0
4708 0
4714 0
4745 0
4761 0
4789 0
4814 0
4868 0
