334 0
404 0
433 0
449 0
478 0
528 0
550 0
624 0
684 0
724 0
751 0
773 0
808 0
821 0
907 0
989 0
1019 0
1065 0
1080 0
1118 0
1189 0
1215 0
1322 0
1364 0
1405 0
1435 0
1494 0
1521 0
1533 0
1599 0
1692 0
1752 0
1770 0
1791 0
1818 0
1850 0
1877 0
1976 0
2009 0
2044 0
2147 0
2178 0
2213 0
2250 0
2341 0
2394 0
2435 0
2488 0
2506 0
2531 0
2546 0
2675 0
2690 0
2719 0
2727 0
2786 0
2825 0
2878 0
2971 0
2997 0
3028 0
3061 0
3168 0
3211 0
3234 0
3342 0
3375 0
3408 0
3424 0
3435 0
3467 0
3533 0
3615 0
3680 0
3704 0
3736 0
3788 0
3824 0
3847 0
3899 0
3998 0
4040 0
4098 0
4138 0
4151 0
4207 0
4227 0
4305 0
4393 0
4408 0
4446 0
4455 0
4491 0
4535 0
4606 0
4662 0
4686 0
4734 0
4774 0
4782 0
4812 0
4886 0
