328 0
470 0
501 0
517 0
567 0
607 0
652 0
673 0
698 0
762 0
837 0
853 0
927 0
982 0
1000 0
1042 0
1074 0
1140 0
1187 0
1201 0
1265 0
1376 0
1392 0
1399 0
1463 0
1521 0
1583 0
1614 0
1619 0
1660 0
1715 0
1767 0
1782 0
1856 0
1879 0
1894 0
1905 0
1929 0
2002 0
2104 0
2119 0
2126 0
2216 0
2273 0
2297 0
2338 0
2391 0
2411 0
2467 0
2529 0
2538 0
2600 0
2625 0
2678 0
2688 0
2753 0
2815 0
2833 0
2881 0
2922 0
2951 0
2998 0
3084 0
3096 0
3127 0
3221 0
3296 0
3310 0
3325 0
3336 0
3365 0
3436 0
3458 0
3518 0
3554 0
3598 0
3611 0
3626 0
3703 0
3744 0
3822 0
3832 0
3845 0
3960 0
4017 0
4041 0
4067 0
4147 0
4173 0
4223 0
4244 0
4294 0
4363 0
4379 0
4461 0
4520 0
4548 0
4560 0
4621 0
4644 0
4708 0
4714 0
4752 0
4886 0
