370 0
396 0
423 0
426 0
467 0
482 0
524 0
682 0
760 0
795 0
820 0
857 0
919 0
951 0
965 0
978 0
992 0
1041 0
1068 0
1078 0
1090 0
1147 0
1209 0
1253 0
1289 0
1369 0
1493 0
1512 0
1517 0
1560 0
1647 0
1727 0
1807 0
1840 0
1895 0
1907 0
1933 0
1988 0
2004 0
2008 0
2051 0
2067 0
2086 0
2106 0
2116 0
2195 0
2354 0
2387 0
2430 0
2521 0
2585 0
2627 0
2697 0
2790 0
2828 0
2868 0
3013 0
3108 0
3114 0
3138 0
3154 0
3178 0
3204 0
3228 0
3234 0
3291 0
3314 0
3318 0
3375 0
3407 0
3497 0
3577 0
3671 0
3694 0
3707 0
3737 0
3852 0
3938 0
3976 0
4001 0
4069 0
4125 0
4140 0
4151 0
4177 0
4232 0
4237 0
4251 0
4280 0
4286 0
4366 0
4389 0
4424 0
4455 0
4530 0
4704 0
4732 0
4751 0
4791 0
4803 0
4814 0
4855 0
