320 0
325 0
372 0
412 0
471 0
498 0
670 0
742 0
802 0
817 0
925 0
962 0
997 0
1055 0
1074 0
1093 0
1128 0
1155 0
1210 0
1249 0
1277 0
1298 0
1313 0
1391 0
1418 0
1475 0
1534 0
1561 0
1601 0
1712 0
1719 0
1756 0
1861 0
1950 0
1964 0
1975 0
2019 0
2042 0
2113 0
2224 0
2235 0
2260 0
2299 0
2361 0
2420 0
2447 0
2475 0
2483 0
2512 0
2572 0
2598 0
2633 0
2649 0
2719 0
2732 0
2748 0
2781 0
2792 0
2859 0
2923 0
2971 0
2989 0
3007 0
3100 0
3163 0
3200 0
3232 0
3250 0
3273 0
3362 0
3462 0
3496 0
3512 0
3608 0
3662 0
3686 0
3746 0
3803 0
3841 0
3896 0
3912 0
3933 0
3971 0
4002 0
4073 0
4091 0
4119 0
4132 0
4157 0
4232 0
4254 0
4297 0
4390 0
4411 0
4487 0
4554 0
4720 0
4758 0
4808 0
4849 0
4895 0
4904 0
