369 0
417 0
436 0
449 0
492 0
506 0
512 0
535 0
571 0
645 0
694 0
721 0
743 0
763 0
819 0
912 0
941 0
1019 0
1045 0
1110 0
1146 0
1178 0
1332 0
1362 0
1381 0
1395 0
1440 0
1486 0
1665 0
1712 0
1797 0
1854 0
1918 0
1927 0
1983 0
1997 0
2060 0
2083 0
2106 0
2141 0
2205 0
2228 0
2441 0
2454 0
2491 0
2504 0
2531 0
2574 0
2639 0
2688 0
2706 0
2726 0
2769 0
2778 0
2988 0
3017 0
3087 0
3120 0
3135 0
3148 0
3223 0
3245 0
3290 0
3314 0
3350 0
3421 0
3516 0
3558 0
3736 0
3777 0
3819 0
3830 0
3858 0
3880 0
4035 0
4076 0
4104 0
4167 0
4202 0
4275 0
4302 0
4394 0
4459 0
4486 0
4490 0
4534 0
4582 0
4655 0
4677 0
4701 0
4716 0
4734 0
4773 0
4783 0
4810 0
4856 0
