333 0
369 0
388 0
445 0
475 0
480 0
498 0
597 0
651 0
673 0
723 0
763 0
805 0
925 0
977 0
987 0
1018 0
1022 0
1060 0
1125 0
1181 0
1260 0
1288 0
1297 0
1410 0
1442 0
1529 0
1543 0
1553 0
1584 0
1647 0
1658 0
1670 0
1694 0
1776 0
1794 0
1817 0
1823 0
1914 0
1975 0
2013 0
2063 0
2192 0
2198 0
2280 0
2333 0
2360 0
2455 0
2493 0
2500 0
2719 0
2727 0
2763 0
2867 0
2874 0
2936 0
3023 0
3032 0
3150 0
3199 0
3236 0
3313 0
3399 0
3402 0
3424 0
3442 0
3533 0
3544 0
3562 0
3582 0
3626 0
3668 0
3683 0
3692 0
3786 0
3816 0
3925 0
3934 0
3949 0
4031 0
4096 0
4153 0
4194 0
4207 0
4230 0
4244 0
4299 0
4404 0
4464 0
4501 0
4551 0
4570 0
4610 0
4715 0
4741 0
4746 0
4776 0
4829 0
4856 0
4892 0
