318 0
353 0
396 0
419 0
439 0
478 0
526 0
536 0
576 0
611 0
619 0
672 0
707 0
718 0
743 0
779 0
953 0
1052 0
1100 0
1125 0
1191 0
1216 0
1229 0
1249 0
1277 0
1337 0
1370 0
1511 0
1524 0
1623 0
1637 0
1661 0
1710 0
1730 0
1784 0
1824 0
1867 0
1876 0
2075 0
2186 0
2247 0
2267 0
2343 0
2356 0
2389 0
2409 0
2467 0
2503 0
2548 0
2558 0
2656 0
2685 0
2704 0
2739 0
2813 0
2835 0
2871 0
2880 0
2953 0
2959 0
3039 0
3130 0
3348 0
3353 0
3392 0
3448 0
3495 0
3505 0
3564 0
3586 0
3599 0
3690 0
3710 0
3852 0
3891 0
3929 0
3962 0
3982 0
4000 0
4024 0
4092 0
4128 0
4178 0
4261 0
4445 0
4482 0
4497 0
4511 0
4543 0
4603 0
4610 0
4645 0
4680 0
4694 0
4729 0
4790 0
4810 0
4819 0
4877 0
4897 0
