328 0
428 0
475 0
506 0
567 0
608 0
654 0
665 0
686 0
704 0
777 0
791 0
814 0
886 0
913 0
925 0
956 0
1008 0
1051 0
1055 0
1097 0
1182 0
1196 0
1270 0
1330 0
1370 0
1407 0
1526 0
1539 0
1562 0
1569 0
1640 0
1663 0
1686 0
1707 0
1771 0
1916 0
1936 0
1940 0
1963 0
1981 0
2045 0
2173 0
2226 0
2231 0
2250 0
2296 0
2360 0
2491 0
2512 0
2537 0
2681 0
2711 0
2733 0
2867 0
2918 0
2974 0
2985 0
2994 0
3051 0
3166 0
3240 0
3249 0
3265 0
3286 0
3304 0
3442 0
3510 0
3528 0
3567 0
3586 0
3648 0
3662 0
3683 0
3694 0
3814 0
3847 0
3885 0
3955 0
4024 0
4043 0
4123 0
4159 0
4175 0
4213 0
4251 0
4292 0
4317 0
4321 0
4408 0
4435 0
4451 0
4508 0
4532 0
4551 0
4567 0
4616 0
4644 0
4715 0
4755 0
4786 0
4884 0
