317 0
372 0
399 0
455 0
485 0
567 0
599 0
620 0
763 0
771 0
812 0
823 0
855 0
923 0
968 0
979 0
1024 0
1073 0
1120 0
1130 0
1199 0
1213 0
1243 0
1290 0
1305 0
1333 0
1348 0
1491 0
1566 0
1599 0
1658 0
1687 0
1724 0
1766 0
1850 0
1857 0
1892 0
1949 0
1980 0
2068 0
2114 0
2245 0
2334 0
2372 0
2383 0
2421 0
2459 0
2481 0
2520 0
2579 0
2641 0
2693 0
2746 0
2765 0
2792 0
2827 0
2840 0
2876 0
2971 0
3099 0
3159 0
3242 0
3274 0
3331 0
3357 0
3373 0
3462 0
3488 0
3521 0
3567 0
3609 0
3651 0
3739 0
3871 0
3881 0
3918 0
3937 0
3976 0
3997 0
4019 0
4084 0
4100 0
4139 0
4189 0
4235 0
4262 0
4298 0
4359 0
4401 0
4419 0
4448 0
4468 0
4596 0
4619 0
4653 0
4728 0
4761 0
4827 0
4856 0
4909 0
