316 0
337 0
351 0
392 0
441 0
474 0
498 0
700 0
729 0
800 0
823 0
860 0
919 0
944 0
975 0
1010 0
1032 0
1045 0
1099 0
1193 0
1213 0
1267 0
1286 0
1376 0
1406 0
1419 0
1463 0
1485 0
1510 0
1594 0
1618 0
1668 0
1687 0
1732 0
1781 0
1840 0
1961 0
1973 0
2013 0
2086 0
2107 0
2123 0
2231 0
2247 0
2351 0
2372 0
2495 0
2511 0
2522 0
2578 0
2645 0
2697 0
2716 0
2734 0
2842 0
2857 0
2971 0
2980 0
3095 0
3125 0
3144 0
3199 0
3238 0
3252 0
3379 0
3440 0
3500 0
3523 0
3550 0
3603 0
3631 0
3714 0
3725 0
3751 0
3795 0
3811 0
3855 0
3936 0
3952 0
4001 0
4027 0
4126 0
4167 0
4187 0
4200 0
4244 0
4271 0
4297 0
4360 0
4401 0
4405 0
4493 0
4521 0
4717 0
4758 0
4781 0
4825 0
4873 0
4889 0
4899 0
