309 0
351 0
358 0
382 0
406 0
429 0
473 0
540 0
554 0
617 0
635 0
661 0
664 0
755 0
802 0
842 0
861 0
905 0
989 0
1031 0
1090 0
1127 0
1248 0
1269 0
1335 0
1392 0
1395 0
1432 0
1469 0
1492 0
1540 0
1579 0
1590 0
1617 0
1640 0
1701 0
1729 0
1806 0
1832 0
1871 0
1892 0
1916 0
1928 0
1992 0
2021 0
2072 0
2097 0
2132 0
2162 0
2254 0
2347 0
2445 0
2459 0
2514 0
2525 0
2690 0
2706 0
2764 0
2772 0
2858 0
2970 0
3056 0
3086 0
3115 0
3153 0
3197 0
3229 0
3294 0
3304 0
3329 0
3340 0
3395 0
3407 0
3494 0
3508 0
3572 0
3599 0
3636 0
3641 0
3686 0
3734 0
3741 0
3782 0
3815 0
3830 0
3887 0
3947 0
3965 0
4091 0
4124 0
4198 0
4229 0
4315 0
4358 0
4371 0
4417 0
4462 0
4544 0
4567 0
4577 0
4602 0
4667 0
4690 0
4747 0
4791 0
4821 0
4839 0
4846 0
4867 0
4899 0
