378 0
399 0
420 0
436 0
486 0
498 0
545 0
637 0
672 0
703 0
744 0
751 0
784 0
939 0
954 0
993 0
1083 0
1096 0
1185 0
1206 0
1306 0
1350 0
1417 0
1432 0
1463 0
1499 0
1520 0
1602 0
1640 0
1710 0
1719 0
1780 0
1892 0
1924 0
1952 0
2017 0
2066 0
2153 0
2163 0
2188 0
2199 0
2277 0
2286 0
2335 0
2391 0
2412 0
2501 0
2523 0
2546 0
2674 0
2700 0
2705 0
2818 0
2828 0
2880 0
2932 0
2948 0
3019 0
3031 0
3046 0
3074 0
3161 0
3210 0
3277 0
3288 0
3316 0
3445 0
3488 0
3508 0
3582 0
3613 0
3704 0
3707 0
3745 0
3779 0
3798 0
3869 0
3916 0
4025 0
4030 0
4128 0
4132 0
4224 0
4259 0
4270 0
4427 0
4459 0
4486 0
4518 0
4550 0
4583 0
4669 0
4712 0
4735 0
4793 0
4801 0
4825 0
4843 0
