344 0
428 0
465 0
483 0
571 0
610 0
619 0
635 0
679 0
685 0
707 0
751 0
854 0
909 0
938 0
983 0
1007 0
1048 0
1064 0
1093 0
1134 0
1247 0
1347 0
1427 0
1473 0
1526 0
1539 0
1578 0
1593 0
1659 0
1725 0
1795 0
1824 0
1843 0
1890 0
1912 0
1942 0
1969 0
1974 0
2017 0
2044 0
2077 0
2158 0
2266 0
2334 0
2348 0
2371 0
2444 0
2454 0
2532 0
2571 0
2585 0
2634 0
2646 0
2698 0
2758 0
2773 0
2852 0
2870 0
2888 0
2942 0
3069 0
3138 0
3178 0
3208 0
3244 0
3262 0
3266 0
3309 0
3331 0
3369 0
3391 0
3418 0
3495 0
3560 0
3627 0
3652 0
3687 0
3701 0
3743 0
3794 0
3874 0
3963 0
4095 0
4123 0
4164 0
4173 0
4200 0
4247 0
4274 0
4307 0
4359 0
4457 0
4520 0
4533 0
4548 0
4589 0
4591 0
4609 0
4655 0
4735 0
4755 0
4785 0
4877 0
