361 0
382 0
401 0
410 0
457 0
477 0
533 0
575 0
598 0
622 0
712 0
728 0
786 0
855 0
899 0
999 0
1074 0
1090 0
1130 0
1215 0
1235 0
1279 0
1304 0
1325 0
1365 0
1392 0
1401 0
1471 0
1483 0
1549 0
1586 0
1628 0
1674 0
1732 0
1787 0
1812 0
1932 0
1954 0
1973 0
2064 0
2092 0
2154 0
2266 0
2308 0
2351 0
2425 0
2451 0
2477 0
2530 0
2539 0
2571 0
2586 0
2619 0
2641 0
2674 0
2701 0
2744 0
2756 0
2791 0
2868 0
2920 0
2953 0
3067 0
3122 0
3160 0
3240 0
3266 0
3293 0
3404 0
3420 0
3496 0
3551 0
3596 0
3634 0
3667 0
3730 0
3746 0
3811 0
3827 0
3846 0
3899 0
3920 0
3938 0
3987 0
4008 0
4091 0
4121 0
4147 0
4219 0
4330 0
4357 0
4432 0
4494 0
4513 0
4592 0
4610 0
4645 0
4681 0
4735 0
4775 0
4799 0
4827 0
4830 0
4855 0
