351 0
373 0
382 0
403 0
421 0
457 0
541 0
570 0
598 0
659 0
686 0
698 0
721 0
790 0
843 0
866 0
920 0
980 0
1017 0
1036 0
1095 0
1113 0
1197 0
1257 0
1321 0
1328 0
1380 0
1395 0
1472 0
1511 0
1520 0
1548 0
1696 0
1709 0
1770 0
1825 0
1844 0
1883 0
1892 0
1966 0
2018 0
2112 0
2145 0
2204 0
2218 0
2301 0
2349 0
2369 0
2391 0
2406 0
2583 0
2592 0
2620 0
2641 0
2821 0
2836 0
2842 0
2860 0
2918 0
2995 0
3024 0
3072 0
3095 0
3210 0
3248 0
3319 0
3334 0
3381 0
3392 0
3447 0
3517 0
3532 0
3658 0
3698 0
3722 0
3750 0
3818 0
3828 0
3878 0
3908 0
3973 0
4019 0
4102 0
4128 0
4190 0
4200 0
4237 0
4299 0
4368 0
4373 0
4421 0
4495 0
4520 0
4535 0
4568 0
4610 0
4648 0
4687 0
4769 0
4808 0
4821 0
4830 0
4861 0
4867 0
