309 0
331 0
361 0
407 0
420 0
451 0
461 0
483 0
667 0
727 0
746 0
756 0
805 0
827 0
840 0
864 0
944 0
1125 0
1184 0
1230 0
1319 0
1364 0
1475 0
1498 0
1621 0
1647 0
1667 0
1686 0
1709 0
1783 0
1816 0
1820 0
1878 0
1890 0
1971 0
2012 0
2158 0
2161 0
2190 0
2200 0
2237 0
2299 0
2333 0
2427 0
2446 0
2457 0
2517 0
2579 0
2595 0
2625 0
2639 0
2691 0
2760 0
2784 0
2790 0
2883 0
2909 0
2988 0
3010 0
3030 0
3055 0
3063 0
3205 0
3252 0
3322 0
3348 0
3394 0
3403 0
3436 0
3514 0
3529 0
3547 0
3578 0
3589 0
3710 0
3756 0
3848 0
3894 0
3988 0
4042 0
4090 0
4278 0
4366 0
4380 0
4391 0
4418 0
4463 0
4481 0
4492 0
4545 0
4729 0
4751 0
4774 0
4810 0
4821 0
4847 0
4883 0
4911 0
