373 0
378 0
397 0
411 0
450 0
528 0
554 0
603 0
624 0
643 0
752 0
801 0
822 0
885 0
933 0
983 0
1012 0
1067 0
1078 0
1108 0
1246 0
1302 0
1327 0
1406 0
1442 0
1584 0
1605 0
1688 0
1702 0
1758 0
1810 0
1866 0
1913 0
1923 0
1986 0
2004 0
2009 0
2085 0
2105 0
2123 0
2137 0
2144 0
2199 0
2231 0
2245 0
2421 0
2480 0
2513 0
2526 0
2539 0
2571 0
2637 0
2674 0
2699 0
2718 0
2743 0
2804 0
2965 0
2976 0
3025 0
3074 0
3082 0
3097 0
3123 0
3141 0
3212 0
3226 0
3238 0
3290 0
3308 0
3360 0
3404 0
3456 0
3512 0
3525 0
3612 0
3634 0
3779 0
3818 0
3888 0
3919 0
3976 0
4113 0
4145 0
4156 0
4211 0
4244 0
4288 0
4327 0
4387 0
4415 0
4463 0
4581 0
4601 0
4622 0
4669 0
4684 0
4773 0
4796 0
4819 0
4844 0
4850 0
