321 0
324 0
371 0
386 0
458 0
557 0
606 0
658 0
679 0
703 0
814 0
825 0
955 0
995 0
1004 0
1043 0
1112 0
1126 0
1151 0
1209 0
1231 0
1368 0
1414 0
1438 0
1495 0
1561 0
1583 0
1604 0
1623 0
1679 0
1715 0
1722 0
1793 0
1812 0
1826 0
1837 0
1875 0
1890 0
1908 0
1937 0
1940 0
2062 0
2086 0
2121 0
2185 0
2264 0
2383 0
2447 0
2460 0
2483 0
2529 0
2588 0
2626 0
2692 0
2721 0
2765 0
2774 0
2824 0
2954 0
3030 0
3106 0
3136 0
3154 0
3272 0
3284 0
3310 0
3330 0
3333 0
3379 0
3387 0
3405 0
3433 0
3494 0
3514 0
3542 0
3601 0
3620 0
3629 0
3670 0
3733 0
3790 0
3804 0
3853 0
3982 0
4009 0
4075 0
4086 0
4102 0
4175 0
4213 0
4218 0
4257 0
4387 0
4414 0
4518 0
4545 0
4566 0
4623 0
4660 0
4773 0
4837 0
4848 0
4891 0
4903 0
