360 0
465 0
492 0
535 0
546 0
611 0
624 0
667 0
705 0
728 0
793 0
806 0
853 0
911 0
926 0
953 0
1008 0
1023 0
1058 0
1145 0
1178 0
1220 0
1226 0
1287 0
1301 0
1316 0
1327 0
1410 0
1439 0
1497 0
1522 0
1552 0
1588 0
1623 0
1716 0
1729 0
1829 0
1959 0
2003 0
2060 0
2110 0
2185 0
2209 0
2271 0
2354 0
2411 0
2425 0
2480 0
2495 0
2504 0
2710 0
2735 0
2747 0
2799 0
2821 0
2862 0
2947 0
3018 0
3030 0
3107 0
3155 0
3222 0
3260 0
3389 0
3488 0
3516 0
3603 0
3629 0
3664 0
3691 0
3707 0
3787 0
3822 0
3881 0
3904 0
3926 0
3937 0
3984 0
3997 0
4036 0
4071 0
4163 0
4188 0
4201 0
4255 0
4298 0
4310 0
4361 0
4419 0
4423 0
4499 0
4520 0
4543 0
4603 0
4617 0
4663 0
4678 0
4727 0
4753 0
4861 0
