336 0
366 0
439 0
457 0
509 0
534 0
546 0
596 0
672 0
779 0
790 0
810 0
973 0
991 0
1047 0
1130 0
1175 0
1204 0
1222 0
1234 0
1291 0
1321 0
1344 0
1386 0
1398 0
1434 0
1485 0
1518 0
1545 0
1617 0
1709 0
1758 0
1866 0
1879 0
2077 0
2106 0
2132 0
2165 0
2209 0
2222 0
2246 0
2338 0
2373 0
2408 0
2433 0
2464 0
2487 0
2502 0
2523 0
2548 0
2573 0
2640 0
2685 0
2693 0
2716 0
2734 0
2755 0
2774 0
2820 0
2847 0
2884 0
2972 0
3007 0
3020 0
3049 0
3093 0
3114 0
3137 0
3343 0
3362 0
3467 0
3517 0
3595 0
3686 0
3702 0
3735 0
3784 0
3813 0
3828 0
3868 0
3904 0
3933 0
3979 0
4011 0
4026 0
4037 0
4088 0
4171 0
4228 0
4238 0
4415 0
4436 0
4440 0
4549 0
4609 0
4660 0
4682 0
4710 0
4765 0
4786 0
4855 0
4890 0
