317 0
345 0
367 0
381 0
457 0
516 0
625 0
653 0
713 0
717 0
741 0
803 0
841 0
865 0
886 0
927 0
997 0
1018 0
1024 0
1049 0
1087 0
1135 0
1240 0
1251 0
1267 0
1279 0
1356 0
1405 0
1423 0
1466 0
1562 0
1587 0
1629 0
1650 0
1728 0
1752 0
1804 0
1860 0
1892 0
1912 0
1930 0
1968 0
2087 0
2111 0
2214 0
2267 0
2385 0
2443 0
2452 0
2529 0
2541 0
2673 0
2698 0
2760 0
2774 0
2833 0
2957 0
3002 0
3099 0
3130 0
3256 0
3297 0
3312 0
3326 0
3353 0
3403 0
3458 0
3500 0
3561 0
3593 0
3634 0
3671 0
3745 0
3798 0
3820 0
3865 0
3929 0
3949 0
3964 0
3993 0
4096 0
4135 0
4173 0
4189 0
4211 0
4231 0
4293 0
4332 0
4361 0
4379 0
4404 0
4473 0
4499 0
4518 0
4572 0
4595 0
4707 0
4765 0
4838 0
4846 0
4865 0
4904 0
