327 0
371 0
449 0
460 0
546 0
637 0
687 0
700 0
735 0
750 0
770 0
808 0
845 0
899 0
934 0
994 0
1029 0
1110 0
1229 0
1243 0
1259 0
1287 0
1439 0
1493 0
1524 0
1540 0
1559 0
1641 0
1667 0
1686 0
1719 0
1770 0
1817 0
1827 0
1849 0
1869 0
1898 0
1909 0
2015 0
2162 0
2199 0
2241 0
2283 0
2352 0
2396 0
2457 0
2480 0
2506 0
2543 0
2588 0
2620 0
2681 0
2712 0
2744 0
2755 0
2827 0
2860 0
2934 0
2990 0
3022 0
3051 0
3212 0
3309 0
3325 0
3356 0
3381 0
3385 0
3408 0
3440 0
3490 0
3530 0
3542 0
3574 0
3665 0
3681 0
3691 0
3736 0
3780 0
3942 0
3946 0
3962 0
3991 0
4106 0
4184 0
4229 0
4296 0
4332 0
4374 0
4410 0
4447 0
4455 0
4482 0
4509 0
4525 0
4575 0
4661 0
4747 0
4772 0
4861 0
4894 0
