316 0
329 0
349 0
419 0
430 0
494 0
560 0
661 0
673 0
709 0
824 0
836 0
923 0
999 0
1022 0
1043 0
1064 0
1097 0
1154 0
1214 0
1228 0
1293 0
1338 0
1348 0
1379 0
1481 0
1522 0
1601 0
1654 0
1684 0
1724 0
1764 0
1779 0
1795 0
1818 0
1820 0
1928 0
2001 0
2009 0
2047 0
2105 0
2168 0
2203 0
2248 0
2366 0
2403 0
2421 0
2435 0
2477 0
2498 0
2598 0
2633 0
2730 0
2741 0
2784 0
2804 0
2819 0
2851 0
2968 0
3010 0
3048 0
3117 0
3170 0
3200 0
3227 0
3286 0
3393 0
3415 0
3420 0
3436 0
3460 0
3496 0
3532 0
3568 0
3618 0
3699 0
3728 0
3832 0
3860 0
3884 0
3923 0
3981 0
4004 0
4069 0
4122 0
4162 0
4180 0
4185 0
4220 0
4297 0
4370 0
4398 0
4510 0
4545 0
4570 0
4663 0
4722 0
4791 0
4795 0
4866 0
4887 0
4898 0
