418 0
440 0
465 0
509 0
511 0
609 0
623 0
832 0
848 0
934 0
964 0
988 0
1017 0
1024 0
1057 0
1081 0
1130 0
1236 0
1264 0
1300 0
1339 0
1358 0
1404 0
1435 0
1482 0
1538 0
1558 0
1565 0
1668 0
1688 0
1809 0
1851 0
1900 0
1986 0
2005 0
2084 0
2147 0
2161 0
2188 0
2211 0
2231 0
2259 0
2298 0
2358 0
2367 0
2385 0
2406 0
2523 0
2546 0
2671 0
2693 0
2819 0
2833 0
2840 0
2866 0
2912 0
2961 0
2990 0
2993 0
3030 0
3054 0
3072 0
3134 0
3217 0
3244 0
3318 0
3373 0
3409 0
3520 0
3552 0
3653 0
3665 0
3685 0
3735 0
3786 0
3816 0
3863 0
3883 0
3925 0
3949 0
3988 0
4094 0
4137 0
4151 0
4195 0
4209 0
4223 0
4261 0
4296 0
4378 0
4388 0
4593 0
4618 0
4698 0
4711 0
4754 0
4791 0
4798 0
