385 0
401 0
427 0
473 0
601 0
712 0
719 0
733 0
764 0
786 0
802 0
827 0
900 0
928 0
1004 0
1033 0
1063 0
1074 0
1141 0
1186 0
1208 0
1331 0
1381 0
1521 0
1540 0
1563 0
1661 0
1673 0
1731 0
1752 0
1790 0
1847 0
1855 0
1882 0
1895 0
1976 0
1998 0
2106 0
2133 0
2181 0
2194 0
2250 0
2280 0
2434 0
2452 0
2513 0
2526 0
2546 0
2578 0
2650 0
2683 0
2699 0
2707 0
2765 0
2777 0
2936 0
2967 0
3019 0
3032 0
3079 0
3126 0
3226 0
3238 0
3331 0
3339 0
3359 0
3370 0
3431 0
3460 0
3490 0
3546 0
3556 0
3671 0
3681 0
3700 0
3838 0
3882 0
3997 0
4033 0
4075 0
4147 0
4155 0
4192 0
4205 0
4297 0
4329 0
4392 0
4406 0
4434 0
4466 0
4482 0
4497 0
4513 0
4608 0
4756 0
4778 0
4816 0
4843 0
