367 0
389 0
441 0
465 0
478 0
552 0
628 0
654 0
734 0
755 0
775 0
791 0
846 0
855 0
913 0
957 0
995 0
1024 0
1079 0
1188 0
1218 0
1271 0
1325 0
1327 0
1381 0
1435 0
1498 0
1528 0
1558 0
1569 0
1605 0
1628 0
1697 0
1716 0
1827 0
1839 0
1956 0
2000 0
2047 0
2066 0
2102 0
2131 0
2144 0
2163 0
2186 0
2224 0
2266 0
2386 0
2461 0
2466 0
2487 0
2588 0
2620 0
2733 0
2744 0
2766 0
2827 0
2956 0
3006 0
3031 0
3049 0
3062 0
3090 0
3119 0
3146 0
3173 0
3224 0
3251 0
3375 0
3393 0
3503 0
3531 0
3591 0
3614 0
3653 0
3662 0
3691 0
3719 0
3790 0
3826 0
3883 0
3901 0
3950 0
4004 0
4031 0
4144 0
4197 0
4232 0
4251 0
4307 0
4358 0
4372 0
4422 0
4453 0
4468 0
4483 0
4567 0
4597 0
4673 0
4730 0
4749 0
4779 0
4835 0
4858 0
