337 0
342 0
418 0
551 0
617 0
699 0
744 0
769 0
793 0
828 0
950 0
1010 0
1068 0
1101 0
1110 0
1124 0
1149 0
1174 0
1234 0
1257 0
1288 0
1335 0
1372 0
1388 0
1402 0
1425 0
1470 0
1490 0
1501 0
1578 0
1664 0
1710 0
1890 0
1906 0
2010 0
2044 0
2072 0
2086 0
2136 0
2151 0
2218 0
2232 0
2267 0
2294 0
2342 0
2396 0
2475 0
2508 0
2520 0
2538 0
2680 0
2688 0
2716 0
2745 0
2829 0
2885 0
2937 0
2956 0
2979 0
2999 0
3063 0
3078 0
3142 0
3156 0
3164 0
3202 0
3309 0
3320 0
3504 0
3556 0
3652 0
3715 0
3727 0
3756 0
3807 0
3811 0
3826 0
3851 0
3881 0
3940 0
3969 0
3982 0
4043 0
4074 0
4084 0
4110 0
4128 0
4164 0
4206 0
4277 0
4396 0
4428 0
4452 0
4472 0
4509 0
4603 0
4665 0
4806 0
4863 0
4888 0
