319 0
360 0
415 0
446 0
559 0
573 0
637 0
689 0
720 0
733 0
809 0
823 0
903 0
944 0
994 0
1051 0
1087 0
1108 0
1221 0
1252 0
1274 0
1294 0
1324 0
1407 0
1417 0
1488 0
1519 0
1552 0
1594 0
1616 0
1668 0
1698 0
1796 0
1885 0
1969 0
1981 0
1996 0
2014 0
2071 0
2090 0
2118 0
2127 0
2160 0
2184 0
2300 0
2336 0
2447 0
2475 0
2497 0
2725 0
2748 0
2781 0
2886 0
2912 0
3036 0
3052 0
3079 0
3098 0
3139 0
3148 0
3205 0
3225 0
3233 0
3255 0
3345 0
3427 0
3521 0
3546 0
3600 0
3633 0
3670 0
3690 0
3737 0
3801 0
3823 0
3896 0
3915 0
3953 0
3969 0
4007 0
4109 0
4133 0
4166 0
4232 0
4280 0
4306 0
4393 0
4417 0
4476 0
4499 0
4526 0
4589 0
4642 0
4663 0
4776 0
4807 0
4856 0
4899 0
