394 0
420 0
441 0
451 0
473 0
478 0
548 0
596 0
627 0
676 0
718 0
751 0
798 0
801 0
847 0
905 0
1042 0
1061 0
1152 0
1216 0
1306 0
1320 0
1341 0
1378 0
1423 0
1511 0
1570 0
1658 0
1678 0
1688 0
1711 0
1727 0
1796 0
1809 0
1824 0
1851 0
1869 0
1879 0
1986 0
1991 0
2046 0
2137 0
2215 0
2334 0
2377 0
2396 0
2400 0
2455 0
2480 0
2505 0
2542 0
2592 0
2620 0
2681 0
2709 0
2752 0
2757 0
2819 0
2835 0
2846 0
2874 0
3005 0
3088 0
3164 0
3226 0
3231 0
3339 0
3359 0
3381 0
3385 0
3403 0
3423 0
3500 0
3516 0
3522 0
3540 0
3562 0
3651 0
3716 0
3800 0
3831 0
3877 0
3903 0
3915 0
4011 0
4075 0
4150 0
4178 0
4311 0
4372 0
4418 0
4428 0
4459 0
4498 0
4546 0
4591 0
4621 0
4668 0
4742 0
4750 0
4771 0
4781 0
4800 0
4812 0
