345 0
386 0
421 0
511 0
529 0
569 0
624 0
662 0
670 0
746 0
759 0
773 0
836 0
950 0
956 0
977 0
1073 0
1097 0
1133 0
1179 0
1198 0
1208 0
1226 0
1267 0
1338 0
1426 0
1438 0
1494 0
1624 0
1644 0
1652 0
1682 0
1886 0
1901 0
1923 0
1949 0
1985 0
1993 0
2078 0
2105 0
2117 0
2138 0
2150 0
2208 0
2246 0
2298 0
2345 0
2348 0
2429 0
2469 0
2495 0
2524 0
2579 0
2641 0
2702 0
2724 0
2748 0
2798 0
2864 0
2887 0
2917 0
2966 0
3023 0
3065 0
3083 0
3103 0
3115 0
3144 0
3222 0
3244 0
3270 0
3293 0
3318 0
3334 0
3548 0
3563 0
3577 0
3596 0
3729 0
3777 0
3795 0
3878 0
3955 0
3993 0
4003 0
4019 0
4035 0
4093 0
4121 0
4139 0
4242 0
4254 0
4270 0
4374 0
4448 0
4460 0
4483 0
4540 0
4570 0
4603 0
4642 0
4683 0
4703 0
4797 0
4843 0
4872 0
