310 0
366 0
401 0
439 0
532 0
546 0
577 0
598 0
614 0
762 0
771 0
826 0
844 0
953 0
1001 0
1064 0
1108 0
1180 0
1205 0
1254 0
1294 0
1327 0
1385 0
1408 0
1510 0
1523 0
1593 0
1613 0
1623 0
1653 0
1679 0
1716 0
1776 0
1788 0
1910 0
1922 0
1947 0
1994 0
2013 0
2061 0
2089 0
2096 0
2115 0
2172 0
2243 0
2263 0
2330 0
2392 0
2487 0
2506 0
2518 0
2698 0
2714 0
2734 0
2827 0
2883 0
2952 0
2978 0
3048 0
3109 0
3123 0
3137 0
3152 0
3204 0
3225 0
3274 0
3286 0
3311 0
3428 0
3438 0
3507 0
3552 0
3557 0
3596 0
3611 0
3631 0
3690 0
3719 0
3815 0
3829 0
3892 0
3924 0
3969 0
4015 0
4044 0
4099 0
4163 0
4225 0
4251 0
4385 0
4395 0
4450 0
4462 0
4604 0
4611 0
4656 0
4669 0
4683 0
4781 0
4823 0
4861 0
4909 0
