329 0
344 0
387 0
398 0
518 0
559 0
570 0
620 0
696 0
740 0
797 0
827 0
843 0
936 0
964 0
1006 0
1036 0
1048 0
1079 0
1093 0
1187 0
1276 0
1298 0
1319 0
1406 0
1431 0
1478 0
1483 0
1510 0
1548 0
1586 0
1617 0
1761 0
1810 0
1907 0
1947 0
1959 0
2100 0
2124 0
2127 0
2149 0
2167 0
2182 0
2197 0
2307 0
2340 0
2364 0
2411 0
2437 0
2591 0
2622 0
2777 0
2817 0
2846 0
2884 0
2919 0
3024 0
3042 0
3045 0
3074 0
3078 0
3101 0
3120 0
3254 0
3269 0
3310 0
3403 0
3455 0
3598 0
3625 0
3665 0
3721 0
3725 0
3753 0
3775 0
3820 0
3903 0
3921 0
3943 0
4031 0
4118 0
4137 0
4170 0
4194 0
4200 0
4264 0
4277 0
4384 0
4399 0
4424 0
4478 0
4525 0
4591 0
4649 0
4663 0
4695 0
4818 0
4830 0
4866 0
4891 0
