319 0
354 0
437 0
457 0
475 0
494 0
548 0
566 0
678 0
682 0
700 0
730 0
762 0
769 0
808 0
863 0
893 0
951 0
1082 0
1089 0
1134 0
1145 0
1236 0
1246 0
1384 0
1490 0
1542 0
1584 0
1604 0
1624 0
1637 0
1691 0
1701 0
1724 0
1776 0
1859 0
1888 0
1931 0
1966 0
1984 0
1992 0
2010 0
2087 0
2201 0
2259 0
2266 0
2297 0
2478 0
2493 0
2583 0
2639 0
2725 0
2743 0
2923 0
2946 0
2961 0
3011 0
3138 0
3202 0
3227 0
3238 0
3258 0
3293 0
3316 0
3364 0
3447 0
3486 0
3515 0
3534 0
3573 0
3594 0
3615 0
3637 0
3681 0
3725 0
3839 0
3966 0
3980 0
4075 0
4095 0
4118 0
4137 0
4275 0
4321 0
4354 0
4416 0
4446 0
4466 0
4495 0
4515 0
4528 0
4542 0
4644 0
4674 0
4716 0
4758 0
4765 0
4788 0
4871 0
4897 0
