346 0
383 0
418 0
429 0
506 0
521 0
545 0
597 0
622 0
675 0
720 0
747 0
796 0
804 0
820 0
919 0
938 0
963 0
1000 0
1005 0
1046 0
1222 0
1236 0
1265 0
1327 0
1354 0
1364 0
1400 0
1476 0
1522 0
1537 0
1566 0
1613 0
1625 0
1797 0
1806 0
1911 0
1935 0
1940 0
1997 0
2098 0
2126 0
2169 0
2199 0
2239 0
2275 0
2390 0
2411 0
2493 0
2565 0
2569 0
2588 0
2628 0
2649 0
2659 0
2724 0
2810 0
2830 0
2952 0
2976 0
3015 0
3052 0
3084 0
3127 0
3222 0
3266 0
3294 0
3309 0
3406 0
3418 0
3602 0
3613 0
3652 0
3683 0
3693 0
3753 0
3817 0
3845 0
3869 0
3888 0
3952 0
3991 0
4000 0
4170 0
4203 0
4231 0
4257 0
4269 0
4300 0
4402 0
4409 0
4435 0
4482 0
4502 0
4540 0
4600 0
4610 0
4666 0
4697 0
4713 0
4790 0
4806 0
4838 0
4871 0
