311 0
342 0
360 0
382 0
392 0
448 0
488 0
538 0
613 0
741 0
762 0
774 0
805 0
829 0
835 0
967 0
979 0
1048 0
1100 0
1186 0
1218 0
1236 0
1311 0
1344 0
1386 0
1397 0
1427 0
1468 0
1550 0
1609 0
1651 0
1687 0
1763 0
1798 0
1810 0
1864 0
1871 0
1908 0
2004 0
2088 0
2092 0
2118 0
2149 0
2163 0
2290 0
2311 0
2361 0
2385 0
2413 0
2428 0
2450 0
2593 0
2619 0
2759 0
2799 0
2819 0
2830 0
2869 0
2915 0
2930 0
3056 0
3062 0
3103 0
3118 0
3129 0
3226 0
3314 0
3344 0
3357 0
3404 0
3432 0
3454 0
3531 0
3567 0
3615 0
3671 0
3745 0
3802 0
3818 0
3832 0
3867 0
3899 0
3994 0
3997 0
4033 0
4120 0
4166 0
4247 0
4257 0
4385 0
4387 0
4418 0
4442 0
4468 0
4478 0
4593 0
4683 0
4738 0
4775 0
4815 0
4839 0
4846 0
4876 0
4902 0
