330 0
440 0
452 0
528 0
564 0
604 0
647 0
676 0
728 0
752 0
776 0
831 0
894 0
933 0
1043 0
1061 0
1076 0
1109 0
1148 0
1220 0
1267 0
1310 0
1345 0
1436 0
1487 0
1515 0
1535 0
1624 0
1642 0
1730 0
1763 0
1786 0
1883 0
1890 0
1909 0
1978 0
2068 0
2166 0
2195 0
2211 0
2239 0
2258 0
2266 0
2343 0
2372 0
2383 0
2413 0
2449 0
2503 0
2548 0
2676 0
2711 0
2769 0
2814 0
2825 0
2851 0
2879 0
2953 0
2973 0
2982 0
3008 0
3013 0
3049 0
3150 0
3244 0
3304 0
3320 0
3339 0
3426 0
3453 0
3498 0
3585 0
3596 0
3682 0
3696 0
3731 0
3782 0
3861 0
3897 0
3959 0
4011 0
4070 0
4101 0
4142 0
4153 0
4179 0
4287 0
4319 0
4396 0
4438 0
4457 0
4497 0
4550 0
4561 0
4622 0
4642 0
4686 0
4766 0
4789 0
4881 0
