321 0
381 0
450 0
478 0
497 0
530 0
545 0
597 0
620 0
662 0
718 0
738 0
757 0
775 0
925 0
949 0
972 0
988 0
1050 0
1132 0
1242 0
1315 0
1342 0
1354 0
1473 0
1563 0
1570 0
1599 0
1640 0
1761 0
1775 0
1847 0
1903 0
1967 0
1978 0
2003 0
2053 0
2077 0
2106 0
2120 0
2180 0
2233 0
2255 0
2296 0
2382 0
2458 0
2480 0
2541 0
2670 0
2739 0
2765 0
2838 0
2919 0
2971 0
2990 0
3029 0
3104 0
3125 0
3129 0
3170 0
3229 0
3239 0
3251 0
3329 0
3372 0
3441 0
3453 0
3582 0
3609 0
3642 0
3656 0
3755 0
3865 0
3881 0
3900 0
3976 0
4086 0
4169 0
4223 0
4247 0
4280 0
4296 0
4447 0
4465 0
4487 0
4493 0
4558 0
4593 0
4621 0
4663 0
4685 0
4723 0
4741 0
4769 0
4844 0
4902 0
