351 0
369 0
381 0
444 0
502 0
549 0
575 0
616 0
638 0
665 0
755 0
779 0
790 0
805 0
844 0
1017 0
1049 0
1060 0
1114 0
1130 0
1140 0
1197 0
1213 0
1250 0
1283 0
1469 0
1504 0
1556 0
1613 0
1637 0
1682 0
1684 0
1712 0
1728 0
1754 0
1838 0
1894 0
1930 0
1939 0
2049 0
2079 0
2135 0
2239 0
2257 0
2281 0
2358 0
2413 0
2425 0
2475 0
2496 0
2558 0
2591 0
2632 0
2659 0
2721 0
2741 0
2803 0
2810 0
2872 0
2937 0
2959 0
2981 0
3093 0
3130 0
3170 0
3272 0
3294 0
3324 0
3378 0
3461 0
3495 0
3511 0
3531 0
3540 0
3575 0
3611 0
3663 0
3712 0
3753 0
3928 0
3971 0
4011 0
4018 0
4068 0
4086 0
4113 0
4156 0
4175 0
4213 0
4379 0
4410 0
4423 0
4453 0
4460 0
4541 0
4587 0
4603 0
4653 0
4669 0
4713 0
4761 0
4831 0
4855 0
4869 0
