338 0
368 0
403 0
414 0
461 0
497 0
524 0
602 0
682 0
724 0
745 0
834 0
967 0
970 0
1017 0
1050 0
1087 0
1090 0
1149 0
1186 0
1192 0
1385 0
1398 0
1423 0
1444 0
1486 0
1517 0
1538 0
1556 0
1627 0
1645 0
1672 0
1685 0
1794 0
1850 0
1903 0
1939 0
1979 0
2019 0
2055 0
2120 0
2135 0
2172 0
2236 0
2255 0
2262 0
2281 0
2345 0
2388 0
2435 0
2455 0
2759 0
2779 0
2835 0
2874 0
2934 0
2957 0
2964 0
2982 0
3046 0
3081 0
3106 0
3173 0
3198 0
3245 0
3278 0
3320 0
3376 0
3433 0
3527 0
3549 0
3574 0
3588 0
3657 0
3686 0
3694 0
3729 0
3782 0
3795 0
3809 0
3834 0
4023 0
4044 0
4066 0
4121 0
4136 0
4177 0
4208 0
4247 0
4258 0
4381 0
4475 0
4489 0
4533 0
4616 0
4697 0
4719 0
4754 0
4797 0
4827 0
4846 0
4883 0
