350 0
362 0
397 0
417 0
429 0
522 0
557 0
668 0
713 0
752 0
780 0
834 0
1015 0
1059 0
1077 0
1121 0
1132 0
1189 0
1233 0
1322 0
1372 0
1418 0
1439 0
1508 0
1514 0
1609 0
1623 0
1690 0
1702 0
1730 0
1839 0
1916 0
1971 0
1987 0
2053 0
2107 0
2135 0
2157 0
2194 0
2224 0
2229 0
2264 0
2289 0
2348 0
2370 0
2388 0
2425 0
2529 0
2576 0
2648 0
2693 0
2790 0
2833 0
2849 0
2868 0
2940 0
2942 0
2990 0
3004 0
3015 0
3065 0
3085 0
3113 0
3169 0
3235 0
3259 0
3302 0
3372 0
3487 0
3510 0
3530 0
3597 0
3607 0
3690 0
3711 0
3781 0
3792 0
3846 0
3907 0
3981 0
4034 0
4094 0
4110 0
4142 0
4163 0
4205 0
4381 0
4446 0
4459 0
4508 0
4543 0
4668 0
4695 0
4779 0
4810 0
4824 0
4853 0
4871 0
