315 0
359 0
436 0
446 0
466 0
513 0
557 0
573 0
645 0
652 0
693 0
746 0
757 0
775 0
854 0
912 0
933 0
992 0
1055 0
1079 0
1155 0
1177 0
1214 0
1229 0
1267 0
1323 0
1371 0
1392 0
1434 0
1502 0
1549 0
1574 0
1627 0
1674 0
1697 0
1770 0
1796 0
1824 0
1895 0
1920 0
1995 0
2071 0
2186 0
2204 0
2228 0
2249 0
2268 0
2375 0
2478 0
2501 0
2519 0
2698 0
2710 0
2752 0
2841 0
2955 0
2969 0
2991 0
3010 0
3034 0
3154 0
3229 0
3300 0
3324 0
3398 0
3430 0
3445 0
3528 0
3551 0
3600 0
3648 0
3671 0
3711 0
3785 0
3841 0
3857 0
3898 0
3948 0
3987 0
3998 0
4036 0
4068 0
4140 0
4149 0
4218 0
4299 0
4305 0
4364 0
4451 0
4461 0
4487 0
4530 0
4566 0
4574 0
4648 0
4666 0
4693 0
4754 0
4763 0
4782 0
4851 0
4909 0
