313 0
484 0
509 0
520 0
573 0
598 0
625 0
689 0
735 0
788 0
818 0
840 0
910 0
975 0
996 0
1049 0
1061 0
1085 0
1089 0
1126 0
1196 0
1232 0
1296 0
1354 0
1403 0
1426 0
1476 0
1499 0
1525 0
1532 0
1575 0
1587 0
1616 0
1769 0
1840 0
1882 0
1895 0
1971 0
2065 0
2151 0
2162 0
2190 0
2197 0
2212 0
2301 0
2365 0
2386 0
2413 0
2422 0
2478 0
2485 0
2504 0
2528 0
2594 0
2622 0
2696 0
2716 0
2726 0
2751 0
2791 0
2820 0
2834 0
2840 0
2920 0
2999 0
3021 0
3035 0
3053 0
3074 0
3161 0
3263 0
3323 0
3338 0
3378 0
3447 0
3591 0
3626 0
3651 0
3680 0
3704 0
3712 0
3747 0
3807 0
3817 0
3873 0
3922 0
3980 0
4020 0
4087 0
4117 0
4140 0
4159 0
4181 0
4222 0
4237 0
4313 0
4380 0
4400 0
4426 0
4472 0
4535 0
4593 0
4616 0
4646 0
4702 0
4716 0
4741 0
4897 0
