322 0
358 0
405 0
419 0
454 0
605 0
623 0
637 0
698 0
726 0
745 0
768 0
923 0
941 0
1067 0
1115 0
1129 0
1140 0
1236 0
1261 0
1313 0
1383 0
1408 0
1427 0
1439 0
1505 0
1552 0
1574 0
1674 0
1690 0
1782 0
1843 0
1855 0
1909 0
1958 0
1988 0
2044 0
2063 0
2086 0
2122 0
2140 0
2160 0
2235 0
2266 0
2280 0
2340 0
2376 0
2464 0
2483 0
2519 0
2701 0
2723 0
2767 0
2848 0
2880 0
2940 0
2947 0
2979 0
3046 0
3085 0
3103 0
3141 0
3157 0
3176 0
3245 0
3255 0
3304 0
3363 0
3367 0
3439 0
3522 0
3549 0
3650 0
3659 0
3714 0
3789 0
3803 0
3812 0
3839 0
3895 0
3954 0
3994 0
4068 0
4082 0
4108 0
4156 0
4282 0
4285 0
4448 0
4477 0
4495 0
4507 0
4585 0
4603 0
4616 0
4774 0
4805 0
4826 0
4852 0
4906 0
