333 0
376 0
432 0
524 0
540 0
601 0
692 0
786 0
815 0
840 0
860 0
899 0
931 0
973 0
1023 0
1068 0
1081 0
1127 0
1197 0
1246 0
1286 0
1321 0
1342 0
1415 0
1437 0
1511 0
1555 0
1571 0
1627 0
1654 0
1668 0
1684 0
1721 0
1803 0
1828 0
1846 0
1868 0
1898 0
1960 0
2009 0
2088 0
2101 0
2175 0
2206 0
2214 0
2269 0
2362 0
2409 0
2417 0
2467 0
2543 0
2676 0
2743 0
2804 0
2808 0
2858 0
2947 0
3008 0
3014 0
3050 0
3119 0
3137 0
3212 0
3249 0
3327 0
3355 0
3377 0
3396 0
3404 0
3490 0
3531 0
3547 0
3560 0
3591 0
3646 0
3664 0
3709 0
3781 0
3795 0
3886 0
3895 0
3932 0
3972 0
4015 0
4085 0
4137 0
4149 0
4196 0
4243 0
4288 0
4320 0
4361 0
4381 0
4411 0
4433 0
4528 0
4608 0
4685 0
4707 0
4785 0
4829 0
4890 0
