341 0
362 0
377 0
431 0
469 0
557 0
604 0
665 0
701 0
751 0
811 0
849 0
909 0
931 0
970 0
1036 0
1075 0
1116 0
1235 0
1254 0
1272 0
1297 0
1321 0
1404 0
1414 0
1435 0
1469 0
1523 0
1616 0
1637 0
1709 0
1720 0
1752 0
1828 0
1884 0
1933 0
2021 0
2045 0
2135 0
2172 0
2185 0
2340 0
2362 0
2372 0
2386 0
2418 0
2449 0
2475 0
2495 0
2531 0
2558 0
2656 0
2693 0
2725 0
2747 0
2769 0
2794 0
2838 0
2851 0
2867 0
2887 0
3041 0
3048 0
3080 0
3168 0
3206 0
3290 0
3333 0
3399 0
3459 0
3499 0
3513 0
3578 0
3589 0
3694 0
3749 0
3776 0
3806 0
3818 0
3902 0
3917 0
3960 0
3962 0
3989 0
4108 0
4145 0
4184 0
4237 0
4293 0
4309 0
4383 0
4410 0
4464 0
4520 0
4548 0
4609 0
4667 0
4758 0
4779 0
4839 0
4859 0
4869 0
