321 0
344 0
394 0
481 0
501 0
537 0
553 0
625 0
702 0
730 0
760 0
818 0
837 0
930 0
938 0
990 0
1027 0
1047 0
1099 0
1155 0
1218 0
1304 0
1376 0
1380 0
1463 0
1482 0
1536 0
1573 0
1609 0
1668 0
1691 0
1729 0
1865 0
1895 0
1936 0
1945 0
2000 0
2073 0
2103 0
2115 0
2160 0
2233 0
2291 0
2309 0
2395 0
2424 0
2450 0
2479 0
2487 0
2566 0
2573 0
2650 0
2668 0
2728 0
2740 0
2763 0
2801 0
2828 0
2913 0
2935 0
2979 0
3058 0
3104 0
3127 0
3157 0
3225 0
3279 0
3288 0
3325 0
3355 0
3498 0
3522 0
3537 0
3613 0
3642 0
3677 0
3731 0
3755 0
3833 0
3855 0
3920 0
4002 0
4073 0
4125 0
4171 0
4189 0
4229 0
4268 0
4296 0
4371 0
4393 0
4457 0
4494 0
4519 0
4605 0
4663 0
4690 0
4717 0
4728 0
4827 0
4871 0
4906 0
