356 0
369 0
383 0
525 0
558 0
600 0
620 0
699 0
740 0
761 0
776 0
854 0
925 0
936 0
981 0
1047 0
1056 0
1093 0
1113 0
1193 0
1230 0
1290 0
1306 0
1333 0
1438 0
1562 0
1577 0
1597 0
1787 0
1829 0
1910 0
1926 0
1958 0
2069 0
2147 0
2160 0
2183 0
2204 0
2220 0
2230 0
2274 0
2286 0
2351 0
2404 0
2417 0
2478 0
2483 0
2528 0
2583 0
2642 0
2688 0
2736 0
2752 0
2797 0
2818 0
2860 0
2926 0
2946 0
2978 0
3006 0
3021 0
3030 0
3053 0
3076 0
3146 0
3251 0
3288 0
3309 0
3397 0
3432 0
3629 0
3650 0
3662 0
3788 0
3883 0
3914 0
3930 0
3984 0
4022 0
4110 0
4116 0
4153 0
4173 0
4239 0
4278 0
4300 0
4359 0
4448 0
4457 0
4473 0
4519 0
4603 0
4619 0
4668 0
4695 0
4830 0
4849 0
4871 0
