311 0
337 0
346 0
369 0
393 0
423 0
487 0
536 0
568 0
640 0
662 0
672 0
690 0
704 0
754 0
794 0
836 0
909 0
925 0
945 0
997 0
1015 0
1058 0
1182 0
1331 0
1361 0
1389 0
1480 0
1505 0
1518 0
1532 0
1619 0
1647 0
1699 0
1810 0
1856 0
1888 0
1906 0
1959 0
2000 0
2018 0
2084 0
2119 0
2158 0
2172 0
2184 0
2457 0
2476 0
2485 0
2546 0
2556 0
2656 0
2678 0
2725 0
2744 0
2767 0
3036 0
3057 0
3068 0
3105 0
3133 0
3208 0
3228 0
3249 0
3304 0
3331 0
3350 0
3414 0
3522 0
3581 0
3589 0
3676 0
3696 0
3707 0
3732 0
3839 0
3849 0
3880 0
4034 0
4164 0
4202 0
4229 0
4273 0
4298 0
4308 0
4371 0
4426 0
4464 0
4514 0
4536 0
4544 0
4567 0
4577 0
4648 0
4676 0
4731 0
4805 0
4817 0
4860 0
4872 0
4891 0
4904 0
