388 0
429 0
468 0
484 0
526 0
550 0
574 0
601 0
626 0
640 0
712 0
736 0
764 0
951 0
975 0
989 0
1082 0
1126 0
1209 0
1248 0
1285 0
1364 0
1380 0
1403 0
1522 0
1538 0
1583 0
1601 0
1625 0
1654 0
1679 0
1731 0
1830 0
1843 0
1875 0
1912 0
1925 0
1947 0
1961 0
1999 0
2114 0
2174 0
2245 0
2333 0
2395 0
2451 0
2545 0
2555 0
2576 0
2592 0
2628 0
2644 0
2659 0
2674 0
2756 0
2826 0
2888 0
2972 0
3055 0
3109 0
3216 0
3253 0
3269 0
3296 0
3312 0
3340 0
3367 0
3399 0
3500 0
3548 0
3566 0
3588 0
3614 0
3632 0
3678 0
3691 0
3821 0
3827 0
3845 0
3939 0
3969 0
4010 0
4084 0
4140 0
4219 0
4249 0
4277 0
4458 0
4485 0
4520 0
4575 0
4598 0
4623 0
4650 0
4664 0
4702 0
4738 0
4751 0
4781 0
4842 0
