309 0
346 0
486 0
515 0
528 0
556 0
638 0
650 0
707 0
779 0
818 0
891 0
928 0
1053 0
1069 0
1083 0
1150 0
1189 0
1201 0
1219 0
1250 0
1278 0
1333 0
1345 0
1373 0
1471 0
1551 0
1570 0
1629 0
1664 0
1711 0
1755 0
1815 0
1830 0
1862 0
1875 0
1893 0
2046 0
2111 0
2140 0
2171 0
2218 0
2343 0
2358 0
2368 0
2405 0
2427 0
2432 0
2450 0
2491 0
2503 0
2523 0
2565 0
2655 0
2690 0
2710 0
2728 0
2769 0
2781 0
2799 0
2807 0
2852 0
2872 0
2885 0
3002 0
3052 0
3082 0
3108 0
3166 0
3324 0
3348 0
3353 0
3389 0
3402 0
3466 0
3518 0
3558 0
3589 0
3650 0
3662 0
3741 0
3849 0
3862 0
3881 0
3928 0
3965 0
4005 0
4027 0
4031 0
4064 0
4144 0
4164 0
4180 0
4295 0
4321 0
4400 0
4446 0
4507 0
4557 0
4585 0
4664 0
4682 0
4700 0
4727 0
4867 0
4905 0
