320 0
330 0
369 0
430 0
458 0
482 0
542 0
564 0
615 0
655 0
679 0
686 0
766 0
841 0
885 0
954 0
990 0
1010 0
1030 0
1083 0
1094 0
1138 0
1179 0
1209 0
1403 0
1494 0
1534 0
1560 0
1622 0
1667 0
1722 0
1815 0
1824 0
1865 0
1896 0
1919 0
1942 0
2044 0
2067 0
2075 0
2149 0
2190 0
2218 0
2240 0
2264 0
2334 0
2379 0
2408 0
2517 0
2698 0
2811 0
2843 0
2882 0
2945 0
2981 0
2999 0
3040 0
3062 0
3133 0
3157 0
3175 0
3265 0
3307 0
3317 0
3359 0
3386 0
3407 0
3497 0
3546 0
3603 0
3664 0
3677 0
3737 0
3816 0
3996 0
4031 0
4085 0
4130 0
4140 0
4190 0
4200 0
4227 0
4265 0
4325 0
4371 0
4438 0
4532 0
4548 0
4561 0
4605 0
4644 0
4685 0
4731 0
4764 0
4785 0
4859 0
4885 0
4907 0
