375 0
402 0
452 0
462 0
542 0
628 0
669 0
688 0
716 0
736 0
797 0
885 0
965 0
972 0
991 0
1019 0
1022 0
1094 0
1146 0
1184 0
1231 0
1290 0
1315 0
1407 0
1416 0
1469 0
1484 0
1525 0
1549 0
1595 0
1633 0
1662 0
1681 0
1757 0
1781 0
1804 0
1831 0
1915 0
1945 0
1975 0
2005 0
2016 0
2055 0
2199 0
2258 0
2269 0
2291 0
2333 0
2413 0
2480 0
2574 0
2638 0
2752 0
2810 0
2884 0
2925 0
2943 0
2973 0
3012 0
3171 0
3212 0
3217 0
3244 0
3271 0
3307 0
3395 0
3402 0
3437 0
3466 0
3542 0
3564 0
3571 0
3625 0
3657 0
3694 0
3735 0
3753 0
3803 0
3819 0
3894 0
3937 0
3987 0
4045 0
4072 0
4122 0
4185 0
4212 0
4217 0
4249 0
4254 0
4324 0
4422 0
4475 0
4491 0
4534 0
4550 0
4598 0
4679 0
4754 0
4770 0
4819 0
4830 0
