347 0
363 0
421 0
427 0
481 0
505 0
555 0
564 0
757 0
801 0
866 0
922 0
979 0
992 0
1078 0
1100 0
1118 0
1189 0
1284 0
1337 0
1364 0
1382 0
1408 0
1487 0
1575 0
1611 0
1702 0
1766 0
1842 0
1869 0
1879 0
1948 0
1958 0
2064 0
2087 0
2105 0
2120 0
2185 0
2226 0
2248 0
2271 0
2283 0
2379 0
2419 0
2438 0
2486 0
2507 0
2559 0
2597 0
2625 0
2660 0
2706 0
2735 0
2776 0
2799 0
2855 0
2938 0
2950 0
2963 0
3000 0
3032 0
3110 0
3118 0
3131 0
3146 0
3250 0
3269 0
3344 0
3355 0
3379 0
3460 0
3508 0
3605 0
3640 0
3733 0
3822 0
3829 0
3857 0
3886 0
3934 0
4031 0
4103 0
4126 0
4134 0
4217 0
4247 0
4292 0
4360 0
4413 0
4456 0
4650 0
4673 0
4715 0
4730 0
4780 0
4804 0
4846 0
4874 0
