331 0
350 0
368 0
388 0
410 0
429 0
499 0
530 0
556 0
617 0
666 0
739 0
750 0
769 0
795 0
893 0
936 0
1013 0
1049 0
1057 0
1102 0
1137 0
1145 0
1177 0
1254 0
1259 0
1298 0
1341 0
1353 0
1379 0
1436 0
1470 0
1536 0
1560 0
1578 0
1586 0
1602 0
1624 0
1647 0
1651 0
1716 0
1765 0
1821 0
1860 0
1910 0
1933 0
1954 0
1981 0
2042 0
2120 0
2129 0
2143 0
2221 0
2241 0
2284 0
2367 0
2412 0
2478 0
2490 0
2506 0
2517 0
2545 0
2598 0
2630 0
2684 0
2695 0
2705 0
2733 0
2738 0
2809 0
2853 0
2926 0
2985 0
3004 0
3061 0
3085 0
3103 0
3178 0
3231 0
3280 0
3289 0
3303 0
3363 0
3386 0
3455 0
3516 0
3557 0
3576 0
3598 0
3619 0
3628 0
3651 0
3660 0
3684 0
3741 0
3784 0
3830 0
3874 0
3888 0
3911 0
3950 0
3968 0
4031 0
4064 0
4083 0
4123 0
4162 0
4175 0
4201 0
4271 0
4330 0
4431 0
4446 0
4460 0
4484 0
4547 0
4600 0
4673 0
4688 0
4710 0
4789 0
4799 0
4838 0
4856 0
4868 0
4893 0
