312 0
359 0
382 0
407 0
471 0
545 0
639 0
670 0
706 0
839 0
863 0
934 0
982 0
1015 0
1028 0
1051 0
1059 0
1148 0
1176 0
1233 0
1290 0
1294 0
1384 0
1419 0
1463 0
1561 0
1602 0
1622 0
1644 0
1664 0
1844 0
1973 0
2016 0
2055 0
2059 0
2105 0
2153 0
2163 0
2182 0
2230 0
2274 0
2283 0
2352 0
2367 0
2406 0
2417 0
2470 0
2513 0
2527 0
2562 0
2658 0
2687 0
2707 0
2753 0
2791 0
2810 0
2853 0
2863 0
2939 0
2944 0
2989 0
3033 0
3053 0
3071 0
3112 0
3154 0
3167 0
3206 0
3232 0
3382 0
3564 0
3576 0
3597 0
3607 0
3659 0
3752 0
3804 0
3830 0
3922 0
3931 0
3980 0
4040 0
4070 0
4159 0
4171 0
4195 0
4208 0
4248 0
4287 0
4366 0
4379 0
4506 0
4555 0
4588 0
4670 0
4744 0
4819 0
4841 0
4859 0
4902 0
