321 0
337 0
412 0
563 0
599 0
642 0
648 0
669 0
742 0
798 0
841 0
906 0
960 0
997 0
1032 0
1051 0
1094 0
1138 0
1183 0
1223 0
1254 0
1267 0
1349 0
1495 0
1506 0
1555 0
1570 0
1622 0
1675 0
1728 0
1811 0
1839 0
1877 0
1939 0
1982 0
2012 0
2053 0
2068 0
2109 0
2135 0
2156 0
2179 0
2219 0
2290 0
2330 0
2352 0
2366 0
2427 0
2433 0
2510 0
2524 0
2555 0
2661 0
2691 0
2707 0
2773 0
2803 0
2846 0
2862 0
2886 0
2926 0
3006 0
3027 0
3066 0
3085 0
3098 0
3156 0
3165 0
3207 0
3242 0
3273 0
3345 0
3369 0
3401 0
3501 0
3544 0
3590 0
3649 0
3660 0
3708 0
3727 0
3860 0
3957 0
3970 0
4009 0
4041 0
4093 0
4130 0
4177 0
4186 0
4231 0
4264 0
4310 0
4376 0
4435 0
4477 0
4542 0
4569 0
4584 0
4611 0
4644 0
4802 0
4894 0
4903 0
