347 0
376 0
400 0
448 0
518 0
539 0
571 0
627 0
662 0
671 0
726 0
757 0
812 0
823 0
897 0
979 0
1051 0
1055 0
1073 0
1093 0
1111 0
1196 0
1212 0
1228 0
1259 0
1363 0
1413 0
1519 0
1669 0
1707 0
1760 0
1781 0
1796 0
1820 0
1901 0
1919 0
2162 0
2178 0
2219 0
2275 0
2291 0
2333 0
2353 0
2413 0
2425 0
2433 0
2478 0
2502 0
2596 0
2633 0
2707 0
2746 0
2787 0
2802 0
2816 0
2859 0
2880 0
2928 0
2951 0
3008 0
3040 0
3051 0
3313 0
3322 0
3384 0
3430 0
3446 0
3453 0
3516 0
3541 0
3705 0
3792 0
3856 0
3952 0
3985 0
4006 0
4018 0
4112 0
4128 0
4141 0
4154 0
4166 0
4235 0
4323 0
4394 0
4413 0
4459 0
4500 0
4554 0
4558 0
4591 0
4648 0
4687 0
4694 0
4775 0
4817 0
4842 0
4878 0
