307 0
394 0
441 0
508 0
524 0
608 0
677 0
705 0
769 0
783 0
805 0
827 0
849 0
950 0
954 0
1061 0
1100 0
1152 0
1221 0
1226 0
1268 0
1288 0
1307 0
1381 0
1412 0
1507 0
1529 0
1579 0
1584 0
1606 0
1616 0
1655 0
1798 0
1902 0
1964 0
1980 0
1995 0
2083 0
2141 0
2146 0
2188 0
2200 0
2249 0
2271 0
2361 0
2364 0
2385 0
2405 0
2454 0
2492 0
2513 0
2525 0
2701 0
2711 0
2726 0
2761 0
2817 0
2838 0
2853 0
2867 0
2948 0
2966 0
3023 0
3035 0
3065 0
3088 0
3129 0
3229 0
3234 0
3258 0
3317 0
3429 0
3556 0
3603 0
3614 0
3627 0
3647 0
3704 0
3713 0
3794 0
3834 0
3924 0
3933 0
3945 0
3991 0
3997 0
4065 0
4127 0
4163 0
4260 0
4274 0
4375 0
4394 0
4413 0
4424 0
4450 0
4520 0
4546 0
4619 0
4704 0
4715 0
4788 0
4813 0
4906 0
