347 0
396 0
474 0
503 0
521 0
567 0
687 0
744 0
777 0
784 0
807 0
821 0
842 0
903 0
947 0
997 0
1011 0
1060 0
1072 0
1115 0
1142 0
1264 0
1295 0
1318 0
1406 0
1444 0
1476 0
1495 0
1540 0
1601 0
1637 0
1661 0
1694 0
1754 0
1807 0
1820 0
1865 0
1949 0
1987 0
1995 0
2008 0
2078 0
2183 0
2225 0
2378 0
2382 0
2404 0
2417 0
2453 0
2520 0
2549 0
2575 0
2585 0
2622 0
2640 0
2683 0
2697 0
2756 0
2797 0
2818 0
2825 0
2845 0
3008 0
3036 0
3137 0
3211 0
3222 0
3231 0
3272 0
3363 0
3399 0
3405 0
3462 0
3531 0
3562 0
3574 0
3610 0
3680 0
3724 0
3755 0
3779 0
3819 0
3902 0
3920 0
3945 0
4076 0
4103 0
4147 0
4163 0
4210 0
4228 0
4268 0
4304 0
4381 0
4388 0
4407 0
4425 0
4447 0
4472 0
4530 0
4642 0
4700 0
4712 0
4756 0
4818 0
4864 0
