366 0
403 0
450 0
465 0
481 0
523 0
554 0
572 0
687 0
785 0
822 0
921 0
1050 0
1107 0
1185 0
1204 0
1274 0
1279 0
1301 0
1324 0
1353 0
1371 0
1384 0
1480 0
1518 0
1604 0
1687 0
1767 0
1796 0
1815 0
1826 0
1981 0
2066 0
2114 0
2138 0
2152 0
2174 0
2181 0
2209 0
2214 0
2245 0
2292 0
2339 0
2402 0
2464 0
2483 0
2562 0
2574 0
2599 0
2621 0
2647 0
2668 0
2728 0
2761 0
2809 0
2875 0
2932 0
2959 0
2994 0
3025 0
3036 0
3052 0
3063 0
3091 0
3109 0
3151 0
3245 0
3388 0
3408 0
3431 0
3464 0
3529 0
3618 0
3704 0
3739 0
3841 0
3851 0
3874 0
3897 0
3913 0
3939 0
3955 0
4017 0
4037 0
4109 0
4166 0
4291 0
4387 0
4430 0
4530 0
4654 0
4668 0
4694 0
4731 0
4755 0
4767 0
4817 0
4848 0
