310 0
373 0
381 0
437 0
444 0
479 0
494 0
702 0
737 0
923 0
953 0
1000 0
1019 0
1035 0
1044 0
1109 0
1208 0
1230 0
1267 0
1373 0
1384 0
1419 0
1507 0
1518 0
1563 0
1634 0
1653 0
1706 0
1725 0
1754 0
1781 0
1827 0
1863 0
1871 0
1928 0
1949 0
1981 0
1994 0
2061 0
2081 0
2100 0
2144 0
2201 0
2344 0
2375 0
2427 0
2474 0
2483 0
2519 0
2564 0
2569 0
2637 0
2667 0
2702 0
2723 0
2750 0
2794 0
2850 0
2882 0
3010 0
3072 0
3115 0
3143 0
3152 0
3229 0
3233 0
3273 0
3288 0
3336 0
3363 0
3393 0
3447 0
3456 0
3493 0
3511 0
3567 0
3585 0
3656 0
3691 0
3716 0
3802 0
3829 0
3855 0
3952 0
3988 0
3997 0
4113 0
4173 0
4185 0
4206 0
4226 0
4259 0
4285 0
4480 0
4509 0
4720 0
4740 0
4767 0
4778 0
4840 0
4854 0
4909 0
