327 0
364 0
400 0
428 0
470 0
522 0
560 0
615 0
635 0
701 0
761 0
784 0
807 0
823 0
843 0
911 0
970 0
1045 0
1143 0
1195 0
1235 0
1253 0
1266 0
1310 0
1347 0
1400 0
1473 0
1518 0
1591 0
1611 0
1648 0
1664 0
1691 0
1701 0
1838 0
1948 0
2020 0
2077 0
2140 0
2158 0
2172 0
2254 0
2283 0
2339 0
2419 0
2508 0
2519 0
2566 0
2571 0
2595 0
2624 0
2646 0
2654 0
2695 0
2710 0
2801 0
2881 0
2939 0
2962 0
3057 0
3067 0
3082 0
3140 0
3201 0
3270 0
3369 0
3509 0
3528 0
3554 0
3586 0
3608 0
3636 0
3703 0
3742 0
3819 0
3873 0
3908 0
3951 0
3969 0
3980 0
4018 0
4075 0
4167 0
4248 0
4312 0
4370 0
4394 0
4418 0
4433 0
4463 0
4519 0
4577 0
4593 0
4674 0
4706 0
4755 0
4783 0
4813 0
4854 0
4887 0
