314 0
333 0
353 0
378 0
420 0
434 0
447 0
530 0
560 0
563 0
705 0
728 0
758 0
776 0
805 0
974 0
1019 0
1095 0
1223 0
1335 0
1387 0
1424 0
1429 0
1475 0
1495 0
1535 0
1607 0
1617 0
1635 0
1691 0
1707 0
1753 0
1810 0
1900 0
1920 0
1948 0
2011 0
2047 0
2077 0
2121 0
2135 0
2204 0
2239 0
2262 0
2357 0
2440 0
2456 0
2471 0
2483 0
2565 0
2597 0
2632 0
2662 0
2731 0
2738 0
2762 0
2776 0
2859 0
2949 0
2990 0
3019 0
3083 0
3110 0
3140 0
3173 0
3202 0
3273 0
3311 0
3318 0
3416 0
3466 0
3503 0
3530 0
3582 0
3589 0
3610 0
3679 0
3731 0
3749 0
3789 0
3800 0
3836 0
3890 0
4011 0
4127 0
4206 0
4248 0
4406 0
4446 0
4460 0
4489 0
4517 0
4645 0
4666 0
4677 0
4775 0
4787 0
4807 0
4834 0
4871 0
4891 0
4910 0
