325 0
370 0
381 0
423 0
451 0
462 0
497 0
515 0
533 0
604 0
615 0
668 0
711 0
764 0
812 0
851 0
946 0
994 0
1051 0
1100 0
1198 0
1264 0
1327 0
1410 0
1422 0
1499 0
1536 0
1589 0
1611 0
1665 0
1687 0
1715 0
1762 0
1885 0
1901 0
1923 0
1941 0
1962 0
1973 0
2090 0
2095 0
2172 0
2208 0
2228 0
2254 0
2401 0
2421 0
2447 0
2477 0
2553 0
2580 0
2649 0
2661 0
2748 0
2778 0
2791 0
2817 0
2965 0
2987 0
3015 0
3051 0
3112 0
3138 0
3242 0
3249 0
3265 0
3291 0
3324 0
3348 0
3462 0
3517 0
3530 0
3567 0
3607 0
3631 0
3681 0
3718 0
3801 0
3815 0
3888 0
3950 0
4013 0
4115 0
4176 0
4229 0
4283 0
4354 0
4419 0
4467 0
4516 0
4547 0
4602 0
4612 0
4680 0
4707 0
4712 0
4752 0
4762 0
4806 0
4838 0
4849 0
4885 0
