319 0
326 0
384 0
414 0
440 0
497 0
602 0
633 0
660 0
665 0
727 0
807 0
817 0
855 0
900 0
946 0
966 0
1007 0
1028 0
1038 0
1091 0
1128 0
1300 0
1386 0
1425 0
1439 0
1476 0
1552 0
1627 0
1659 0
1667 0
1685 0
1775 0
1832 0
1932 0
1981 0
2016 0
2076 0
2166 0
2180 0
2196 0
2233 0
2275 0
2378 0
2381 0
2413 0
2433 0
2451 0
2507 0
2591 0
2621 0
2711 0
2770 0
2780 0
2820 0
2832 0
2850 0
2949 0
2990 0
3020 0
3042 0
3050 0
3131 0
3207 0
3243 0
3288 0
3397 0
3449 0
3535 0
3551 0
3554 0
3599 0
3658 0
3749 0
3786 0
3797 0
3838 0
3911 0
4096 0
4117 0
4174 0
4192 0
4214 0
4252 0
4281 0
4319 0
4367 0
4396 0
4412 0
4493 0
4550 0
4569 0
4589 0
4619 0
4713 0
4791 0
4800 0
4837 0
4881 0
4911 0
