307 0
335 0
348 0
373 0
419 0
447 0
496 0
534 0
558 0
570 0
614 0
661 0
703 0
721 0
774 0
824 0
836 0
894 0
938 0
1017 0
1024 0
1106 0
1151 0
1204 0
1231 0
1305 0
1310 0
1349 0
1421 0
1487 0
1523 0
1622 0
1636 0
1660 0
1675 0
1712 0
1732 0
1822 0
1848 0
1880 0
1913 0
2000 0
2012 0
2053 0
2275 0
2377 0
2401 0
2497 0
2500 0
2522 0
2541 0
2670 0
2701 0
2716 0
2725 0
2807 0
2850 0
2945 0
3178 0
3208 0
3218 0
3302 0
3343 0
3369 0
3390 0
3491 0
3512 0
3549 0
3554 0
3584 0
3596 0
3692 0
3727 0
3804 0
3867 0
3897 0
3920 0
3990 0
4017 0
4065 0
4098 0
4187 0
4212 0
4282 0
4326 0
4385 0
4398 0
4452 0
4495 0
4507 0
4566 0
4599 0
4656 0
4665 0
4685 0
4711 0
4769 0
4799 0
4859 0
4865 0
4895 0
4900 0
