325 0
399 0
428 0
443 0
517 0
542 0
554 0
611 0
659 0
694 0
721 0
750 0
885 0
1028 0
1051 0
1061 0
1097 0
1187 0
1291 0
1353 0
1389 0
1400 0
1414 0
1492 0
1518 0
1574 0
1627 0
1636 0
1660 0
1667 0
1724 0
1769 0
1800 0
1874 0
1903 0
1943 0
1968 0
2051 0
2067 0
2081 0
2126 0
2156 0
2230 0
2301 0
2337 0
2367 0
2382 0
2417 0
2513 0
2523 0
2697 0
2719 0
2789 0
2828 0
2842 0
2878 0
2909 0
2981 0
3067 0
3088 0
3138 0
3154 0
3177 0
3254 0
3268 0
3325 0
3344 0
3428 0
3435 0
3498 0
3546 0
3554 0
3579 0
3592 0
3654 0
3691 0
3727 0
3802 0
3824 0
3826 0
3864 0
3931 0
4039 0
4123 0
4154 0
4169 0
4194 0
4331 0
4456 0
4502 0
4527 0
4571 0
4611 0
4664 0
4680 0
4706 0
4771 0
4786 0
4819 0
4891 0
