319 0
360 0
406 0
436 0
497 0
516 0
606 0
637 0
652 0
779 0
800 0
837 0
894 0
949 0
990 0
1087 0
1125 0
1148 0
1206 0
1212 0
1248 0
1264 0
1320 0
1334 0
1425 0
1492 0
1510 0
1584 0
1599 0
1677 0
1733 0
1796 0
1809 0
1829 0
1886 0
1952 0
1984 0
1997 0
2011 0
2090 0
2204 0
2213 0
2234 0
2258 0
2267 0
2330 0
2358 0
2428 0
2463 0
2473 0
2521 0
2576 0
2637 0
2692 0
2738 0
2759 0
2800 0
2863 0
2884 0
2951 0
2959 0
2990 0
2995 0
3018 0
3144 0
3205 0
3220 0
3242 0
3269 0
3342 0
3384 0
3415 0
3425 0
3490 0
3551 0
3608 0
3627 0
3709 0
3733 0
3801 0
3887 0
3901 0
3946 0
3973 0
3999 0
4018 0
4065 0
4091 0
4134 0
4220 0
4272 0
4332 0
4372 0
4415 0
4446 0
4564 0
4574 0
4609 0
4705 0
4711 0
4780 0
4820 0
4852 0
4906 0
