348 0
441 0
471 0
489 0
524 0
537 0
545 0
737 0
762 0
791 0
810 0
831 0
852 0
885 0
908 0
1031 0
1070 0
1081 0
1110 0
1142 0
1227 0
1280 0
1385 0
1407 0
1418 0
1485 0
1505 0
1552 0
1630 0
1642 0
1731 0
1812 0
1852 0
1865 0
1879 0
1917 0
2013 0
2061 0
2114 0
2127 0
2166 0
2177 0
2204 0
2241 0
2286 0
2331 0
2370 0
2381 0
2405 0
2442 0
2498 0
2505 0
2582 0
2636 0
2710 0
2736 0
2780 0
2811 0
2825 0
2851 0
2888 0
2936 0
2988 0
3024 0
3034 0
3059 0
3078 0
3097 0
3149 0
3203 0
3312 0
3345 0
3359 0
3377 0
3401 0
3498 0
3573 0
3593 0
3670 0
3713 0
3737 0
3804 0
3820 0
3827 0
3933 0
3993 0
4077 0
4098 0
4142 0
4163 0
4188 0
4303 0
4331 0
4361 0
4401 0
4409 0
4434 0
4462 0
4475 0
4674 0
4680 0
4699 0
4727 0
4756 0
4781 0
4868 0
