310 0
348 0
387 0
436 0
464 0
516 0
563 0
696 0
720 0
777 0
802 0
890 0
915 0
954 0
979 0
1031 0
1069 0
1134 0
1180 0
1203 0
1255 0
1290 0
1359 0
1362 0
1404 0
1436 0
1497 0
1546 0
1573 0
1613 0
1635 0
1727 0
1799 0
1814 0
1822 0
1894 0
1963 0
2002 0
2073 0
2140 0
2188 0
2248 0
2409 0
2422 0
2452 0
2484 0
2512 0
2521 0
2568 0
2598 0
2629 0
2645 0
2701 0
2715 0
2725 0
2756 0
2797 0
2818 0
2963 0
3029 0
3083 0
3160 0
3215 0
3261 0
3331 0
3393 0
3405 0
3429 0
3488 0
3579 0
3606 0
3650 0
3686 0
3717 0
3790 0
3811 0
3847 0
3863 0
3928 0
3973 0
4026 0
4038 0
4081 0
4155 0
4191 0
4247 0
4266 0
4309 0
4322 0
4413 0
4450 0
4493 0
4529 0
4650 0
4700 0
4754 0
4783 0
4831 0
4875 0
4911 0
