331 0
372 0
437 0
455 0
470 0
497 0
558 0
606 0
630 0
668 0
705 0
727 0
779 0
785 0
852 0
1061 0
1073 0
1097 0
1204 0
1216 0
1303 0
1310 0
1359 0
1390 0
1400 0
1421 0
1431 0
1476 0
1519 0
1568 0
1623 0
1634 0
1673 0
1693 0
1703 0
1784 0
1806 0
1821 0
1862 0
1922 0
1945 0
1967 0
2052 0
2179 0
2215 0
2282 0
2332 0
2391 0
2419 0
2477 0
2498 0
2503 0
2580 0
2648 0
2717 0
2731 0
2743 0
2803 0
2825 0
2883 0
2935 0
3008 0
3027 0
3176 0
3254 0
3273 0
3296 0
3351 0
3395 0
3416 0
3435 0
3505 0
3531 0
3552 0
3580 0
3592 0
3639 0
3704 0
3747 0
3778 0
3800 0
3824 0
3833 0
3872 0
3907 0
3912 0
4007 0
4027 0
4115 0
4146 0
4159 0
4358 0
4436 0
4444 0
4496 0
4515 0
4554 0
4576 0
4608 0
4670 0
4715 0
4753 0
4769 0
4781 0
4856 0
4886 0
