327 0
343 0
375 0
449 0
604 0
623 0
704 0
754 0
767 0
790 0
820 0
945 0
995 0
1017 0
1075 0
1112 0
1180 0
1203 0
1209 0
1230 0
1245 0
1269 0
1283 0
1352 0
1399 0
1475 0
1568 0
1597 0
1618 0
1689 0
1709 0
1729 0
1794 0
1807 0
1837 0
1928 0
1963 0
2094 0
2133 0
2164 0
2245 0
2275 0
2282 0
2361 0
2370 0
2477 0
2483 0
2527 0
2546 0
2572 0
2636 0
2683 0
2702 0
2735 0
2750 0
2842 0
2862 0
2936 0
2956 0
2969 0
3047 0
3080 0
3127 0
3249 0
3285 0
3378 0
3407 0
3428 0
3488 0
3510 0
3523 0
3593 0
3634 0
3652 0
3741 0
3822 0
3868 0
3935 0
3949 0
3967 0
3980 0
4010 0
4024 0
4033 0
4113 0
4143 0
4208 0
4227 0
4273 0
4397 0
4428 0
4447 0
4470 0
4507 0
4597 0
4612 0
4761 0
4841 0
4871 0
4893 0
