313 0
355 0
410 0
431 0
450 0
572 0
642 0
658 0
740 0
764 0
838 0
857 0
939 0
1019 0
1047 0
1057 0
1094 0
1107 0
1253 0
1303 0
1365 0
1415 0
1437 0
1467 0
1493 0
1508 0
1536 0
1584 0
1628 0
1639 0
1716 0
1850 0
1888 0
1906 0
2018 0
2068 0
2092 0
2130 0
2214 0
2246 0
2331 0
2396 0
2408 0
2426 0
2513 0
2519 0
2534 0
2577 0
2597 0
2622 0
2641 0
2680 0
2687 0
2712 0
2790 0
2812 0
2836 0
2889 0
2972 0
3002 0
3092 0
3119 0
3157 0
3208 0
3306 0
3320 0
3382 0
3510 0
3581 0
3600 0
3626 0
3676 0
3709 0
3732 0
3746 0
3784 0
3796 0
3857 0
3914 0
3973 0
4113 0
4122 0
4154 0
4179 0
4210 0
4279 0
4367 0
4376 0
4465 0
4483 0
4572 0
4587 0
4655 0
4767 0
4793 0
4803 0
4866 0
4901 0
