368 0
407 0
420 0
463 0
511 0
542 0
563 0
636 0
659 0
671 0
708 0
717 0
788 0
838 0
864 0
903 0
941 0
953 0
1023 0
1138 0
1205 0
1211 0
1272 0
1277 0
1337 0
1473 0
1486 0
1499 0
1529 0
1548 0
1621 0
1645 0
1776 0
1798 0
1891 0
1905 0
1953 0
1988 0
2013 0
2062 0
2137 0
2149 0
2184 0
2196 0
2220 0
2289 0
2401 0
2441 0
2504 0
2527 0
2548 0
2684 0
2698 0
2714 0
2780 0
2806 0
2934 0
2999 0
3024 0
3027 0
3072 0
3079 0
3148 0
3202 0
3238 0
3278 0
3314 0
3328 0
3418 0
3449 0
3578 0
3591 0
3670 0
3696 0
3715 0
3737 0
3752 0
3889 0
3941 0
3947 0
4000 0
4022 0
4093 0
4184 0
4260 0
4273 0
4302 0
4361 0
4373 0
4425 0
4494 0
4518 0
4546 0
4567 0
4581 0
4643 0
4680 0
4695 0
4751 0
4809 0
4815 0
4861 0
