317 0
328 0
380 0
424 0
490 0
496 0
557 0
573 0
637 0
650 0
706 0
749 0
776 0
794 0
836 0
904 0
950 0
953 0
998 0
1059 0
1077 0
1102 0
1116 0
1236 0
1244 0
1317 0
1341 0
1362 0
1384 0
1400 0
1416 0
1432 0
1463 0
1490 0
1502 0
1539 0
1589 0
1602 0
1644 0
1664 0
1685 0
1770 0
1797 0
1842 0
1892 0
1912 0
1970 0
1981 0
2096 0
2146 0
2171 0
2207 0
2211 0
2268 0
2289 0
2305 0
2372 0
2424 0
2432 0
2462 0
2481 0
2501 0
2545 0
2680 0
2715 0
2746 0
2769 0
2777 0
2796 0
2855 0
2923 0
2936 0
2956 0
2997 0
3022 0
3045 0
3069 0
3122 0
3235 0
3250 0
3306 0
3321 0
3370 0
3429 0
3443 0
3521 0
3569 0
3581 0
3605 0
3633 0
3686 0
3711 0
3729 0
3753 0
3779 0
3799 0
3812 0
3841 0
3857 0
3882 0
3903 0
3968 0
3991 0
4108 0
4123 0
4138 0
4149 0
4228 0
4254 0
4273 0
4309 0
4375 0
4428 0
4446 0
4468 0
4516 0
4572 0
4577 0
4643 0
4665 0
4721 0
4742 0
4799 0
4836 0
4894 0
4905 0
