313 0
385 0
395 0
424 0
460 0
499 0
537 0
559 0
615 0
681 0
760 0
786 0
805 0
838 0
864 0
895 0
926 0
989 0
1018 0
1085 0
1151 0
1177 0
1285 0
1311 0
1342 0
1508 0
1522 0
1558 0
1588 0
1625 0
1665 0
1681 0
1713 0
1761 0
1787 0
1874 0
1900 0
2015 0
2187 0
2196 0
2218 0
2245 0
2273 0
2337 0
2436 0
2477 0
2503 0
2517 0
2536 0
2573 0
2586 0
2623 0
2641 0
2677 0
2695 0
2717 0
2749 0
2784 0
2888 0
2952 0
2962 0
2995 0
3010 0
3028 0
3209 0
3325 0
3333 0
3424 0
3467 0
3518 0
3538 0
3566 0
3591 0
3635 0
3665 0
3698 0
3712 0
3889 0
3896 0
3932 0
4036 0
4072 0
4133 0
4205 0
4231 0
4289 0
4321 0
4366 0
4382 0
4404 0
4425 0
4463 0
4525 0
4606 0
4669 0
4680 0
4713 0
4750 0
4796 0
4825 0
4838 0
4904 0
