335 0
379 0
402 0
415 0
427 0
445 0
533 0
557 0
604 0
660 0
669 0
690 0
841 0
862 0
929 0
945 0
966 0
1066 0
1104 0
1192 0
1230 0
1291 0
1305 0
1395 0
1495 0
1526 0
1531 0
1566 0
1630 0
1637 0
1691 0
1757 0
1773 0
1795 0
1844 0
1862 0
1884 0
1900 0
1924 0
1962 0
2007 0
2043 0
2071 0
2081 0
2121 0
2146 0
2233 0
2270 0
2389 0
2420 0
2492 0
2523 0
2579 0
2643 0
2688 0
2735 0
2802 0
2833 0
2955 0
2984 0
3067 0
3106 0
3130 0
3161 0
3172 0
3207 0
3254 0
3286 0
3318 0
3347 0
3362 0
3374 0
3431 0
3435 0
3460 0
3528 0
3584 0
3599 0
3642 0
3688 0
3692 0
3738 0
3823 0
3914 0
3933 0
3990 0
4026 0
4122 0
4160 0
4253 0
4268 0
4297 0
4356 0
4370 0
4537 0
4553 0
4564 0
4623 0
4667 0
4680 0
4775 0
4789 0
4802 0
4824 0
4839 0
4881 0
