314 0
401 0
420 0
447 0
490 0
526 0
550 0
596 0
695 0
705 0
716 0
788 0
811 0
855 0
924 0
976 0
1008 0
1046 0
1055 0
1079 0
1103 0
1216 0
1281 0
1336 0
1376 0
1395 0
1432 0
1481 0
1511 0
1628 0
1674 0
1699 0
1729 0
1774 0
1809 0
1912 0
1950 0
2070 0
2105 0
2129 0
2157 0
2171 0
2236 0
2280 0
2306 0
2340 0
2423 0
2454 0
2467 0
2502 0
2540 0
2599 0
2634 0
2675 0
2716 0
2751 0
2764 0
2797 0
2874 0
2917 0
2927 0
2991 0
3056 0
3072 0
3088 0
3117 0
3154 0
3274 0
3300 0
3414 0
3441 0
3492 0
3532 0
3540 0
3598 0
3711 0
3739 0
3780 0
3816 0
3849 0
3890 0
3932 0
3997 0
4130 0
4135 0
4153 0
4174 0
4207 0
4243 0
4291 0
4361 0
4415 0
4431 0
4504 0
4511 0
4526 0
4621 0
4669 0
4707 0
4732 0
4776 0
4795 0
4813 0
4904 0
