321 0
330 0
361 0
420 0
435 0
485 0
555 0
575 0
603 0
631 0
764 0
769 0
792 0
806 0
817 0
836 0
930 0
971 0
1009 0
1033 0
1086 0
1096 0
1143 0
1186 0
1191 0
1227 0
1245 0
1283 0
1372 0
1392 0
1505 0
1558 0
1571 0
1651 0
1670 0
1697 0
1772 0
1817 0
1882 0
1947 0
2005 0
2052 0
2101 0
2134 0
2174 0
2197 0
2226 0
2405 0
2428 0
2476 0
2506 0
2579 0
2649 0
2711 0
2742 0
2794 0
2821 0
3007 0
3013 0
3048 0
3088 0
3125 0
3171 0
3225 0
3265 0
3335 0
3410 0
3438 0
3534 0
3549 0
3555 0
3652 0
3667 0
3713 0
3827 0
3853 0
3936 0
3964 0
3994 0
4017 0
4039 0
4077 0
4126 0
4138 0
4184 0
4215 0
4238 0
4287 0
4385 0
4397 0
4411 0
4429 0
4447 0
4459 0
4579 0
4622 0
4646 0
4661 0
4732 0
4781 0
4796 0
4857 0
4893 0
4907 0
