344 0
382 0
436 0
465 0
519 0
611 0
660 0
685 0
760 0
775 0
783 0
852 0
912 0
930 0
987 0
1023 0
1039 0
1063 0
1118 0
1155 0
1196 0
1233 0
1257 0
1268 0
1299 0
1324 0
1425 0
1471 0
1504 0
1655 0
1671 0
1771 0
1820 0
1937 0
1953 0
1965 0
1998 0
2020 0
2136 0
2214 0
2267 0
2281 0
2296 0
2344 0
2387 0
2420 0
2470 0
2491 0
2549 0
2552 0
2580 0
2650 0
2654 0
2682 0
2725 0
2738 0
2796 0
2836 0
2882 0
2914 0
2938 0
2950 0
2994 0
3092 0
3207 0
3214 0
3255 0
3270 0
3297 0
3390 0
3446 0
3552 0
3557 0
3707 0
3750 0
3798 0
3895 0
3914 0
3955 0
3975 0
3979 0
4022 0
4067 0
4098 0
4161 0
4180 0
4192 0
4219 0
4298 0
4307 0
4360 0
4427 0
4438 0
4470 0
4524 0
4569 0
4611 0
4703 0
4749 0
4793 0
4841 0
4869 0
