344 0
433 0
541 0
605 0
632 0
662 0
737 0
761 0
912 0
925 0
953 0
972 0
1024 0
1093 0
1115 0
1151 0
1203 0
1247 0
1262 0
1280 0
1333 0
1361 0
1409 0
1437 0
1512 0
1560 0
1605 0
1629 0
1657 0
1689 0
1718 0
1798 0
1804 0
1824 0
1881 0
1920 0
1992 0
2021 0
2080 0
2139 0
2178 0
2198 0
2238 0
2290 0
2305 0
2341 0
2391 0
2454 0
2529 0
2541 0
2678 0
2697 0
2770 0
2832 0
2881 0
2913 0
2934 0
2987 0
3024 0
3039 0
3086 0
3133 0
3199 0
3225 0
3308 0
3333 0
3387 0
3406 0
3426 0
3487 0
3520 0
3557 0
3601 0
3609 0
3662 0
3718 0
3788 0
3813 0
3852 0
3888 0
3928 0
3947 0
3968 0
4028 0
4079 0
4106 0
4124 0
4196 0
4239 0
4252 0
4287 0
4306 0
4458 0
4487 0
4571 0
4586 0
4614 0
4687 0
4790 0
4873 0
