317 0
324 0
365 0
405 0
451 0
488 0
565 0
681 0
810 0
843 0
855 0
922 0
974 0
1034 0
1104 0
1114 0
1137 0
1205 0
1240 0
1265 0
1331 0
1351 0
1391 0
1407 0
1469 0
1510 0
1569 0
1593 0
1601 0
1631 0
1685 0
1811 0
1821 0
1874 0
1902 0
1948 0
1958 0
2001 0
2019 0
2075 0
2135 0
2157 0
2188 0
2204 0
2248 0
2301 0
2413 0
2506 0
2521 0
2598 0
2627 0
2687 0
2709 0
2809 0
2912 0
2973 0
3017 0
3036 0
3072 0
3086 0
3142 0
3209 0
3219 0
3251 0
3269 0
3331 0
3342 0
3385 0
3415 0
3526 0
3598 0
3617 0
3637 0
3653 0
3714 0
3750 0
3817 0
3828 0
3872 0
3883 0
3954 0
3990 0
4028 0
4087 0
4103 0
4124 0
4183 0
4235 0
4287 0
4353 0
4382 0
4408 0
4525 0
4649 0
4730 0
4762 0
4827 0
4850 0
4888 0
4903 0
