317 0
326 0
534 0
618 0
630 0
653 0
665 0
701 0
798 0
813 0
939 0
981 0
993 0
1013 0
1065 0
1089 0
1130 0
1152 0
1209 0
1250 0
1305 0
1350 0
1389 0
1399 0
1415 0
1431 0
1481 0
1507 0
1522 0
1550 0
1582 0
1659 0
1687 0
1758 0
1769 0
1790 0
1844 0
2070 0
2086 0
2115 0
2135 0
2196 0
2283 0
2304 0
2367 0
2427 0
2440 0
2481 0
2494 0
2574 0
2639 0
2731 0
2751 0
2780 0
2804 0
2840 0
2917 0
2940 0
3021 0
3092 0
3102 0
3141 0
3151 0
3380 0
3429 0
3436 0
3459 0
3532 0
3559 0
3633 0
3658 0
3705 0
3721 0
3737 0
3776 0
3800 0
3815 0
3838 0
3874 0
3914 0
3964 0
4003 0
4071 0
4092 0
4128 0
4150 0
4214 0
4232 0
4239 0
4280 0
4413 0
4431 0
4518 0
4540 0
4562 0
4576 0
4602 0
4691 0
4894 0
4900 0
