332 0
427 0
463 0
517 0
577 0
608 0
614 0
636 0
662 0
686 0
715 0
742 0
753 0
811 0
848 0
923 0
1069 0
1124 0
1149 0
1252 0
1317 0
1352 0
1407 0
1474 0
1495 0
1594 0
1601 0
1629 0
1676 0
1708 0
1807 0
1827 0
1843 0
1867 0
1876 0
1915 0
1923 0
2018 0
2071 0
2143 0
2163 0
2192 0
2300 0
2340 0
2353 0
2430 0
2433 0
2466 0
2531 0
2559 0
2570 0
2598 0
2622 0
2640 0
2665 0
2688 0
2747 0
2774 0
2804 0
2870 0
2879 0
2914 0
3037 0
3045 0
3068 0
3150 0
3202 0
3294 0
3310 0
3336 0
3364 0
3373 0
3397 0
3408 0
3512 0
3550 0
3591 0
3611 0
3626 0
3739 0
3741 0
3809 0
3864 0
3908 0
3965 0
4079 0
4093 0
4160 0
4298 0
4381 0
4407 0
4461 0
4479 0
4494 0
4525 0
4557 0
4589 0
4603 0
4622 0
4646 0
4699 0
4756 0
4792 0
4883 0
