337 0
419 0
455 0
475 0
482 0
519 0
531 0
562 0
619 0
649 0
776 0
783 0
856 0
902 0
926 0
954 0
972 0
992 0
1007 0
1030 0
1177 0
1222 0
1226 0
1293 0
1334 0
1350 0
1397 0
1506 0
1549 0
1572 0
1627 0
1636 0
1703 0
1823 0
1846 0
1868 0
1893 0
2022 0
2100 0
2119 0
2207 0
2220 0
2250 0
2273 0
2343 0
2362 0
2364 0
2537 0
2572 0
2599 0
2626 0
2639 0
2683 0
2855 0
2869 0
2880 0
2943 0
2963 0
3006 0
3018 0
3102 0
3123 0
3205 0
3321 0
3351 0
3381 0
3397 0
3514 0
3583 0
3597 0
3644 0
3660 0
3717 0
3819 0
3868 0
3890 0
3926 0
3981 0
4002 0
4039 0
4185 0
4213 0
4231 0
4235 0
4261 0
4289 0
4305 0
4359 0
4426 0
4449 0
4571 0
4606 0
4651 0
4687 0
4693 0
4741 0
4759 0
4771 0
4801 0
4885 0
