335 0
353 0
390 0
393 0
481 0
508 0
548 0
653 0
685 0
705 0
717 0
744 0
866 0
894 0
982 0
998 0
1021 0
1075 0
1120 0
1182 0
1196 0
1215 0
1229 0
1259 0
1290 0
1367 0
1487 0
1543 0
1601 0
1621 0
1681 0
1851 0
1855 0
1894 0
2009 0
2052 0
2059 0
2089 0
2135 0
2204 0
2243 0
2262 0
2287 0
2330 0
2383 0
2455 0
2546 0
2575 0
2589 0
2634 0
2642 0
2677 0
2763 0
2826 0
2887 0
2933 0
2944 0
2989 0
3015 0
3088 0
3144 0
3160 0
3170 0
3198 0
3327 0
3357 0
3380 0
3550 0
3588 0
3613 0
3677 0
3733 0
3845 0
3929 0
3959 0
3989 0
4003 0
4028 0
4036 0
4109 0
4138 0
4184 0
4217 0
4243 0
4333 0
4363 0
4487 0
4493 0
4519 0
4529 0
4558 0
4661 0
4719 0
4732 0
4815 0
4837 0
4867 0
4880 0
