337 0
370 0
417 0
437 0
443 0
465 0
538 0
551 0
607 0
616 0
665 0
690 0
725 0
830 0
863 0
885 0
933 0
937 0
1034 0
1076 0
1134 0
1231 0
1256 0
1355 0
1414 0
1507 0
1514 0
1562 0
1567 0
1583 0
1606 0
1619 0
1662 0
1757 0
1775 0
1823 0
1850 0
1916 0
1970 0
2106 0
2175 0
2213 0
2265 0
2358 0
2372 0
2408 0
2422 0
2436 0
2475 0
2506 0
2551 0
2653 0
2714 0
2740 0
2780 0
2798 0
2807 0
2852 0
2870 0
2954 0
3008 0
3058 0
3123 0
3258 0
3308 0
3380 0
3390 0
3435 0
3459 0
3559 0
3599 0
3619 0
3634 0
3639 0
3663 0
3696 0
3708 0
3800 0
3862 0
3967 0
3979 0
4091 0
4145 0
4191 0
4270 0
4291 0
4320 0
4368 0
4398 0
4491 0
4537 0
4547 0
4601 0
4621 0
4660 0
4682 0
4759 0
4768 0
4781 0
4804 0
4851 0
4892 0
