314 0
349 0
428 0
482 0
528 0
546 0
610 0
635 0
690 0
722 0
798 0
808 0
827 0
845 0
864 0
985 0
1000 0
1049 0
1056 0
1282 0
1298 0
1344 0
1380 0
1426 0
1438 0
1486 0
1511 0
1531 0
1593 0
1603 0
1640 0
1730 0
1765 0
1776 0
1808 0
1849 0
1877 0
1953 0
2041 0
2061 0
2102 0
2147 0
2246 0
2269 0
2281 0
2332 0
2351 0
2425 0
2458 0
2469 0
2512 0
2708 0
2751 0
2766 0
2798 0
2872 0
2875 0
2940 0
2955 0
2960 0
3061 0
3116 0
3149 0
3177 0
3268 0
3339 0
3381 0
3410 0
3445 0
3459 0
3497 0
3576 0
3620 0
3624 0
3674 0
3715 0
3724 0
3785 0
3804 0
3841 0
3874 0
3919 0
3937 0
4156 0
4171 0
4219 0
4244 0
4358 0
4378 0
4389 0
4407 0
4436 0
4496 0
4536 0
4583 0
4618 0
4659 0
4680 0
4735 0
4783 0
4866 0
4899 0
