328 0
373 0
383 0
463 0
504 0
539 0
639 0
647 0
702 0
729 0
767 0
815 0
887 0
909 0
933 0
965 0
1007 0
1030 0
1042 0
1078 0
1089 0
1107 0
1192 0
1339 0
1359 0
1366 0
1386 0
1436 0
1505 0
1528 0
1597 0
1642 0
1688 0
1759 0
1867 0
1903 0
1941 0
1982 0
1993 0
2012 0
2044 0
2080 0
2118 0
2126 0
2157 0
2215 0
2235 0
2270 0
2401 0
2491 0
2548 0
2672 0
2726 0
2819 0
2943 0
2987 0
2995 0
3075 0
3090 0
3098 0
3139 0
3172 0
3197 0
3219 0
3244 0
3271 0
3325 0
3365 0
3460 0
3530 0
3585 0
3627 0
3691 0
3714 0
3785 0
3833 0
3843 0
3865 0
3880 0
4027 0
4113 0
4128 0
4146 0
4177 0
4189 0
4202 0
4252 0
4288 0
4302 0
4331 0
4409 0
4439 0
4495 0
4517 0
4566 0
4589 0
4688 0
4714 0
4759 0
4843 0
4848 0
4891 0
