317 0
332 0
352 0
418 0
481 0
494 0
576 0
618 0
687 0
719 0
742 0
795 0
819 0
948 0
963 0
973 0
992 0
1012 0
1070 0
1090 0
1149 0
1197 0
1210 0
1249 0
1277 0
1382 0
1555 0
1580 0
1599 0
1704 0
1726 0
1771 0
1794 0
1826 0
1906 0
1982 0
2017 0
2058 0
2090 0
2105 0
2191 0
2216 0
2236 0
2263 0
2303 0
2341 0
2354 0
2502 0
2520 0
2583 0
2650 0
2702 0
2708 0
2866 0
2880 0
2913 0
2949 0
2985 0
2995 0
3040 0
3122 0
3133 0
3160 0
3209 0
3231 0
3305 0
3388 0
3421 0
3446 0
3487 0
3513 0
3605 0
3653 0
3659 0
3827 0
3943 0
3969 0
4007 0
4025 0
4079 0
4123 0
4163 0
4204 0
4226 0
4235 0
4257 0
4275 0
4396 0
4421 0
4475 0
4500 0
4536 0
4592 0
4656 0
4711 0
4742 0
4807 0
4871 0
4884 0
4902 0
