365 0
389 0
407 0
415 0
453 0
469 0
489 0
511 0
566 0
643 0
657 0
686 0
707 0
715 0
764 0
768 0
818 0
848 0
961 0
1016 0
1044 0
1102 0
1286 0
1364 0
1380 0
1406 0
1417 0
1512 0
1520 0
1590 0
1689 0
1793 0
1848 0
1859 0
1880 0
1925 0
1996 0
2068 0
2097 0
2129 0
2186 0
2208 0
2243 0
2266 0
2280 0
2298 0
2332 0
2347 0
2382 0
2429 0
2504 0
2554 0
2657 0
2704 0
2794 0
2824 0
2864 0
2877 0
2908 0
2931 0
2954 0
2983 0
3021 0
3031 0
3088 0
3126 0
3154 0
3216 0
3290 0
3333 0
3361 0
3373 0
3430 0
3521 0
3626 0
3699 0
3713 0
3799 0
3811 0
3829 0
3843 0
3932 0
4123 0
4180 0
4202 0
4258 0
4382 0
4401 0
4440 0
4462 0
4500 0
4507 0
4531 0
4567 0
4583 0
4646 0
4693 0
4728 0
4757 0
4772 0
4805 0
4821 0
4843 0
4849 0
