373 0
379 0
463 0
477 0
533 0
572 0
627 0
650 0
686 0
706 0
728 0
753 0
811 0
947 0
976 0
987 0
1014 0
1034 0
1045 0
1141 0
1180 0
1229 0
1283 0
1319 0
1391 0
1487 0
1544 0
1559 0
1568 0
1621 0
1637 0
1711 0
1754 0
1789 0
1871 0
1988 0
1996 0
2080 0
2166 0
2189 0
2231 0
2280 0
2407 0
2423 0
2484 0
2506 0
2538 0
2551 0
2573 0
2636 0
2660 0
2679 0
2714 0
2736 0
2801 0
2820 0
2935 0
2988 0
3030 0
3046 0
3137 0
3226 0
3245 0
3337 0
3425 0
3467 0
3514 0
3578 0
3602 0
3647 0
3657 0
3688 0
3727 0
3833 0
3906 0
3937 0
3984 0
4043 0
4075 0
4176 0
4188 0
4201 0
4230 0
4236 0
4276 0
4404 0
4459 0
4500 0
4512 0
4537 0
4560 0
4600 0
4652 0
4685 0
4727 0
4745 0
4836 0
4861 0
