308 0
335 0
347 0
372 0
382 0
404 0
482 0
496 0
554 0
598 0
707 0
907 0
988 0
1055 0
1112 0
1144 0
1244 0
1273 0
1308 0
1406 0
1432 0
1472 0
1524 0
1535 0
1596 0
1635 0
1653 0
1680 0
1685 0
1729 0
1791 0
1854 0
1874 0
1896 0
1933 0
1968 0
2062 0
2078 0
2170 0
2206 0
2243 0
2259 0
2347 0
2376 0
2388 0
2399 0
2424 0
2460 0
2489 0
2729 0
2766 0
2804 0
2818 0
2828 0
2850 0
2859 0
2972 0
2990 0
3025 0
3047 0
3136 0
3158 0
3251 0
3284 0
3321 0
3347 0
3350 0
3431 0
3491 0
3535 0
3539 0
3565 0
3584 0
3628 0
3674 0
3698 0
3755 0
3778 0
3811 0
3924 0
3946 0
3972 0
4075 0
4098 0
4155 0
4226 0
4312 0
4517 0
4620 0
4660 0
4710 0
4730 0
4824 0
4837 0
4850 0
4865 0
4886 0
4912 0
