335 0
411 0
499 0
514 0
549 0
631 0
662 0
791 0
811 0
831 0
853 0
897 0
905 0
950 0
1013 0
1068 0
1076 0
1116 0
1128 0
1184 0
1197 0
1217 0
1249 0
1270 0
1325 0
1407 0
1430 0
1490 0
1525 0
1544 0
1594 0
1844 0
1905 0
1954 0
1984 0
2017 0
2043 0
2090 0
2097 0
2117 0
2135 0
2143 0
2166 0
2221 0
2259 0
2419 0
2433 0
2460 0
2468 0
2530 0
2583 0
2636 0
2690 0
2746 0
2768 0
2787 0
2791 0
2960 0
3005 0
3052 0
3075 0
3082 0
3105 0
3114 0
3134 0
3163 0
3212 0
3239 0
3269 0
3308 0
3367 0
3633 0
3682 0
3691 0
3738 0
3784 0
3819 0
3898 0
3956 0
3976 0
4003 0
4026 0
4038 0
4088 0
4101 0
4138 0
4150 0
4200 0
4272 0
4313 0
4333 0
4357 0
4392 0
4404 0
4430 0
4569 0
4580 0
4673 0
4701 0
4710 0
4798 0
4881 0
