331 0
359 0
400 0
429 0
457 0
482 0
524 0
528 0
695 0
730 0
738 0
803 0
819 0
841 0
861 0
929 0
955 0
975 0
1051 0
1066 0
1114 0
1176 0
1191 0
1282 0
1313 0
1328 0
1409 0
1423 0
1475 0
1527 0
1549 0
1755 0
1793 0
1825 0
1900 0
1911 0
1983 0
2004 0
2047 0
2069 0
2077 0
2157 0
2173 0
2209 0
2246 0
2269 0
2356 0
2368 0
2386 0
2459 0
2503 0
2562 0
2659 0
2704 0
2768 0
2825 0
2843 0
2865 0
2954 0
2970 0
3015 0
3045 0
3061 0
3138 0
3161 0
3177 0
3219 0
3234 0
3307 0
3327 0
3390 0
3431 0
3452 0
3665 0
3701 0
3747 0
3794 0
3822 0
3892 0
3901 0
3933 0
4025 0
4038 0
4098 0
4158 0
4169 0
4240 0
4265 0
4289 0
4360 0
4371 0
4401 0
4408 0
4484 0
4489 0
4536 0
4685 0
4705 0
4738 0
4766 0
4793 0
4816 0
4846 0
4883 0
