318 0
342 0
384 0
430 0
451 0
460 0
518 0
530 0
558 0
605 0
620 0
709 0
721 0
751 0
770 0
820 0
887 0
968 0
987 0
1024 0
1135 0
1148 0
1256 0
1306 0
1412 0
1444 0
1591 0
1605 0
1650 0
1668 0
1725 0
1764 0
1860 0
1941 0
1960 0
2072 0
2080 0
2120 0
2175 0
2189 0
2219 0
2288 0
2366 0
2390 0
2463 0
2498 0
2507 0
2563 0
2579 0
2588 0
2624 0
2640 0
2662 0
2712 0
2734 0
2757 0
2837 0
2841 0
2933 0
2993 0
3032 0
3057 0
3096 0
3140 0
3149 0
3250 0
3271 0
3358 0
3461 0
3486 0
3549 0
3564 0
3608 0
3636 0
3779 0
3801 0
3921 0
3975 0
4077 0
4084 0
4190 0
4231 0
4257 0
4323 0
4394 0
4447 0
4470 0
4493 0
4518 0
4605 0
4609 0
4661 0
4676 0
4699 0
4758 0
4771 0
4779 0
4834 0
4872 0
4908 0
