365 0
426 0
465 0
490 0
513 0
534 0
576 0
608 0
627 0
701 0
740 0
750 0
804 0
830 0
937 0
964 0
979 0
1025 0
1074 0
1116 0
1184 0
1202 0
1214 0
1264 0
1289 0
1376 0
1413 0
1480 0
1593 0
1605 0
1631 0
1674 0
1759 0
1782 0
1879 0
1899 0
1924 0
1971 0
2133 0
2231 0
2266 0
2290 0
2309 0
2362 0
2375 0
2410 0
2496 0
2505 0
2537 0
2551 0
2662 0
2685 0
2718 0
2721 0
2812 0
2845 0
2860 0
2921 0
2933 0
2944 0
2979 0
3088 0
3260 0
3286 0
3325 0
3346 0
3445 0
3460 0
3542 0
3596 0
3606 0
3625 0
3733 0
3802 0
3848 0
3932 0
3957 0
3999 0
4019 0
4045 0
4103 0
4140 0
4196 0
4234 0
4261 0
4277 0
4399 0
4404 0
4469 0
4475 0
4517 0
4595 0
4615 0
4657 0
4683 0
4702 0
4728 0
4754 0
4780 0
4846 0
