356 0
376 0
395 0
426 0
521 0
557 0
650 0
675 0
713 0
756 0
766 0
821 0
885 0
910 0
989 0
1013 0
1042 0
1082 0
1090 0
1209 0
1342 0
1364 0
1386 0
1406 0
1414 0
1483 0
1509 0
1533 0
1553 0
1617 0
1642 0
1661 0
1692 0
1763 0
1818 0
1833 0
1946 0
1996 0
2062 0
2106 0
2109 0
2171 0
2277 0
2348 0
2366 0
2427 0
2435 0
2457 0
2466 0
2514 0
2560 0
2656 0
2710 0
2739 0
2766 0
2780 0
2804 0
2842 0
2870 0
2955 0
3049 0
3095 0
3119 0
3157 0
3228 0
3273 0
3396 0
3401 0
3461 0
3524 0
3568 0
3586 0
3593 0
3663 0
3674 0
3719 0
3732 0
3799 0
3817 0
3837 0
3846 0
3886 0
3996 0
4128 0
4137 0
4174 0
4214 0
4217 0
4306 0
4322 0
4387 0
4452 0
4468 0
4518 0
4546 0
4568 0
4661 0
4699 0
4786 0
4823 0
4833 0
4876 0
