334 0
364 0
380 0
435 0
467 0
498 0
558 0
564 0
651 0
706 0
752 0
767 0
815 0
831 0
968 0
981 0
994 0
1055 0
1098 0
1128 0
1200 0
1255 0
1376 0
1388 0
1395 0
1466 0
1491 0
1541 0
1600 0
1629 0
1703 0
1724 0
1764 0
1792 0
1856 0
1885 0
1899 0
2055 0
2071 0
2094 0
2118 0
2267 0
2286 0
2339 0
2355 0
2386 0
2422 0
2452 0
2468 0
2523 0
2566 0
2666 0
2701 0
2748 0
2764 0
2791 0
2826 0
2858 0
2879 0
2939 0
2949 0
3107 0
3114 0
3156 0
3163 0
3327 0
3340 0
3356 0
3430 0
3461 0
3488 0
3503 0
3591 0
3613 0
3674 0
3735 0
3755 0
3814 0
3826 0
3847 0
3970 0
4016 0
4082 0
4123 0
4161 0
4219 0
4240 0
4256 0
4398 0
4417 0
4444 0
4465 0
4518 0
4562 0
4652 0
4671 0
4721 0
4745 0
4778 0
4842 0
4852 0
4894 0
