362 0
451 0
462 0
534 0
618 0
727 0
769 0
797 0
807 0
834 0
864 0
891 0
956 0
978 0
1048 0
1060 0
1103 0
1144 0
1239 0
1247 0
1261 0
1306 0
1321 0
1362 0
1403 0
1537 0
1642 0
1694 0
1714 0
1821 0
1866 0
1885 0
1890 0
1909 0
1961 0
1984 0
2062 0
2084 0
2104 0
2117 0
2156 0
2187 0
2251 0
2296 0
2343 0
2354 0
2374 0
2381 0
2409 0
2467 0
2536 0
2554 0
2599 0
2629 0
2665 0
2678 0
2745 0
2806 0
2836 0
2854 0
2868 0
2880 0
2917 0
2972 0
3042 0
3068 0
3097 0
3124 0
3134 0
3156 0
3235 0
3255 0
3304 0
3326 0
3348 0
3363 0
3395 0
3504 0
3525 0
3583 0
3683 0
3822 0
3845 0
3898 0
3914 0
3956 0
3967 0
3989 0
4075 0
4118 0
4155 0
4176 0
4236 0
4255 0
4320 0
4353 0
4380 0
4413 0
4433 0
4451 0
4503 0
4593 0
4682 0
4753 0
4772 0
4849 0
