339 0
389 0
439 0
480 0
495 0
518 0
545 0
605 0
652 0
693 0
699 0
732 0
762 0
815 0
1004 0
1035 0
1070 0
1118 0
1174 0
1300 0
1315 0
1367 0
1414 0
1442 0
1482 0
1528 0
1535 0
1672 0
1727 0
1789 0
1803 0
1831 0
1886 0
1890 0
2015 0
2046 0
2103 0
2126 0
2189 0
2200 0
2277 0
2293 0
2303 0
2331 0
2355 0
2385 0
2403 0
2425 0
2477 0
2497 0
2532 0
2688 0
2726 0
2750 0
2791 0
2814 0
2827 0
2864 0
2884 0
2911 0
2937 0
2955 0
3021 0
3037 0
3082 0
3114 0
3178 0
3199 0
3324 0
3334 0
3394 0
3414 0
3432 0
3492 0
3538 0
3687 0
3701 0
3727 0
3789 0
3799 0
3855 0
3899 0
3917 0
4030 0
4109 0
4158 0
4185 0
4204 0
4414 0
4463 0
4475 0
4521 0
4532 0
4563 0
4622 0
4659 0
4708 0
4717 0
4738 0
4788 0
4842 0
4884 0
