320 0
347 0
365 0
386 0
400 0
445 0
509 0
537 0
605 0
632 0
662 0
665 0
695 0
752 0
771 0
906 0
950 0
972 0
1051 0
1083 0
1148 0
1182 0
1218 0
1298 0
1367 0
1395 0
1432 0
1467 0
1512 0
1524 0
1557 0
1595 0
1687 0
1824 0
1879 0
1888 0
1948 0
1988 0
2019 0
2043 0
2072 0
2098 0
2160 0
2189 0
2205 0
2214 0
2283 0
2369 0
2390 0
2418 0
2470 0
2540 0
2671 0
2740 0
2801 0
2828 0
2854 0
2930 0
3005 0
3021 0
3028 0
3053 0
3119 0
3161 0
3165 0
3204 0
3235 0
3273 0
3325 0
3339 0
3386 0
3534 0
3627 0
3667 0
3699 0
3708 0
3745 0
3778 0
3821 0
3849 0
3919 0
4003 0
4045 0
4074 0
4137 0
4173 0
4238 0
4268 0
4311 0
4442 0
4458 0
4530 0
4545 0
4565 0
4584 0
4609 0
4677 0
4719 0
4775 0
4814 0
4839 0
4859 0
4875 0
4902 0
