320 0
349 0
367 0
387 0
407 0
428 0
447 0
463 0
546 0
598 0
631 0
686 0
821 0
909 0
929 0
976 0
1018 0
1033 0
1092 0
1180 0
1203 0
1351 0
1376 0
1414 0
1489 0
1511 0
1516 0
1538 0
1556 0
1728 0
1772 0
1867 0
1948 0
1957 0
1990 0
2015 0
2046 0
2123 0
2163 0
2209 0
2290 0
2355 0
2381 0
2404 0
2442 0
2480 0
2530 0
2571 0
2600 0
2626 0
2642 0
2688 0
2751 0
2784 0
2820 0
2834 0
2866 0
2929 0
3015 0
3047 0
3095 0
3165 0
3197 0
3228 0
3260 0
3276 0
3355 0
3450 0
3489 0
3667 0
3683 0
3704 0
3713 0
3729 0
3802 0
3858 0
3864 0
4026 0
4036 0
4128 0
4191 0
4210 0
4235 0
4287 0
4306 0
4389 0
4535 0
4581 0
4617 0
4659 0
4747 0
4773 0
4784 0
4820 0
4836 0
4861 0
4868 0
4908 0
