358 0
461 0
486 0
523 0
559 0
611 0
640 0
656 0
681 0
718 0
745 0
770 0
791 0
818 0
890 0
914 0
962 0
977 0
988 0
1036 0
1058 0
1119 0
1195 0
1226 0
1264 0
1307 0
1320 0
1338 0
1351 0
1410 0
1565 0
1654 0
1691 0
1759 0
1778 0
1790 0
1953 0
1992 0
2010 0
2077 0
2123 0
2153 0
2172 0
2188 0
2375 0
2391 0
2405 0
2445 0
2489 0
2518 0
2551 0
2599 0
2623 0
2653 0
2698 0
2727 0
2785 0
2813 0
2837 0
2845 0
3034 0
3052 0
3070 0
3105 0
3131 0
3210 0
3216 0
3265 0
3430 0
3443 0
3459 0
3529 0
3555 0
3644 0
3824 0
3864 0
3884 0
3894 0
3917 0
3953 0
3981 0
4024 0
4101 0
4151 0
4194 0
4221 0
4235 0
4266 0
4315 0
4319 0
4392 0
4434 0
4439 0
4478 0
4496 0
4523 0
4565 0
4577 0
4620 0
4665 0
4695 0
4741 0
4747 0
4856 0
