336 0
378 0
402 0
478 0
508 0
575 0
601 0
627 0
671 0
759 0
789 0
821 0
903 0
936 0
985 0
1001 0
1032 0
1094 0
1130 0
1204 0
1217 0
1227 0
1287 0
1388 0
1475 0
1504 0
1593 0
1601 0
1665 0
1684 0
1769 0
1833 0
1869 0
1881 0
1926 0
1958 0
2002 0
2056 0
2089 0
2152 0
2172 0
2199 0
2253 0
2289 0
2300 0
2382 0
2398 0
2418 0
2497 0
2526 0
2566 0
2592 0
2632 0
2657 0
2699 0
2728 0
2789 0
2816 0
2838 0
2919 0
2940 0
2971 0
3023 0
3050 0
3063 0
3139 0
3164 0
3224 0
3253 0
3291 0
3336 0
3365 0
3391 0
3443 0
3528 0
3565 0
3620 0
3626 0
3710 0
3750 0
3830 0
3931 0
3993 0
4005 0
4013 0
4084 0
4126 0
4192 0
4223 0
4239 0
4272 0
4303 0
4388 0
4427 0
4458 0
4544 0
4596 0
4620 0
4642 0
4724 0
4728 0
4825 0
4831 0
4883 0
