363 0
396 0
427 0
452 0
509 0
521 0
609 0
617 0
645 0
648 0
666 0
693 0
724 0
774 0
807 0
840 0
856 0
916 0
1002 0
1017 0
1025 0
1062 0
1142 0
1203 0
1235 0
1249 0
1279 0
1444 0
1586 0
1622 0
1659 0
1692 0
1708 0
1759 0
1788 0
1833 0
1886 0
1910 0
1991 0
2079 0
2098 0
2152 0
2172 0
2188 0
2201 0
2230 0
2267 0
2310 0
2335 0
2357 0
2401 0
2517 0
2572 0
2636 0
2696 0
2818 0
2860 0
2882 0
2920 0
2945 0
2990 0
3023 0
3027 0
3051 0
3076 0
3118 0
3133 0
3215 0
3303 0
3346 0
3395 0
3418 0
3459 0
3512 0
3534 0
3564 0
3600 0
3622 0
3776 0
3937 0
3966 0
3979 0
4027 0
4066 0
4155 0
4197 0
4215 0
4217 0
4313 0
4367 0
4385 0
4415 0
4451 0
4494 0
4529 0
4543 0
4566 0
4581 0
4603 0
4612 0
4705 0
4718 0
4764 0
4792 0
4814 0
4861 0
