441 0
502 0
531 0
546 0
564 0
657 0
676 0
760 0
796 0
840 0
855 0
906 0
948 0
984 0
992 0
1038 0
1064 0
1104 0
1134 0
1189 0
1193 0
1214 0
1245 0
1277 0
1306 0
1317 0
1332 0
1405 0
1441 0
1509 0
1572 0
1582 0
1769 0
1797 0
1804 0
1867 0
1896 0
1962 0
2047 0
2110 0
2155 0
2225 0
2243 0
2247 0
2289 0
2343 0
2350 0
2383 0
2424 0
2453 0
2565 0
2663 0
2769 0
2801 0
2824 0
2864 0
2877 0
2939 0
2966 0
2987 0
2994 0
3063 0
3095 0
3172 0
3261 0
3321 0
3354 0
3409 0
3424 0
3447 0
3627 0
3646 0
3718 0
3777 0
3816 0
3885 0
3905 0
3911 0
3929 0
3965 0
4011 0
4017 0
4035 0
4087 0
4124 0
4161 0
4168 0
4230 0
4249 0
4271 0
4302 0
4354 0
4381 0
4425 0
4470 0
4545 0
4564 0
4647 0
4674 0
4680 0
4717 0
4787 0
