346 0
373 0
399 0
456 0
542 0
563 0
639 0
708 0
717 0
780 0
966 0
979 0
990 0
1044 0
1057 0
1072 0
1145 0
1215 0
1238 0
1248 0
1259 0
1290 0
1305 0
1332 0
1347 0
1362 0
1439 0
1487 0
1510 0
1554 0
1591 0
1618 0
1665 0
1677 0
1705 0
1762 0
1794 0
1875 0
1929 0
2103 0
2150 0
2183 0
2258 0
2270 0
2296 0
2352 0
2368 0
2387 0
2413 0
2563 0
2592 0
2626 0
2653 0
2820 0
2835 0
2850 0
2859 0
2910 0
2952 0
2971 0
3027 0
3072 0
3113 0
3285 0
3343 0
3431 0
3460 0
3507 0
3540 0
3566 0
3593 0
3629 0
3664 0
3707 0
3739 0
3784 0
3853 0
3874 0
3888 0
3914 0
3940 0
3960 0
3967 0
3981 0
4003 0
4075 0
4141 0
4164 0
4168 0
4225 0
4235 0
4257 0
4450 0
4489 0
4513 0
4583 0
4647 0
4691 0
4764 0
4822 0
4850 0
4874 0
