348 0
359 0
426 0
465 0
485 0
503 0
521 0
540 0
576 0
624 0
724 0
739 0
800 0
823 0
842 0
910 0
983 0
988 0
1027 0
1091 0
1147 0
1180 0
1237 0
1284 0
1331 0
1361 0
1413 0
1468 0
1657 0
1679 0
1771 0
1795 0
1877 0
1935 0
1949 0
1980 0
1995 0
2018 0
2076 0
2109 0
2185 0
2203 0
2222 0
2337 0
2359 0
2378 0
2418 0
2505 0
2523 0
2552 0
2600 0
2634 0
2658 0
2689 0
2704 0
2793 0
2849 0
2870 0
2880 0
3008 0
3016 0
3040 0
3098 0
3129 0
3209 0
3215 0
3235 0
3276 0
3291 0
3346 0
3426 0
3445 0
3550 0
3564 0
3744 0
3796 0
3848 0
3890 0
3931 0
3985 0
4038 0
4065 0
4124 0
4191 0
4232 0
4248 0
4309 0
4376 0
4400 0
4411 0
4486 0
4489 0
4600 0
4652 0
4676 0
4707 0
4719 0
4731 0
4756 0
4780 0
4847 0
4866 0
