309 0
364 0
379 0
436 0
559 0
655 0
669 0
745 0
764 0
810 0
838 0
851 0
907 0
931 0
984 0
993 0
1019 0
1056 0
1130 0
1149 0
1175 0
1195 0
1232 0
1288 0
1304 0
1341 0
1420 0
1466 0
1515 0
1559 0
1570 0
1647 0
1660 0
1674 0
1714 0
1880 0
1893 0
2005 0
2107 0
2157 0
2195 0
2228 0
2270 0
2330 0
2357 0
2377 0
2395 0
2422 0
2433 0
2478 0
2587 0
2626 0
2741 0
2776 0
2791 0
2829 0
2855 0
2858 0
2885 0
2948 0
2985 0
3012 0
3071 0
3124 0
3227 0
3328 0
3336 0
3506 0
3548 0
3555 0
3579 0
3646 0
3668 0
3704 0
3754 0
3801 0
3884 0
3913 0
3936 0
3979 0
4023 0
4044 0
4076 0
4089 0
4153 0
4201 0
4230 0
4234 0
4292 0
4311 0
4358 0
4377 0
4406 0
4464 0
4472 0
4555 0
4565 0
4665 0
4782 0
4836 0
4859 0
4912 0
