322 0
348 0
361 0
434 0
498 0
631 0
677 0
685 0
701 0
734 0
808 0
851 0
893 0
915 0
1030 0
1044 0
1121 0
1134 0
1222 0
1227 0
1283 0
1308 0
1313 0
1344 0
1374 0
1439 0
1474 0
1483 0
1556 0
1626 0
1639 0
1652 0
1685 0
1777 0
1850 0
1863 0
1882 0
1910 0
1937 0
1960 0
1975 0
2002 0
2060 0
2106 0
2119 0
2198 0
2265 0
2287 0
2301 0
2417 0
2520 0
2599 0
2623 0
2687 0
2801 0
2915 0
2936 0
2947 0
3022 0
3095 0
3127 0
3150 0
3215 0
3231 0
3261 0
3287 0
3303 0
3344 0
3365 0
3376 0
3442 0
3526 0
3561 0
3574 0
3599 0
3664 0
3737 0
3750 0
3781 0
3854 0
3872 0
3894 0
3924 0
3931 0
3993 0
4005 0
4096 0
4101 0
4172 0
4190 0
4302 0
4330 0
4358 0
4416 0
4474 0
4506 0
4534 0
4549 0
4578 0
4714 0
4784 0
4858 0
4873 0
4904 0
