345 0
393 0
429 0
467 0
485 0
614 0
645 0
719 0
752 0
829 0
890 0
929 0
945 0
1056 0
1084 0
1095 0
1138 0
1181 0
1211 0
1273 0
1327 0
1367 0
1430 0
1487 0
1519 0
1592 0
1635 0
1654 0
1709 0
1733 0
1824 0
1849 0
1879 0
1936 0
1940 0
1966 0
1976 0
1995 0
2055 0
2154 0
2169 0
2236 0
2252 0
2263 0
2285 0
2393 0
2421 0
2451 0
2509 0
2598 0
2627 0
2719 0
2767 0
2799 0
2832 0
2939 0
2951 0
2961 0
2986 0
3057 0
3062 0
3171 0
3220 0
3243 0
3255 0
3276 0
3290 0
3342 0
3370 0
3389 0
3489 0
3508 0
3561 0
3580 0
3637 0
3694 0
3736 0
3787 0
3852 0
3881 0
3951 0
3998 0
4037 0
4090 0
4123 0
4134 0
4160 0
4271 0
4290 0
4331 0
4401 0
4460 0
4496 0
4583 0
4602 0
4734 0
4745 0
4783 0
4823 0
4871 0
