326 0
424 0
431 0
455 0
494 0
514 0
539 0
764 0
780 0
802 0
826 0
846 0
859 0
900 0
928 0
1010 0
1023 0
1048 0
1140 0
1199 0
1211 0
1246 0
1321 0
1442 0
1469 0
1481 0
1538 0
1578 0
1628 0
1638 0
1704 0
1732 0
1808 0
1858 0
1889 0
1907 0
1933 0
1966 0
1986 0
2048 0
2088 0
2174 0
2219 0
2290 0
2301 0
2384 0
2400 0
2420 0
2433 0
2510 0
2719 0
2777 0
2792 0
2807 0
2837 0
2919 0
2930 0
3001 0
3051 0
3132 0
3178 0
3231 0
3261 0
3283 0
3301 0
3323 0
3354 0
3410 0
3500 0
3518 0
3581 0
3599 0
3648 0
3675 0
3730 0
3742 0
3788 0
3895 0
3970 0
4006 0
4027 0
4074 0
4171 0
4194 0
4213 0
4300 0
4321 0
4355 0
4381 0
4388 0
4410 0
4445 0
4463 0
4690 0
4708 0
4723 0
4764 0
4788 0
4802 0
4885 0
