362 0
381 0
400 0
423 0
467 0
479 0
523 0
611 0
625 0
643 0
684 0
737 0
783 0
808 0
843 0
958 0
997 0
1033 0
1086 0
1127 0
1227 0
1328 0
1409 0
1427 0
1442 0
1495 0
1525 0
1533 0
1552 0
1570 0
1640 0
1651 0
1677 0
1687 0
1773 0
1793 0
1835 0
1847 0
1874 0
1986 0
2058 0
2149 0
2206 0
2230 0
2273 0
2284 0
2331 0
2352 0
2411 0
2527 0
2553 0
2657 0
2699 0
2809 0
2867 0
2882 0
2927 0
2954 0
2986 0
3013 0
3065 0
3146 0
3234 0
3341 0
3372 0
3391 0
3433 0
3446 0
3530 0
3546 0
3562 0
3572 0
3653 0
3667 0
3685 0
3694 0
3727 0
3775 0
3803 0
3814 0
3885 0
3988 0
4090 0
4139 0
4188 0
4223 0
4262 0
4373 0
4417 0
4422 0
4476 0
4523 0
4586 0
4605 0
4623 0
4700 0
4740 0
4746 0
4804 0
4822 0
4844 0
4846 0
