311 0
341 0
360 0
406 0
429 0
631 0
676 0
709 0
734 0
764 0
792 0
951 0
959 0
970 0
1009 0
1035 0
1041 0
1063 0
1076 0
1130 0
1188 0
1280 0
1327 0
1355 0
1422 0
1432 0
1485 0
1506 0
1545 0
1603 0
1646 0
1658 0
1667 0
1725 0
1765 0
1776 0
1815 0
1894 0
1916 0
1922 0
2047 0
2066 0
2085 0
2139 0
2171 0
2186 0
2439 0
2495 0
2581 0
2595 0
2630 0
2651 0
2734 0
2779 0
3033 0
3056 0
3082 0
3139 0
3154 0
3178 0
3284 0
3304 0
3330 0
3408 0
3446 0
3464 0
3489 0
3542 0
3555 0
3579 0
3617 0
3686 0
3711 0
3724 0
3790 0
3804 0
3863 0
3891 0
3937 0
4038 0
4095 0
4132 0
4160 0
4181 0
4191 0
4203 0
4235 0
4263 0
4273 0
4431 0
4467 0
4476 0
4519 0
4555 0
4575 0
4785 0
4814 0
4860 0
4878 0
4897 0
