344 0
388 0
420 0
457 0
460 0
538 0
547 0
637 0
676 0
681 0
775 0
787 0
806 0
893 0
915 0
979 0
1008 0
1036 0
1043 0
1061 0
1185 0
1195 0
1214 0
1273 0
1286 0
1313 0
1369 0
1438 0
1505 0
1521 0
1612 0
1661 0
1669 0
1690 0
1721 0
1774 0
1790 0
1855 0
1882 0
1913 0
2059 0
2187 0
2200 0
2242 0
2245 0
2361 0
2470 0
2500 0
2519 0
2558 0
2577 0
2586 0
2634 0
2639 0
2655 0
2695 0
2705 0
2744 0
2862 0
2960 0
2985 0
3017 0
3032 0
3157 0
3303 0
3341 0
3351 0
3420 0
3448 0
3498 0
3533 0
3542 0
3568 0
3605 0
3698 0
3708 0
3782 0
3847 0
3903 0
3931 0
3947 0
4009 0
4013 0
4044 0
4157 0
4180 0
4193 0
4212 0
4241 0
4308 0
4324 0
4419 0
4424 0
4440 0
4534 0
4549 0
4582 0
4665 0
4681 0
4756 0
4774 0
4805 0
4844 0
4866 0
