348 0
361 0
387 0
435 0
473 0
532 0
652 0
711 0
715 0
739 0
810 0
938 0
991 0
1053 0
1064 0
1075 0
1111 0
1151 0
1269 0
1304 0
1314 0
1333 0
1345 0
1407 0
1415 0
1443 0
1596 0
1669 0
1699 0
1727 0
1784 0
1810 0
1829 0
1845 0
1891 0
1934 0
1953 0
2000 0
2145 0
2164 0
2195 0
2286 0
2304 0
2356 0
2368 0
2415 0
2490 0
2502 0
2530 0
2537 0
2573 0
2650 0
2674 0
2700 0
2706 0
2729 0
2796 0
2851 0
2866 0
2918 0
2932 0
3016 0
3058 0
3069 0
3216 0
3279 0
3293 0
3326 0
3382 0
3390 0
3409 0
3448 0
3489 0
3535 0
3546 0
3634 0
3786 0
3797 0
3812 0
3869 0
3877 0
3896 0
3919 0
3949 0
4071 0
4110 0
4147 0
4154 0
4180 0
4220 0
4277 0
4412 0
4485 0
4495 0
4517 0
4572 0
4676 0
4755 0
4793 0
4836 0
4850 0
4866 0
