368 0
399 0
441 0
455 0
468 0
565 0
660 0
687 0
700 0
718 0
763 0
807 0
826 0
839 0
893 0
920 0
1000 0
1047 0
1058 0
1134 0
1185 0
1194 0
1256 0
1285 0
1294 0
1361 0
1407 0
1433 0
1464 0
1518 0
1591 0
1631 0
1664 0
1669 0
1708 0
1731 0
1840 0
1892 0
1947 0
1966 0
1979 0
1990 0
2041 0
2064 0
2111 0
2343 0
2379 0
2493 0
2500 0
2546 0
2565 0
2660 0
2682 0
2718 0
2736 0
2853 0
2880 0
3108 0
3161 0
3170 0
3225 0
3240 0
3253 0
3266 0
3320 0
3369 0
3489 0
3504 0
3543 0
3562 0
3600 0
3636 0
3701 0
3746 0
3781 0
3811 0
3854 0
3924 0
3933 0
3971 0
4025 0
4044 0
4093 0
4159 0
4170 0
4220 0
4292 0
4320 0
4374 0
4397 0
4404 0
4463 0
4496 0
4518 0
4538 0
4563 0
4651 0
4745 0
4766 0
4789 0
4826 0
4854 0
