385 0
418 0
426 0
448 0
490 0
496 0
526 0
539 0
557 0
631 0
658 0
739 0
766 0
929 0
1033 0
1115 0
1142 0
1178 0
1193 0
1256 0
1336 0
1350 0
1362 0
1405 0
1511 0
1529 0
1576 0
1612 0
1622 0
1696 0
1769 0
1824 0
1861 0
1950 0
1988 0
2066 0
2098 0
2114 0
2135 0
2156 0
2180 0
2194 0
2276 0
2290 0
2333 0
2429 0
2476 0
2487 0
2542 0
2594 0
2631 0
2673 0
2726 0
2739 0
2797 0
2887 0
2938 0
2950 0
3012 0
3036 0
3066 0
3081 0
3109 0
3112 0
3161 0
3236 0
3268 0
3361 0
3397 0
3445 0
3531 0
3592 0
3613 0
3641 0
3697 0
3708 0
3821 0
3844 0
3875 0
3887 0
3966 0
4026 0
4036 0
4079 0
4111 0
4194 0
4289 0
4442 0
4475 0
4567 0
4581 0
4663 0
4679 0
4700 0
4718 0
4740 0
4763 0
4784 0
4810 0
4839 0
