390 0
402 0
410 0
445 0
490 0
517 0
633 0
688 0
706 0
747 0
772 0
792 0
801 0
822 0
949 0
979 0
990 0
1043 0
1086 0
1108 0
1205 0
1223 0
1236 0
1288 0
1295 0
1328 0
1385 0
1404 0
1485 0
1508 0
1592 0
1656 0
1702 0
1727 0
1826 0
1878 0
2010 0
2070 0
2139 0
2208 0
2229 0
2253 0
2283 0
2303 0
2339 0
2353 0
2372 0
2415 0
2447 0
2461 0
2477 0
2547 0
2595 0
2626 0
2685 0
2746 0
2767 0
2781 0
2800 0
2841 0
2859 0
2879 0
2922 0
2938 0
2967 0
2977 0
3012 0
3081 0
3157 0
3200 0
3347 0
3384 0
3496 0
3504 0
3557 0
3626 0
3714 0
3724 0
3822 0
3836 0
3884 0
3916 0
3939 0
3979 0
3999 0
4021 0
4112 0
4141 0
4172 0
4230 0
4249 0
4273 0
4394 0
4409 0
4431 0
4453 0
4475 0
4512 0
4537 0
4587 0
4699 0
4729 0
4765 0
4805 0
4812 0
4841 0
