333 0
359 0
438 0
545 0
570 0
713 0
770 0
790 0
818 0
840 0
864 0
902 0
929 0
1010 0
1029 0
1100 0
1132 0
1155 0
1223 0
1236 0
1303 0
1350 0
1402 0
1415 0
1470 0
1559 0
1573 0
1602 0
1663 0
1682 0
1720 0
1767 0
1777 0
1825 0
1867 0
1945 0
2016 0
2088 0
2106 0
2161 0
2205 0
2289 0
2351 0
2375 0
2422 0
2438 0
2481 0
2483 0
2508 0
2527 0
2556 0
2653 0
2690 0
2713 0
2733 0
2745 0
2780 0
2800 0
2844 0
2872 0
2940 0
3010 0
3048 0
3120 0
3132 0
3209 0
3273 0
3357 0
3384 0
3437 0
3453 0
3495 0
3544 0
3565 0
3619 0
3645 0
3671 0
3751 0
3794 0
3810 0
3868 0
3917 0
3993 0
4008 0
4069 0
4088 0
4130 0
4194 0
4201 0
4298 0
4310 0
4353 0
4384 0
4396 0
4428 0
4450 0
4521 0
4652 0
4662 0
4790 0
4848 0
4887 0
