315 0
331 0
342 0
424 0
454 0
541 0
547 0
608 0
667 0
691 0
780 0
805 0
907 0
988 0
1006 0
1034 0
1042 0
1204 0
1240 0
1267 0
1313 0
1407 0
1423 0
1443 0
1464 0
1508 0
1554 0
1595 0
1633 0
1682 0
1708 0
1728 0
1810 0
1824 0
1880 0
1932 0
1941 0
1964 0
2012 0
2100 0
2127 0
2174 0
2184 0
2233 0
2254 0
2266 0
2292 0
2359 0
2364 0
2443 0
2486 0
2513 0
2708 0
2726 0
2786 0
2842 0
2860 0
2939 0
2949 0
2962 0
2985 0
3039 0
3044 0
3082 0
3113 0
3202 0
3250 0
3272 0
3282 0
3343 0
3397 0
3415 0
3492 0
3504 0
3550 0
3573 0
3637 0
3661 0
3714 0
3741 0
3789 0
3803 0
3824 0
3897 0
3947 0
3989 0
4021 0
4168 0
4184 0
4208 0
4224 0
4307 0
4405 0
4449 0
4538 0
4549 0
4611 0
4661 0
4680 0
4769 0
4806 0
4877 0
4881 0
4904 0
