351 0
372 0
382 0
403 0
452 0
498 0
553 0
600 0
628 0
683 0
773 0
786 0
812 0
826 0
894 0
905 0
1019 0
1033 0
1090 0
1128 0
1265 0
1349 0
1371 0
1393 0
1399 0
1423 0
1436 0
1481 0
1557 0
1587 0
1607 0
1629 0
1795 0
1877 0
1912 0
1925 0
1969 0
1990 0
2043 0
2113 0
2134 0
2155 0
2160 0
2205 0
2265 0
2337 0
2495 0
2523 0
2544 0
2566 0
2593 0
2619 0
2661 0
2683 0
2699 0
2736 0
2875 0
2949 0
3014 0
3047 0
3071 0
3078 0
3110 0
3172 0
3226 0
3257 0
3285 0
3305 0
3344 0
3428 0
3598 0
3619 0
3628 0
3664 0
3737 0
3776 0
3801 0
3823 0
3829 0
3858 0
3872 0
3956 0
4085 0
4125 0
4191 0
4200 0
4303 0
4334 0
4399 0
4412 0
4435 0
4448 0
4529 0
4593 0
4621 0
4666 0
4710 0
4772 0
4827 0
4837 0
4850 0
4875 0
