320 0
363 0
401 0
458 0
480 0
505 0
570 0
599 0
620 0
696 0
700 0
727 0
788 0
801 0
834 0
944 0
958 0
1044 0
1079 0
1102 0
1126 0
1144 0
1183 0
1212 0
1393 0
1481 0
1562 0
1574 0
1604 0
1618 0
1648 0
1670 0
1690 0
1764 0
1782 0
1823 0
1859 0
1964 0
2086 0
2119 0
2149 0
2167 0
2223 0
2232 0
2297 0
2352 0
2416 0
2497 0
2520 0
2546 0
2577 0
2585 0
2626 0
2640 0
2673 0
2689 0
2734 0
2794 0
2863 0
2918 0
2987 0
2997 0
3050 0
3073 0
3108 0
3131 0
3254 0
3358 0
3394 0
3447 0
3455 0
3529 0
3549 0
3577 0
3603 0
3613 0
3639 0
3663 0
3734 0
3830 0
4004 0
4044 0
4065 0
4089 0
4128 0
4138 0
4177 0
4266 0
4278 0
4380 0
4411 0
4436 0
4503 0
4511 0
4536 0
4592 0
4620 0
4647 0
4719 0
4737 0
4775 0
4820 0
4852 0
4912 0
