355 0
378 0
495 0
513 0
553 0
602 0
621 0
685 0
722 0
764 0
809 0
886 0
905 0
945 0
972 0
1009 0
1029 0
1065 0
1146 0
1187 0
1229 0
1248 0
1290 0
1329 0
1385 0
1410 0
1417 0
1484 0
1522 0
1542 0
1682 0
1715 0
1720 0
1778 0
1797 0
1804 0
1822 0
1840 0
1884 0
1898 0
1937 0
1960 0
2041 0
2063 0
2153 0
2174 0
2246 0
2275 0
2388 0
2457 0
2480 0
2501 0
2528 0
2544 0
2683 0
2691 0
2710 0
2747 0
2760 0
2837 0
2942 0
2965 0
3046 0
3065 0
3156 0
3166 0
3258 0
3289 0
3316 0
3348 0
3381 0
3392 0
3412 0
3422 0
3441 0
3490 0
3517 0
3552 0
3679 0
3690 0
3731 0
3792 0
3810 0
3831 0
3886 0
3942 0
3964 0
3982 0
4034 0
4072 0
4149 0
4185 0
4203 0
4240 0
4273 0
4303 0
4326 0
4406 0
4463 0
4498 0
4534 0
4591 0
4622 0
4669 0
4707 0
4711 0
4834 0
4865 0
