390 0
410 0
524 0
549 0
572 0
604 0
673 0
681 0
753 0
802 0
823 0
922 0
1008 0
1027 0
1097 0
1117 0
1304 0
1312 0
1334 0
1347 0
1515 0
1539 0
1551 0
1655 0
1667 0
1713 0
1731 0
1757 0
1838 0
1886 0
1895 0
1942 0
1996 0
2021 0
2106 0
2113 0
2135 0
2192 0
2206 0
2263 0
2304 0
2376 0
2389 0
2398 0
2422 0
2445 0
2497 0
2502 0
2545 0
2554 0
2573 0
2641 0
2654 0
2672 0
2712 0
2727 0
2783 0
2796 0
2819 0
2838 0
2852 0
2920 0
2950 0
3010 0
3029 0
3079 0
3099 0
3126 0
3197 0
3229 0
3272 0
3328 0
3338 0
3375 0
3461 0
3490 0
3506 0
3550 0
3559 0
3671 0
3682 0
3700 0
3872 0
3881 0
3902 0
3921 0
4109 0
4121 0
4197 0
4208 0
4285 0
4400 0
4408 0
4464 0
4535 0
4555 0
4619 0
4644 0
4667 0
4693 0
4796 0
4836 0
