310 0
382 0
422 0
430 0
506 0
621 0
639 0
737 0
764 0
770 0
830 0
913 0
978 0
1001 0
1068 0
1081 0
1091 0
1239 0
1251 0
1352 0
1364 0
1382 0
1395 0
1436 0
1573 0
1652 0
1678 0
1710 0
1731 0
1781 0
1800 0
1812 0
1891 0
1980 0
2022 0
2062 0
2086 0
2097 0
2122 0
2140 0
2149 0
2246 0
2291 0
2354 0
2398 0
2459 0
2477 0
2484 0
2590 0
2631 0
2726 0
2751 0
2755 0
2821 0
2864 0
2927 0
2963 0
3074 0
3089 0
3100 0
3122 0
3141 0
3152 0
3207 0
3236 0
3323 0
3415 0
3419 0
3446 0
3492 0
3512 0
3538 0
3564 0
3653 0
3786 0
3821 0
3841 0
3847 0
3873 0
3976 0
3988 0
4122 0
4138 0
4149 0
4226 0
4249 0
4312 0
4390 0
4440 0
4465 0
4477 0
4578 0
4592 0
4722 0
4784 0
4795 0
4839 0
4899 0
