348 0
458 0
461 0
489 0
575 0
600 0
625 0
655 0
670 0
695 0
717 0
788 0
832 0
835 0
916 0
942 0
960 0
1051 0
1081 0
1126 0
1152 0
1234 0
1294 0
1341 0
1344 0
1363 0
1509 0
1539 0
1551 0
1580 0
1622 0
1671 0
1701 0
1773 0
1822 0
1910 0
1942 0
1963 0
2013 0
2064 0
2078 0
2102 0
2110 0
2130 0
2190 0
2213 0
2305 0
2360 0
2476 0
2494 0
2573 0
2639 0
2726 0
2747 0
2863 0
2914 0
3000 0
3038 0
3079 0
3110 0
3117 0
3132 0
3156 0
3204 0
3253 0
3280 0
3303 0
3394 0
3449 0
3514 0
3541 0
3590 0
3647 0
3662 0
3680 0
3716 0
3854 0
3862 0
3886 0
3915 0
3991 0
4078 0
4090 0
4137 0
4167 0
4262 0
4274 0
4306 0
4380 0
4393 0
4425 0
4496 0
4537 0
4548 0
4568 0
4606 0
4610 0
4644 0
4737 0
4752 0
4767 0
4863 0
