314 0
339 0
437 0
489 0
551 0
602 0
638 0
647 0
684 0
736 0
785 0
862 0
899 0
941 0
989 0
1017 0
1044 0
1217 0
1238 0
1280 0
1299 0
1332 0
1372 0
1386 0
1410 0
1419 0
1497 0
1524 0
1571 0
1644 0
1657 0
1670 0
1686 0
1756 0
1834 0
1871 0
1893 0
1906 0
1924 0
1952 0
1967 0
1981 0
2082 0
2101 0
2122 0
2154 0
2301 0
2377 0
2416 0
2451 0
2469 0
2551 0
2577 0
2642 0
2658 0
2753 0
2766 0
2799 0
2853 0
2917 0
3068 0
3109 0
3122 0
3141 0
3243 0
3259 0
3267 0
3296 0
3302 0
3321 0
3348 0
3392 0
3456 0
3523 0
3551 0
3566 0
3577 0
3641 0
3690 0
3718 0
3803 0
3810 0
3832 0
3846 0
3890 0
3913 0
3936 0
3984 0
4005 0
4178 0
4210 0
4217 0
4272 0
4327 0
4358 0
4421 0
4481 0
4529 0
4569 0
4575 0
4618 0
4668 0
4742 0
4791 0
4882 0
4897 0
