324 0
413 0
451 0
523 0
531 0
572 0
636 0
656 0
691 0
744 0
788 0
824 0
842 0
937 0
975 0
989 0
1044 0
1079 0
1100 0
1222 0
1228 0
1305 0
1321 0
1331 0
1359 0
1434 0
1467 0
1526 0
1572 0
1664 0
1816 0
1826 0
1906 0
1948 0
2059 0
2106 0
2128 0
2156 0
2175 0
2205 0
2254 0
2302 0
2358 0
2369 0
2387 0
2399 0
2473 0
2485 0
2503 0
2719 0
2721 0
2748 0
2817 0
2824 0
2842 0
2869 0
2909 0
2959 0
3013 0
3046 0
3066 0
3086 0
3119 0
3155 0
3273 0
3310 0
3399 0
3401 0
3561 0
3639 0
3704 0
3756 0
3781 0
3864 0
3885 0
3905 0
3926 0
3982 0
4008 0
4117 0
4144 0
4167 0
4220 0
4240 0
4281 0
4380 0
4387 0
4435 0
4481 0
4534 0
4563 0
4575 0
4645 0
4691 0
4704 0
4761 0
4804 0
4885 0
