344 0
423 0
451 0
466 0
499 0
547 0
571 0
666 0
718 0
756 0
808 0
910 0
958 0
971 0
997 0
1057 0
1093 0
1121 0
1130 0
1154 0
1188 0
1203 0
1263 0
1342 0
1371 0
1434 0
1527 0
1543 0
1551 0
1584 0
1603 0
1616 0
1689 0
1755 0
1784 0
1794 0
1829 0
1970 0
2001 0
2013 0
2051 0
2132 0
2151 0
2218 0
2230 0
2260 0
2265 0
2331 0
2366 0
2492 0
2520 0
2693 0
2730 0
2848 0
2885 0
2957 0
2971 0
2980 0
3007 0
3062 0
3086 0
3170 0
3206 0
3227 0
3262 0
3384 0
3424 0
3447 0
3455 0
3526 0
3593 0
3617 0
3631 0
3669 0
3688 0
3700 0
3777 0
3854 0
3880 0
3959 0
4013 0
4034 0
4076 0
4081 0
4107 0
4119 0
4164 0
4225 0
4239 0
4252 0
4316 0
4407 0
4467 0
4491 0
4553 0
4647 0
4670 0
4710 0
4748 0
4762 0
4807 0
4872 0
