317 0
332 0
414 0
455 0
463 0
488 0
526 0
530 0
676 0
690 0
711 0
718 0
822 0
934 0
972 0
1004 0
1062 0
1103 0
1129 0
1204 0
1226 0
1280 0
1375 0
1517 0
1535 0
1548 0
1573 0
1594 0
1606 0
1697 0
1767 0
1779 0
1844 0
1860 0
2009 0
2048 0
2072 0
2200 0
2253 0
2279 0
2331 0
2377 0
2420 0
2477 0
2515 0
2526 0
2580 0
2588 0
2631 0
2636 0
2690 0
2719 0
2745 0
2795 0
2854 0
2875 0
2930 0
2970 0
3019 0
3150 0
3163 0
3206 0
3354 0
3370 0
3446 0
3465 0
3527 0
3609 0
3627 0
3648 0
3666 0
3686 0
3693 0
3851 0
3942 0
3979 0
4020 0
4082 0
4130 0
4162 0
4208 0
4238 0
4297 0
4395 0
4495 0
4508 0
4523 0
4543 0
4681 0
4707 0
4731 0
4755 0
4776 0
4808 0
4882 0
4903 0
