324 0
362 0
402 0
448 0
507 0
563 0
655 0
664 0
730 0
812 0
847 0
941 0
974 0
1000 0
1015 0
1041 0
1115 0
1267 0
1282 0
1295 0
1338 0
1359 0
1365 0
1400 0
1422 0
1429 0
1511 0
1523 0
1539 0
1565 0
1631 0
1661 0
1691 0
1706 0
1760 0
1839 0
1869 0
1891 0
1979 0
2020 0
2090 0
2123 0
2139 0
2166 0
2216 0
2230 0
2266 0
2280 0
2341 0
2444 0
2472 0
2492 0
2559 0
2599 0
2634 0
2653 0
2728 0
2751 0
2784 0
2884 0
2929 0
2950 0
2986 0
3008 0
3046 0
3087 0
3095 0
3130 0
3204 0
3237 0
3320 0
3363 0
3370 0
3464 0
3512 0
3533 0
3556 0
3591 0
3640 0
3688 0
3697 0
3707 0
3784 0
3794 0
3810 0
3856 0
3867 0
3887 0
3926 0
3934 0
3957 0
4101 0
4170 0
4214 0
4222 0
4245 0
4269 0
4380 0
4410 0
4489 0
4549 0
4562 0
4642 0
4725 0
4775 0
4814 0
4855 0
4883 0
