321 0
331 0
363 0
418 0
438 0
531 0
570 0
604 0
639 0
649 0
702 0
729 0
754 0
777 0
784 0
956 0
1068 0
1103 0
1107 0
1145 0
1240 0
1264 0
1294 0
1334 0
1350 0
1421 0
1570 0
1618 0
1637 0
1662 0
1673 0
1684 0
1708 0
1784 0
1841 0
1889 0
1905 0
1930 0
1959 0
2086 0
2117 0
2149 0
2169 0
2197 0
2238 0
2249 0
2276 0
2281 0
2332 0
2415 0
2460 0
2549 0
2576 0
2644 0
2673 0
2770 0
2801 0
2883 0
2937 0
2952 0
2966 0
2980 0
3011 0
3050 0
3074 0
3103 0
3134 0
3248 0
3297 0
3306 0
3326 0
3368 0
3438 0
3508 0
3522 0
3551 0
3565 0
3583 0
3591 0
3648 0
3806 0
3866 0
3888 0
3923 0
3950 0
3989 0
4067 0
4103 0
4116 0
4163 0
4257 0
4422 0
4448 0
4468 0
4500 0
4514 0
4562 0
4576 0
4612 0
4642 0
4683 0
4782 0
4796 0
4855 0
4886 0
4900 0
