311 0
329 0
359 0
392 0
438 0
454 0
530 0
565 0
607 0
637 0
741 0
788 0
814 0
888 0
951 0
963 0
981 0
991 0
1063 0
1101 0
1214 0
1227 0
1267 0
1290 0
1327 0
1362 0
1525 0
1592 0
1630 0
1652 0
1701 0
1775 0
1869 0
1986 0
2073 0
2106 0
2122 0
2165 0
2195 0
2274 0
2289 0
2374 0
2388 0
2398 0
2418 0
2443 0
2451 0
2478 0
2492 0
2539 0
2565 0
2662 0
2682 0
2724 0
2752 0
2760 0
2779 0
2802 0
2821 0
2823 0
2851 0
2935 0
2953 0
3018 0
3050 0
3099 0
3125 0
3147 0
3236 0
3358 0
3449 0
3506 0
3565 0
3593 0
3636 0
3697 0
3847 0
3877 0
3930 0
3956 0
3985 0
3997 0
4121 0
4159 0
4232 0
4243 0
4251 0
4272 0
4327 0
4417 0
4433 0
4475 0
4584 0
4617 0
4643 0
4678 0
4774 0
4788 0
4819 0
4857 0
4883 0
4897 0
