326 0
352 0
424 0
497 0
525 0
534 0
617 0
695 0
739 0
811 0
852 0
900 0
941 0
959 0
989 0
1007 0
1065 0
1132 0
1222 0
1277 0
1336 0
1359 0
1367 0
1526 0
1542 0
1587 0
1599 0
1639 0
1652 0
1675 0
1702 0
1795 0
1817 0
1920 0
1956 0
1984 0
1996 0
2014 0
2042 0
2081 0
2124 0
2164 0
2214 0
2235 0
2264 0
2291 0
2383 0
2427 0
2488 0
2526 0
2701 0
2721 0
2801 0
2826 0
2936 0
2944 0
2977 0
3003 0
3047 0
3099 0
3143 0
3171 0
3203 0
3223 0
3235 0
3258 0
3310 0
3403 0
3430 0
3503 0
3540 0
3561 0
3580 0
3611 0
3632 0
3688 0
3703 0
3843 0
3875 0
3884 0
3938 0
4005 0
4091 0
4155 0
4215 0
4220 0
4264 0
4269 0
4324 0
4360 0
4419 0
4486 0
4525 0
4604 0
4677 0
4701 0
4720 0
4807 0
4867 0
4891 0
