311 0
332 0
380 0
395 0
449 0
501 0
512 0
538 0
564 0
603 0
627 0
713 0
754 0
792 0
821 0
837 0
851 0
904 0
961 0
977 0
988 0
1025 0
1069 0
1180 0
1191 0
1226 0
1254 0
1342 0
1472 0
1508 0
1548 0
1577 0
1629 0
1706 0
1757 0
1792 0
1841 0
1886 0
1908 0
1939 0
2061 0
2120 0
2140 0
2150 0
2186 0
2274 0
2342 0
2351 0
2395 0
2423 0
2477 0
2544 0
2676 0
2740 0
2793 0
2828 0
2869 0
2877 0
2943 0
3034 0
3070 0
3091 0
3100 0
3160 0
3268 0
3305 0
3345 0
3368 0
3431 0
3461 0
3510 0
3596 0
3641 0
3659 0
3707 0
3742 0
3888 0
3977 0
3982 0
4014 0
4037 0
4150 0
4193 0
4231 0
4243 0
4264 0
4317 0
4354 0
4375 0
4390 0
4436 0
4469 0
4506 0
4601 0
4620 0
4642 0
4691 0
4703 0
4717 0
4770 0
4818 0
4841 0
4891 0
4901 0
