312 0
354 0
384 0
436 0
460 0
485 0
543 0
621 0
692 0
739 0
763 0
829 0
836 0
856 0
891 0
1002 0
1004 0
1030 0
1074 0
1100 0
1236 0
1256 0
1267 0
1277 0
1404 0
1425 0
1470 0
1486 0
1596 0
1612 0
1617 0
1682 0
1704 0
1728 0
1761 0
1798 0
1944 0
2004 0
2011 0
2052 0
2117 0
2153 0
2175 0
2305 0
2366 0
2403 0
2438 0
2491 0
2510 0
2546 0
2598 0
2629 0
2685 0
2705 0
2735 0
2777 0
2810 0
2851 0
2908 0
3052 0
3068 0
3108 0
3178 0
3198 0
3221 0
3278 0
3432 0
3458 0
3499 0
3515 0
3540 0
3597 0
3607 0
3628 0
3728 0
3749 0
3792 0
3819 0
3937 0
3949 0
3968 0
3993 0
4121 0
4134 0
4187 0
4205 0
4227 0
4322 0
4367 0
4385 0
4388 0
4466 0
4480 0
4526 0
4600 0
4680 0
4727 0
4749 0
4792 0
4841 0
4869 0
4908 0
