325 0
449 0
487 0
508 0
547 0
574 0
617 0
636 0
647 0
708 0
794 0
807 0
866 0
909 0
1015 0
1039 0
1081 0
1092 0
1116 0
1261 0
1291 0
1293 0
1318 0
1351 0
1401 0
1442 0
1490 0
1536 0
1552 0
1578 0
1606 0
1647 0
1704 0
1772 0
1834 0
1914 0
1954 0
2067 0
2161 0
2187 0
2214 0
2304 0
2371 0
2424 0
2435 0
2536 0
2556 0
2599 0
2628 0
2654 0
2683 0
2776 0
2800 0
2848 0
2922 0
2994 0
3039 0
3057 0
3152 0
3275 0
3303 0
3391 0
3450 0
3518 0
3574 0
3619 0
3639 0
3664 0
3679 0
3737 0
3787 0
3823 0
3870 0
3909 0
3912 0
3931 0
3950 0
4103 0
4130 0
4139 0
4166 0
4209 0
4312 0
4360 0
4406 0
4433 0
4516 0
4562 0
4578 0
4591 0
4655 0
4665 0
4714 0
4741 0
4770 0
4891 0
