358 0
411 0
470 0
482 0
495 0
560 0
609 0
651 0
696 0
746 0
810 0
862 0
934 0
970 0
1009 0
1025 0
1114 0
1135 0
1184 0
1213 0
1237 0
1273 0
1321 0
1335 0
1381 0
1412 0
1442 0
1482 0
1546 0
1557 0
1602 0
1650 0
1681 0
1711 0
1723 0
1779 0
1926 0
1951 0
1986 0
2016 0
2101 0
2153 0
2174 0
2205 0
2226 0
2268 0
2283 0
2338 0
2375 0
2462 0
2761 0
2847 0
2874 0
2939 0
2942 0
2994 0
3023 0
3051 0
3076 0
3118 0
3206 0
3237 0
3276 0
3294 0
3449 0
3487 0
3507 0
3544 0
3560 0
3605 0
3668 0
3684 0
3732 0
3789 0
3793 0
3834 0
3881 0
3901 0
3947 0
3992 0
4006 0
4036 0
4081 0
4107 0
4195 0
4201 0
4244 0
4296 0
4360 0
4415 0
4481 0
4529 0
4559 0
4616 0
4664 0
4712 0
4733 0
4745 0
4799 0
4855 0
