401 0
417 0
490 0
506 0
550 0
607 0
639 0
653 0
685 0
698 0
718 0
739 0
764 0
842 0
949 0
1043 0
1078 0
1132 0
1155 0
1189 0
1198 0
1216 0
1237 0
1248 0
1304 0
1330 0
1430 0
1502 0
1524 0
1576 0
1613 0
1624 0
1635 0
1716 0
1718 0
1772 0
1842 0
1858 0
1981 0
2019 0
2119 0
2141 0
2160 0
2183 0
2207 0
2298 0
2368 0
2383 0
2410 0
2477 0
2505 0
2565 0
2591 0
2620 0
2653 0
2706 0
2751 0
2814 0
2832 0
2847 0
2913 0
3020 0
3034 0
3047 0
3084 0
3108 0
3206 0
3244 0
3352 0
3382 0
3441 0
3493 0
3505 0
3572 0
3594 0
3610 0
3651 0
3690 0
3722 0
3777 0
3886 0
3924 0
3962 0
3991 0
4006 0
4014 0
4044 0
4070 0
4085 0
4137 0
4178 0
4276 0
4383 0
4458 0
4473 0
4501 0
4512 0
4531 0
4561 0
4574 0
4613 0
4659 0
4718 0
4740 0
4799 0
4822 0
