401 0
419 0
457 0
488 0
502 0
529 0
639 0
649 0
672 0
721 0
752 0
787 0
800 0
845 0
856 0
1007 0
1028 0
1099 0
1137 0
1180 0
1195 0
1239 0
1247 0
1271 0
1277 0
1344 0
1376 0
1414 0
1437 0
1579 0
1627 0
1650 0
1676 0
1721 0
1778 0
1810 0
1850 0
1923 0
2055 0
2120 0
2136 0
2160 0
2269 0
2300 0
2334 0
2347 0
2370 0
2384 0
2430 0
2440 0
2495 0
2556 0
2595 0
2622 0
2654 0
2730 0
2780 0
2799 0
2835 0
2851 0
2863 0
2874 0
2923 0
2955 0
3048 0
3081 0
3104 0
3165 0
3293 0
3380 0
3406 0
3438 0
3498 0
3546 0
3555 0
3592 0
3646 0
3780 0
3807 0
3853 0
3866 0
3932 0
3953 0
3974 0
3992 0
4022 0
4031 0
4094 0
4125 0
4197 0
4203 0
4355 0
4377 0
4412 0
4424 0
4460 0
4489 0
4546 0
4571 0
4584 0
4679 0
4714 0
4727 0
4770 0
4809 0
4819 0
