337 0
351 0
387 0
403 0
423 0
447 0
478 0
616 0
778 0
807 0
822 0
862 0
997 0
1036 0
1046 0
1081 0
1284 0
1295 0
1316 0
1381 0
1408 0
1429 0
1490 0
1535 0
1568 0
1691 0
1720 0
1757 0
1771 0
1884 0
1898 0
1908 0
1926 0
1956 0
1982 0
2055 0
2087 0
2101 0
2150 0
2226 0
2229 0
2265 0
2290 0
2333 0
2394 0
2415 0
2477 0
2531 0
2535 0
2583 0
2593 0
2628 0
2642 0
2682 0
2687 0
2745 0
2791 0
2827 0
2879 0
2939 0
2942 0
2985 0
3008 0
3074 0
3120 0
3140 0
3173 0
3246 0
3252 0
3287 0
3310 0
3328 0
3333 0
3441 0
3461 0
3487 0
3533 0
3648 0
3680 0
3724 0
3781 0
3820 0
3840 0
3909 0
3916 0
3932 0
4142 0
4166 0
4187 0
4231 0
4366 0
4391 0
4404 0
4445 0
4600 0
4741 0
4767 0
4795 0
4821 0
4831 0
4867 0
4881 0
