325 0
366 0
387 0
395 0
452 0
465 0
488 0
515 0
535 0
602 0
659 0
672 0
713 0
722 0
783 0
856 0
992 0
1045 0
1058 0
1078 0
1123 0
1194 0
1253 0
1268 0
1293 0
1348 0
1363 0
1408 0
1494 0
1509 0
1531 0
1619 0
1694 0
1808 0
1848 0
1863 0
1903 0
1936 0
1964 0
1996 0
2067 0
2147 0
2179 0
2218 0
2241 0
2310 0
2382 0
2413 0
2534 0
2556 0
2579 0
2589 0
2629 0
2644 0
2668 0
2679 0
2813 0
2836 0
2909 0
2986 0
3000 0
3033 0
3073 0
3151 0
3226 0
3261 0
3290 0
3321 0
3356 0
3382 0
3412 0
3531 0
3600 0
3674 0
3710 0
3738 0
3810 0
3849 0
3865 0
3918 0
3958 0
3970 0
4022 0
4088 0
4136 0
4151 0
4176 0
4228 0
4366 0
4422 0
4492 0
4515 0
4554 0
4567 0
4619 0
4685 0
4708 0
4727 0
4758 0
4764 0
4822 0
4834 0
4858 0
4884 0
