310 0
419 0
471 0
486 0
541 0
560 0
574 0
607 0
614 0
683 0
805 0
821 0
932 0
938 0
967 0
1016 0
1025 0
1065 0
1112 0
1186 0
1218 0
1230 0
1246 0
1267 0
1346 0
1368 0
1406 0
1497 0
1522 0
1543 0
1613 0
1685 0
1729 0
1781 0
1847 0
1862 0
1872 0
1941 0
2047 0
2135 0
2143 0
2206 0
2232 0
2265 0
2365 0
2391 0
2463 0
2528 0
2546 0
2568 0
2592 0
2632 0
2638 0
2670 0
2698 0
2764 0
2830 0
2850 0
2947 0
2986 0
3011 0
3068 0
3086 0
3176 0
3278 0
3344 0
3364 0
3372 0
3436 0
3493 0
3532 0
3620 0
3686 0
3696 0
3709 0
3816 0
3844 0
3866 0
3959 0
3977 0
3979 0
4005 0
4040 0
4104 0
4164 0
4191 0
4200 0
4261 0
4279 0
4292 0
4396 0
4408 0
4524 0
4596 0
4623 0
4656 0
4669 0
4691 0
4730 0
4749 0
4804 0
4898 0
