338 0
368 0
541 0
550 0
573 0
597 0
617 0
667 0
683 0
708 0
732 0
794 0
831 0
896 0
942 0
1002 0
1012 0
1040 0
1059 0
1090 0
1109 0
1174 0
1213 0
1290 0
1350 0
1373 0
1385 0
1427 0
1526 0
1554 0
1634 0
1653 0
1710 0
1756 0
1820 0
1863 0
1913 0
1968 0
1983 0
2081 0
2093 0
2119 0
2145 0
2216 0
2300 0
2360 0
2410 0
2472 0
2537 0
2559 0
2662 0
2673 0
2749 0
2807 0
2863 0
2915 0
3003 0
3061 0
3110 0
3123 0
3130 0
3231 0
3262 0
3305 0
3362 0
3392 0
3467 0
3514 0
3559 0
3585 0
3663 0
3700 0
3795 0
3826 0
3857 0
3873 0
3929 0
4011 0
4039 0
4109 0
4120 0
4158 0
4169 0
4215 0
4231 0
4268 0
4332 0
4397 0
4423 0
4473 0
4517 0
4523 0
4544 0
4594 0
4615 0
4656 0
4666 0
4691 0
4850 0
4882 0
