335 0
354 0
401 0
433 0
449 0
461 0
532 0
572 0
631 0
657 0
664 0
696 0
791 0
806 0
899 0
908 0
961 0
992 0
1023 0
1048 0
1089 0
1126 0
1147 0
1248 0
1269 0
1313 0
1389 0
1400 0
1476 0
1536 0
1619 0
1645 0
1650 0
1694 0
1755 0
1777 0
1798 0
1885 0
1961 0
1979 0
2121 0
2196 0
2233 0
2280 0
2296 0
2373 0
2405 0
2416 0
2435 0
2542 0
2563 0
2658 0
2676 0
2787 0
2789 0
2809 0
2849 0
2918 0
2926 0
2987 0
3014 0
3104 0
3239 0
3252 0
3334 0
3429 0
3450 0
3455 0
3535 0
3556 0
3578 0
3598 0
3687 0
3742 0
3812 0
3831 0
3906 0
3954 0
3972 0
4076 0
4091 0
4130 0
4173 0
4188 0
4228 0
4253 0
4302 0
4325 0
4415 0
4425 0
4531 0
4546 0
4567 0
4576 0
4644 0
4682 0
4753 0
4772 0
4783 0
4815 0
4878 0
4887 0
