367 0
377 0
398 0
433 0
474 0
566 0
658 0
742 0
831 0
846 0
864 0
890 0
926 0
970 0
1000 0
1015 0
1061 0
1188 0
1204 0
1269 0
1338 0
1361 0
1419 0
1430 0
1467 0
1485 0
1529 0
1559 0
1590 0
1602 0
1633 0
1659 0
1668 0
1715 0
1788 0
1844 0
1906 0
1994 0
2068 0
2113 0
2127 0
2188 0
2234 0
2245 0
2365 0
2451 0
2470 0
2488 0
2532 0
2544 0
2563 0
2596 0
2632 0
2653 0
2674 0
2688 0
2729 0
2747 0
2762 0
2855 0
2969 0
2981 0
3027 0
3081 0
3106 0
3155 0
3225 0
3305 0
3379 0
3419 0
3510 0
3543 0
3565 0
3574 0
3620 0
3631 0
3657 0
3703 0
3724 0
3755 0
3784 0
3792 0
3853 0
3880 0
3947 0
4028 0
4042 0
4163 0
4200 0
4220 0
4245 0
4292 0
4325 0
4363 0
4384 0
4391 0
4478 0
4566 0
4648 0
4746 0
4779 0
4826 0
4842 0
4854 0
