356 0
381 0
401 0
444 0
464 0
504 0
541 0
618 0
630 0
674 0
778 0
806 0
838 0
914 0
957 0
1018 0
1085 0
1126 0
1204 0
1214 0
1229 0
1249 0
1278 0
1359 0
1366 0
1426 0
1439 0
1489 0
1499 0
1522 0
1545 0
1575 0
1587 0
1599 0
1679 0
1712 0
1809 0
1849 0
1901 0
1943 0
1990 0
2045 0
2117 0
2292 0
2310 0
2342 0
2374 0
2433 0
2458 0
2485 0
2541 0
2556 0
2583 0
2636 0
2660 0
2680 0
2725 0
2764 0
2777 0
2852 0
2882 0
2922 0
2936 0
3098 0
3176 0
3218 0
3276 0
3323 0
3380 0
3404 0
3504 0
3552 0
3613 0
3636 0
3646 0
3685 0
3690 0
3718 0
3733 0
3780 0
3794 0
3856 0
3874 0
3938 0
3968 0
3990 0
3997 0
4021 0
4091 0
4141 0
4212 0
4253 0
4309 0
4376 0
4413 0
4453 0
4541 0
4577 0
4603 0
4688 0
4711 0
4749 0
4771 0
4820 0
4838 0
4865 0
