315 0
328 0
364 0
419 0
543 0
675 0
689 0
699 0
729 0
738 0
754 0
778 0
851 0
911 0
936 0
966 0
982 0
992 0
1070 0
1099 0
1196 0
1209 0
1320 0
1467 0
1483 0
1616 0
1657 0
1673 0
1686 0
1709 0
1763 0
1791 0
1822 0
1892 0
1917 0
1974 0
2047 0
2072 0
2102 0
2118 0
2207 0
2212 0
2267 0
2345 0
2371 0
2389 0
2415 0
2438 0
2509 0
2538 0
2598 0
2621 0
2685 0
2707 0
2778 0
2803 0
2830 0
2840 0
2882 0
2955 0
3003 0
3024 0
3097 0
3123 0
3161 0
3172 0
3231 0
3301 0
3325 0
3395 0
3428 0
3456 0
3514 0
3524 0
3551 0
3569 0
3596 0
3729 0
3743 0
3900 0
4005 0
4026 0
4120 0
4158 0
4224 0
4236 0
4266 0
4282 0
4306 0
4356 0
4442 0
4455 0
4485 0
4490 0
4515 0
4534 0
4552 0
4684 0
4809 0
4851 0
4892 0
4900 0
