352 0
461 0
477 0
604 0
628 0
661 0
665 0
698 0
790 0
839 0
911 0
949 0
1011 0
1050 0
1104 0
1114 0
1134 0
1146 0
1176 0
1220 0
1248 0
1284 0
1298 0
1325 0
1379 0
1404 0
1412 0
1499 0
1576 0
1588 0
1626 0
1648 0
1653 0
1684 0
1781 0
1790 0
1839 0
1886 0
1927 0
2003 0
2010 0
2042 0
2152 0
2308 0
2364 0
2396 0
2412 0
2453 0
2485 0
2529 0
2545 0
2558 0
2661 0
2672 0
2690 0
2734 0
2765 0
2810 0
2823 0
2845 0
2911 0
3075 0
3176 0
3212 0
3219 0
3290 0
3340 0
3369 0
3428 0
3436 0
3530 0
3558 0
3583 0
3593 0
3633 0
3654 0
3709 0
3802 0
3818 0
3832 0
3902 0
3911 0
3933 0
3977 0
4000 0
4037 0
4069 0
4092 0
4111 0
4116 0
4173 0
4203 0
4274 0
4311 0
4384 0
4436 0
4512 0
4551 0
4562 0
4601 0
4608 0
4733 0
4748 0
4866 0
