389 0
483 0
501 0
541 0
546 0
567 0
606 0
669 0
693 0
736 0
786 0
814 0
853 0
941 0
985 0
991 0
1085 0
1200 0
1210 0
1226 0
1320 0
1335 0
1418 0
1441 0
1522 0
1544 0
1577 0
1622 0
1647 0
1659 0
1728 0
1764 0
1795 0
1813 0
1903 0
1925 0
2106 0
2136 0
2300 0
2336 0
2358 0
2364 0
2396 0
2420 0
2434 0
2453 0
2479 0
2484 0
2546 0
2558 0
2667 0
2677 0
2729 0
2741 0
2764 0
2782 0
2804 0
2825 0
2852 0
2868 0
2875 0
2911 0
3089 0
3122 0
3288 0
3327 0
3405 0
3418 0
3467 0
3495 0
3564 0
3575 0
3603 0
3641 0
3673 0
3693 0
3782 0
3797 0
3877 0
3895 0
3987 0
3999 0
4027 0
4135 0
4226 0
4241 0
4269 0
4355 0
4413 0
4427 0
4487 0
4528 0
4551 0
4608 0
4642 0
4667 0
4689 0
4722 0
4734 0
4843 0
