385 0
468 0
540 0
549 0
569 0
622 0
675 0
699 0
813 0
822 0
840 0
859 0
950 0
1017 0
1027 0
1043 0
1067 0
1115 0
1150 0
1182 0
1192 0
1279 0
1305 0
1365 0
1427 0
1505 0
1572 0
1597 0
1634 0
1656 0
1722 0
1756 0
1784 0
1800 0
1860 0
1891 0
1916 0
1974 0
2102 0
2154 0
2163 0
2236 0
2251 0
2349 0
2387 0
2407 0
2445 0
2490 0
2534 0
2571 0
2590 0
2628 0
2639 0
2681 0
2736 0
2773 0
2808 0
2831 0
2871 0
2974 0
2989 0
3048 0
3073 0
3114 0
3232 0
3309 0
3323 0
3359 0
3429 0
3448 0
3452 0
3493 0
3555 0
3579 0
3633 0
3649 0
3710 0
3800 0
3858 0
3918 0
3934 0
4025 0
4033 0
4079 0
4111 0
4156 0
4171 0
4185 0
4212 0
4278 0
4365 0
4370 0
4394 0
4406 0
4510 0
4549 0
4602 0
4656 0
4670 0
4681 0
4753 0
4844 0
