311 0
339 0
415 0
435 0
451 0
610 0
640 0
647 0
706 0
735 0
804 0
864 0
893 0
907 0
937 0
973 0
1035 0
1045 0
1100 0
1138 0
1177 0
1217 0
1238 0
1263 0
1308 0
1337 0
1349 0
1367 0
1390 0
1487 0
1537 0
1585 0
1628 0
1644 0
1663 0
1681 0
1807 0
1832 0
1842 0
1939 0
2014 0
2184 0
2221 0
2231 0
2246 0
2266 0
2340 0
2355 0
2367 0
2467 0
2532 0
2695 0
2745 0
2853 0
2859 0
2875 0
2949 0
2962 0
2976 0
2994 0
3032 0
3209 0
3278 0
3368 0
3389 0
3408 0
3545 0
3568 0
3583 0
3598 0
3631 0
3675 0
3729 0
3837 0
3850 0
3874 0
3892 0
3924 0
3948 0
3988 0
3997 0
4042 0
4090 0
4117 0
4177 0
4183 0
4238 0
4278 0
4315 0
4333 0
4360 0
4416 0
4482 0
4507 0
4572 0
4574 0
4611 0
4762 0
4783 0
4795 0
4888 0
4901 0
