313 0
362 0
388 0
451 0
518 0
528 0
573 0
605 0
672 0
702 0
726 0
746 0
752 0
836 0
899 0
914 0
988 0
1019 0
1048 0
1076 0
1128 0
1185 0
1211 0
1278 0
1336 0
1349 0
1475 0
1488 0
1502 0
1561 0
1659 0
1677 0
1759 0
1790 0
1862 0
1911 0
1941 0
2090 0
2112 0
2178 0
2205 0
2241 0
2251 0
2364 0
2391 0
2504 0
2531 0
2542 0
2580 0
2645 0
2682 0
2693 0
2712 0
2836 0
2851 0
2962 0
2981 0
3021 0
3036 0
3107 0
3133 0
3279 0
3309 0
3363 0
3420 0
3459 0
3539 0
3569 0
3663 0
3708 0
3730 0
3753 0
3874 0
3886 0
3930 0
3999 0
4034 0
4081 0
4144 0
4181 0
4209 0
4221 0
4313 0
4332 0
4374 0
4462 0
4475 0
4501 0
4521 0
4540 0
4617 0
4650 0
4685 0
4700 0
4767 0
4840 0
4860 0
4912 0
