311 0
330 0
405 0
418 0
438 0
443 0
539 0
628 0
723 0
742 0
813 0
826 0
840 0
865 0
937 0
1067 0
1077 0
1114 0
1150 0
1204 0
1247 0
1270 0
1341 0
1347 0
1390 0
1429 0
1478 0
1548 0
1567 0
1628 0
1681 0
1694 0
1764 0
1779 0
1821 0
1844 0
1865 0
1907 0
1926 0
1952 0
2043 0
2072 0
2186 0
2235 0
2246 0
2348 0
2437 0
2480 0
2511 0
2557 0
2667 0
2709 0
2738 0
2787 0
2866 0
2961 0
2987 0
3034 0
3160 0
3169 0
3274 0
3290 0
3312 0
3355 0
3381 0
3394 0
3437 0
3459 0
3532 0
3540 0
3594 0
3647 0
3669 0
3745 0
3783 0
3839 0
3869 0
3892 0
3945 0
3963 0
4024 0
4078 0
4105 0
4132 0
4153 0
4274 0
4363 0
4379 0
4393 0
4415 0
4485 0
4491 0
4599 0
4681 0
4767 0
4793 0
4802 0
4822 0
4892 0
4906 0
