376 0
409 0
454 0
489 0
509 0
518 0
598 0
637 0
659 0
668 0
779 0
791 0
800 0
919 0
1000 0
1031 0
1129 0
1221 0
1274 0
1327 0
1350 0
1380 0
1439 0
1505 0
1521 0
1592 0
1629 0
1634 0
1689 0
1716 0
1721 0
1844 0
1865 0
1886 0
1890 0
1939 0
1968 0
1998 0
2056 0
2070 0
2122 0
2132 0
2161 0
2184 0
2220 0
2262 0
2283 0
2331 0
2349 0
2401 0
2493 0
2558 0
2665 0
2724 0
2819 0
2871 0
2879 0
2934 0
2947 0
3006 0
3033 0
3058 0
3088 0
3107 0
3148 0
3170 0
3218 0
3258 0
3279 0
3323 0
3334 0
3358 0
3370 0
3492 0
3514 0
3523 0
3579 0
3603 0
3622 0
3703 0
3717 0
3780 0
3835 0
3874 0
3884 0
3956 0
4009 0
4095 0
4192 0
4221 0
4287 0
4417 0
4432 0
4450 0
4546 0
4562 0
4583 0
4612 0
4704 0
4718 0
4730 0
4774 0
4807 0
4839 0
