325 0
407 0
447 0
477 0
500 0
513 0
541 0
552 0
647 0
694 0
737 0
756 0
769 0
825 0
846 0
899 0
915 0
955 0
982 0
994 0
1022 0
1049 0
1063 0
1212 0
1230 0
1287 0
1371 0
1497 0
1524 0
1647 0
1691 0
1706 0
1793 0
1820 0
1879 0
1911 0
2016 0
2050 0
2113 0
2133 0
2185 0
2199 0
2259 0
2290 0
2353 0
2396 0
2463 0
2486 0
2528 0
2542 0
2572 0
2646 0
2679 0
2695 0
2727 0
2762 0
2827 0
2858 0
2925 0
2966 0
3023 0
3037 0
3089 0
3103 0
3175 0
3200 0
3314 0
3345 0
3384 0
3423 0
3508 0
3526 0
3575 0
3697 0
3721 0
3858 0
3936 0
3991 0
4005 0
4159 0
4170 0
4190 0
4230 0
4246 0
4265 0
4305 0
4327 0
4381 0
4396 0
4443 0
4467 0
4485 0
4524 0
4572 0
4666 0
4681 0
4699 0
4713 0
4738 0
4763 0
4822 0
4880 0
