338 0
392 0
475 0
506 0
518 0
630 0
662 0
706 0
726 0
763 0
771 0
861 0
898 0
911 0
973 0
1091 0
1121 0
1235 0
1272 0
1298 0
1392 0
1407 0
1466 0
1508 0
1544 0
1641 0
1770 0
1820 0
1880 0
1929 0
1943 0
1959 0
1975 0
1995 0
2020 0
2066 0
2082 0
2174 0
2187 0
2207 0
2273 0
2297 0
2444 0
2455 0
2467 0
2500 0
2526 0
2698 0
2716 0
2746 0
2768 0
2772 0
2909 0
2957 0
3017 0
3040 0
3047 0
3139 0
3148 0
3205 0
3221 0
3240 0
3259 0
3280 0
3287 0
3347 0
3390 0
3435 0
3580 0
3675 0
3712 0
3747 0
3822 0
3829 0
3911 0
3951 0
3989 0
4108 0
4120 0
4243 0
4306 0
4321 0
4365 0
4445 0
4461 0
4504 0
4508 0
4568 0
4587 0
4694 0
4722 0
4758 0
4825 0
4895 0
