313 0
337 0
448 0
467 0
495 0
564 0
614 0
641 0
696 0
728 0
736 0
763 0
793 0
812 0
841 0
909 0
1090 0
1119 0
1194 0
1227 0
1249 0
1304 0
1323 0
1382 0
1437 0
1491 0
1524 0
1533 0
1570 0
1658 0
1733 0
1767 0
1773 0
1799 0
1844 0
1872 0
1907 0
1973 0
2000 0
2041 0
2067 0
2099 0
2130 0
2195 0
2217 0
2344 0
2349 0
2369 0
2415 0
2492 0
2542 0
2674 0
2721 0
2801 0
2848 0
2870 0
2875 0
3003 0
3018 0
3080 0
3118 0
3150 0
3174 0
3224 0
3233 0
3302 0
3344 0
3372 0
3427 0
3447 0
3452 0
3491 0
3569 0
3652 0
3676 0
3697 0
3726 0
3785 0
3827 0
3909 0
3920 0
3966 0
3984 0
4019 0
4101 0
4124 0
4310 0
4370 0
4416 0
4427 0
4464 0
4486 0
4490 0
4536 0
4576 0
4594 0
4655 0
4722 0
4748 0
4761 0
4889 0
4911 0
