333 0
428 0
448 0
472 0
626 0
709 0
747 0
858 0
922 0
978 0
1017 0
1065 0
1083 0
1094 0
1127 0
1154 0
1220 0
1226 0
1259 0
1286 0
1312 0
1365 0
1421 0
1466 0
1503 0
1524 0
1539 0
1566 0
1582 0
1613 0
1631 0
1663 0
1729 0
1780 0
1799 0
1805 0
1824 0
1857 0
1979 0
2042 0
2058 0
2137 0
2169 0
2287 0
2308 0
2371 0
2455 0
2478 0
2517 0
2556 0
2569 0
2639 0
2654 0
2694 0
2746 0
2755 0
2850 0
2915 0
2930 0
3050 0
3081 0
3160 0
3165 0
3240 0
3357 0
3389 0
3412 0
3431 0
3450 0
3501 0
3564 0
3588 0
3609 0
3635 0
3648 0
3681 0
3697 0
3710 0
3742 0
3806 0
3843 0
3906 0
3934 0
3949 0
3981 0
4004 0
4070 0
4088 0
4126 0
4134 0
4162 0
4203 0
4234 0
4294 0
4361 0
4483 0
4516 0
4591 0
4752 0
4771 0
4785 0
4893 0
