342 0
385 0
399 0
409 0
439 0
559 0
641 0
723 0
745 0
756 0
770 0
860 0
929 0
942 0
1001 0
1084 0
1131 0
1142 0
1248 0
1277 0
1354 0
1383 0
1395 0
1416 0
1436 0
1492 0
1596 0
1619 0
1648 0
1697 0
1712 0
1718 0
1774 0
1847 0
1867 0
1929 0
1975 0
2059 0
2090 0
2101 0
2111 0
2126 0
2163 0
2189 0
2198 0
2216 0
2253 0
2272 0
2343 0
2381 0
2410 0
2421 0
2798 0
2808 0
2834 0
2888 0
2951 0
2966 0
3006 0
3022 0
3027 0
3059 0
3092 0
3098 0
3122 0
3134 0
3152 0
3234 0
3286 0
3351 0
3367 0
3448 0
3501 0
3503 0
3532 0
3582 0
3596 0
3632 0
3727 0
3782 0
3803 0
3814 0
3838 0
3861 0
3942 0
3962 0
4073 0
4091 0
4135 0
4223 0
4268 0
4292 0
4354 0
4453 0
4461 0
4484 0
4491 0
4588 0
4665 0
4785 0
4805 0
4824 0
4833 0
4864 0
