379 0
432 0
486 0
524 0
539 0
576 0
611 0
620 0
667 0
712 0
760 0
853 0
896 0
915 0
971 0
1012 0
1050 0
1078 0
1123 0
1209 0
1255 0
1341 0
1346 0
1366 0
1415 0
1500 0
1514 0
1542 0
1597 0
1694 0
1788 0
1840 0
1906 0
1934 0
1987 0
2014 0
2090 0
2106 0
2109 0
2162 0
2187 0
2217 0
2336 0
2391 0
2410 0
2422 0
2469 0
2498 0
2551 0
2577 0
2586 0
2621 0
2639 0
2661 0
2726 0
2739 0
2800 0
2820 0
2823 0
2883 0
2995 0
3034 0
3059 0
3103 0
3124 0
3134 0
3211 0
3237 0
3282 0
3312 0
3368 0
3420 0
3524 0
3624 0
3683 0
3691 0
3715 0
3800 0
3845 0
3874 0
3889 0
3971 0
3997 0
4086 0
4139 0
4166 0
4211 0
4248 0
4314 0
4332 0
4365 0
4463 0
4509 0
4555 0
4598 0
4618 0
4652 0
4687 0
4708 0
4740 0
4779 0
4841 0
