315 0
337 0
387 0
457 0
462 0
481 0
522 0
551 0
597 0
641 0
766 0
796 0
808 0
951 0
959 0
983 0
987 0
1026 0
1125 0
1257 0
1263 0
1286 0
1336 0
1367 0
1390 0
1434 0
1588 0
1626 0
1733 0
1770 0
1814 0
1834 0
1837 0
1858 0
1891 0
1979 0
2073 0
2084 0
2100 0
2129 0
2172 0
2188 0
2199 0
2217 0
2232 0
2263 0
2298 0
2364 0
2478 0
2501 0
2519 0
2544 0
2596 0
2632 0
2671 0
2691 0
2715 0
2738 0
2847 0
2920 0
2950 0
2977 0
2998 0
3024 0
3040 0
3048 0
3093 0
3114 0
3139 0
3146 0
3237 0
3326 0
3353 0
3374 0
3385 0
3416 0
3446 0
3500 0
3595 0
3630 0
3786 0
3835 0
3851 0
3882 0
3940 0
3958 0
3969 0
4093 0
4187 0
4225 0
4237 0
4251 0
4275 0
4411 0
4421 0
4439 0
4579 0
4620 0
4659 0
4699 0
4736 0
4756 0
4764 0
4839 0
4895 0
4905 0
