326 0
350 0
395 0
420 0
456 0
461 0
499 0
521 0
551 0
609 0
651 0
707 0
738 0
776 0
828 0
848 0
957 0
1002 0
1018 0
1032 0
1075 0
1132 0
1142 0
1202 0
1269 0
1294 0
1359 0
1382 0
1402 0
1515 0
1534 0
1577 0
1656 0
1705 0
1727 0
1782 0
1791 0
1846 0
1957 0
1983 0
2001 0
2120 0
2157 0
2209 0
2216 0
2252 0
2265 0
2279 0
2433 0
2487 0
2513 0
2566 0
2576 0
2590 0
2620 0
2639 0
2653 0
2718 0
2723 0
2785 0
2939 0
2950 0
2966 0
2999 0
3015 0
3061 0
3105 0
3218 0
3243 0
3263 0
3373 0
3426 0
3438 0
3497 0
3509 0
3562 0
3648 0
3677 0
3702 0
3816 0
3832 0
3872 0
3915 0
3947 0
4014 0
4074 0
4082 0
4146 0
4186 0
4200 0
4223 0
4262 0
4370 0
4391 0
4439 0
4477 0
4516 0
4560 0
4616 0
4671 0
4696 0
4719 0
4750 0
4761 0
4800 0
4819 0
4877 0
4895 0
