330 0
427 0
490 0
508 0
516 0
539 0
577 0
617 0
640 0
687 0
713 0
754 0
778 0
784 0
824 0
859 0
931 0
953 0
973 0
1008 0
1136 0
1185 0
1239 0
1289 0
1305 0
1354 0
1368 0
1396 0
1433 0
1467 0
1489 0
1503 0
1517 0
1652 0
1680 0
1856 0
1901 0
1913 0
1926 0
2007 0
2063 0
2082 0
2092 0
2249 0
2272 0
2288 0
2360 0
2366 0
2392 0
2432 0
2476 0
2509 0
2541 0
2685 0
2713 0
2748 0
2785 0
2835 0
2842 0
2868 0
2925 0
2951 0
2966 0
3113 0
3143 0
3161 0
3200 0
3297 0
3305 0
3330 0
3362 0
3547 0
3567 0
3698 0
3712 0
3728 0
3747 0
3788 0
3812 0
3849 0
3860 0
3912 0
3939 0
3993 0
4035 0
4095 0
4204 0
4240 0
4261 0
4298 0
4360 0
4388 0
4432 0
4448 0
4467 0
4506 0
4528 0
4582 0
4597 0
4652 0
4681 0
4699 0
4718 0
4741 0
4780 0
4880 0
