332 0
385 0
401 0
433 0
489 0
702 0
734 0
758 0
810 0
832 0
842 0
907 0
945 0
955 0
990 0
1051 0
1055 0
1096 0
1177 0
1193 0
1221 0
1257 0
1265 0
1305 0
1416 0
1477 0
1490 0
1526 0
1555 0
1586 0
1687 0
1701 0
1772 0
1810 0
1829 0
1851 0
1869 0
1894 0
1941 0
2003 0
2012 0
2043 0
2168 0
2184 0
2220 0
2272 0
2311 0
2379 0
2427 0
2497 0
2560 0
2569 0
2592 0
2627 0
2636 0
2658 0
2732 0
2804 0
2847 0
2917 0
2949 0
3008 0
3030 0
3045 0
3167 0
3203 0
3227 0
3273 0
3325 0
3362 0
3374 0
3398 0
3404 0
3450 0
3504 0
3532 0
3635 0
3664 0
3695 0
3733 0
3741 0
3807 0
3914 0
3947 0
3962 0
4008 0
4024 0
4040 0
4120 0
4157 0
4176 0
4232 0
4260 0
4281 0
4309 0
4382 0
4389 0
4404 0
4456 0
4478 0
4513 0
4730 0
4789 0
4813 0
4834 0
4886 0
