327 0
345 0
365 0
410 0
485 0
526 0
540 0
598 0
614 0
726 0
763 0
770 0
817 0
912 0
936 0
956 0
984 0
1017 0
1070 0
1073 0
1222 0
1238 0
1308 0
1349 0
1421 0
1437 0
1469 0
1500 0
1526 0
1565 0
1596 0
1603 0
1617 0
1672 0
1778 0
1813 0
1825 0
1877 0
1903 0
1907 0
2086 0
2141 0
2286 0
2389 0
2445 0
2480 0
2492 0
2524 0
2557 0
2587 0
2628 0
2668 0
2701 0
2725 0
2746 0
2772 0
2836 0
2930 0
3081 0
3133 0
3308 0
3328 0
3339 0
3388 0
3408 0
3440 0
3543 0
3590 0
3615 0
3629 0
3654 0
3693 0
3716 0
3742 0
3778 0
3792 0
3866 0
3922 0
3983 0
3998 0
4136 0
4161 0
4208 0
4243 0
4265 0
4274 0
4317 0
4388 0
4451 0
4463 0
4494 0
4601 0
4622 0
4688 0
4707 0
4728 0
4799 0
4857 0
4868 0
4880 0
