308 0
418 0
426 0
457 0
500 0
550 0
609 0
665 0
693 0
758 0
774 0
831 0
840 0
902 0
934 0
1012 0
1051 0
1143 0
1180 0
1216 0
1235 0
1266 0
1289 0
1325 0
1330 0
1429 0
1472 0
1485 0
1515 0
1546 0
1548 0
1653 0
1694 0
1763 0
1807 0
1830 0
1859 0
1878 0
1973 0
2056 0
2085 0
2127 0
2149 0
2225 0
2287 0
2344 0
2350 0
2387 0
2460 0
2517 0
2543 0
2678 0
2689 0
2767 0
2827 0
2860 0
2880 0
2938 0
3007 0
3076 0
3078 0
3140 0
3165 0
3245 0
3335 0
3354 0
3389 0
3401 0
3459 0
3521 0
3566 0
3667 0
3686 0
3695 0
3739 0
3755 0
3779 0
3887 0
3900 0
3936 0
3952 0
3980 0
4008 0
4039 0
4071 0
4169 0
4213 0
4290 0
4313 0
4380 0
4399 0
4453 0
4466 0
4528 0
4544 0
4616 0
4670 0
4715 0
4773 0
4787 0
4796 0
4907 0
