464 0
479 0
519 0
548 0
650 0
758 0
767 0
789 0
831 0
834 0
887 0
914 0
927 0
1031 0
1041 0
1085 0
1107 0
1127 0
1151 0
1215 0
1247 0
1384 0
1397 0
1488 0
1527 0
1542 0
1552 0
1572 0
1602 0
1660 0
1774 0
1884 0
1941 0
1959 0
2048 0
2124 0
2135 0
2157 0
2163 0
2200 0
2215 0
2255 0
2291 0
2333 0
2385 0
2490 0
2532 0
2534 0
2559 0
2570 0
2594 0
2629 0
2637 0
2665 0
2681 0
2700 0
2727 0
2825 0
2888 0
2927 0
2968 0
2994 0
3020 0
3048 0
3072 0
3090 0
3109 0
3170 0
3262 0
3267 0
3346 0
3443 0
3558 0
3616 0
3654 0
3665 0
3674 0
3702 0
3737 0
3822 0
3832 0
3962 0
4005 0
4069 0
4095 0
4102 0
4141 0
4177 0
4190 0
4297 0
4312 0
4325 0
4370 0
4389 0
4422 0
4443 0
4470 0
4568 0
4668 0
4700 0
4735 0
4757 0
