307 0
342 0
398 0
422 0
471 0
504 0
520 0
549 0
570 0
602 0
637 0
658 0
674 0
854 0
906 0
956 0
984 0
1009 0
1080 0
1138 0
1146 0
1200 0
1276 0
1389 0
1409 0
1471 0
1506 0
1519 0
1589 0
1628 0
1699 0
1797 0
1826 0
1874 0
1889 0
1927 0
1990 0
2109 0
2148 0
2184 0
2207 0
2249 0
2273 0
2288 0
2416 0
2458 0
2497 0
2511 0
2532 0
2544 0
2576 0
2638 0
2676 0
2688 0
2707 0
2725 0
2766 0
2802 0
2938 0
2956 0
2967 0
3017 0
3033 0
3061 0
3100 0
3214 0
3287 0
3329 0
3337 0
3386 0
3424 0
3523 0
3603 0
3630 0
3695 0
3716 0
3743 0
3822 0
3835 0
3933 0
4019 0
4066 0
4096 0
4139 0
4206 0
4235 0
4264 0
4305 0
4356 0
4540 0
4558 0
4578 0
4618 0
4656 0
4660 0
4697 0
4715 0
4747 0
4797 0
4827 0
4863 0
4908 0
