310 0
369 0
457 0
504 0
520 0
532 0
615 0
634 0
679 0
788 0
800 0
823 0
841 0
911 0
961 0
1055 0
1121 0
1124 0
1153 0
1220 0
1283 0
1302 0
1352 0
1422 0
1491 0
1529 0
1538 0
1569 0
1647 0
1650 0
1685 0
1787 0
1813 0
1822 0
1886 0
1899 0
1911 0
1951 0
2077 0
2109 0
2134 0
2156 0
2174 0
2267 0
2300 0
2330 0
2378 0
2424 0
2455 0
2519 0
2537 0
2592 0
2634 0
2672 0
2700 0
2755 0
2793 0
2843 0
2884 0
2912 0
2942 0
3050 0
3062 0
3090 0
3102 0
3142 0
3271 0
3300 0
3316 0
3348 0
3397 0
3409 0
3432 0
3526 0
3558 0
3585 0
3649 0
3682 0
3697 0
3739 0
3805 0
3865 0
3913 0
3928 0
4008 0
4075 0
4093 0
4103 0
4151 0
4265 0
4302 0
4370 0
4395 0
4408 0
4433 0
4543 0
4576 0
4596 0
4691 0
4702 0
4713 0
4768 0
4860 0
4903 0
