314 0
326 0
354 0
373 0
402 0
434 0
454 0
516 0
531 0
563 0
633 0
661 0
709 0
790 0
815 0
819 0
912 0
954 0
1000 0
1019 0
1024 0
1040 0
1061 0
1117 0
1318 0
1332 0
1504 0
1522 0
1593 0
1611 0
1690 0
1754 0
1828 0
1868 0
1950 0
2016 0
2053 0
2075 0
2103 0
2118 0
2158 0
2195 0
2221 0
2232 0
2247 0
2270 0
2310 0
2331 0
2417 0
2491 0
2507 0
2532 0
2597 0
2624 0
2701 0
2713 0
2725 0
2801 0
2884 0
2911 0
2946 0
2968 0
2987 0
3008 0
3015 0
3075 0
3105 0
3125 0
3141 0
3169 0
3212 0
3278 0
3356 0
3389 0
3463 0
3531 0
3615 0
3631 0
3704 0
3707 0
3880 0
3895 0
4107 0
4163 0
4168 0
4188 0
4200 0
4227 0
4263 0
4315 0
4399 0
4407 0
4427 0
4510 0
4566 0
4584 0
4648 0
4681 0
4695 0
4770 0
4793 0
4825 0
4858 0
4877 0
4881 0
4905 0
