416 0
441 0
480 0
502 0
545 0
575 0
611 0
619 0
690 0
776 0
788 0
802 0
898 0
905 0
947 0
978 0
1025 0
1055 0
1155 0
1191 0
1248 0
1306 0
1353 0
1426 0
1432 0
1471 0
1508 0
1533 0
1625 0
1634 0
1660 0
1674 0
1707 0
1817 0
1937 0
2001 0
2008 0
2045 0
2068 0
2088 0
2101 0
2123 0
2148 0
2185 0
2194 0
2222 0
2330 0
2379 0
2411 0
2435 0
2472 0
2741 0
2782 0
2806 0
2852 0
2879 0
3007 0
3020 0
3029 0
3072 0
3099 0
3125 0
3138 0
3147 0
3171 0
3198 0
3218 0
3288 0
3412 0
3516 0
3539 0
3554 0
3576 0
3599 0
3682 0
3711 0
3748 0
3780 0
3804 0
3863 0
3924 0
3963 0
4028 0
4066 0
4153 0
4190 0
4246 0
4277 0
4310 0
4319 0
4408 0
4422 0
4438 0
4531 0
4604 0
4619 0
4651 0
4674 0
4722 0
4729 0
4778 0
4800 0
