345 0
370 0
402 0
414 0
446 0
518 0
559 0
644 0
654 0
668 0
700 0
826 0
866 0
900 0
973 0
1052 0
1073 0
1097 0
1145 0
1213 0
1290 0
1322 0
1353 0
1369 0
1391 0
1416 0
1431 0
1475 0
1512 0
1523 0
1572 0
1603 0
1639 0
1686 0
1709 0
1776 0
1863 0
1879 0
1903 0
1977 0
2010 0
2049 0
2086 0
2109 0
2166 0
2238 0
2254 0
2385 0
2400 0
2433 0
2477 0
2492 0
2575 0
2650 0
2727 0
2745 0
2782 0
2808 0
2828 0
2972 0
2988 0
3045 0
3104 0
3129 0
3170 0
3206 0
3237 0
3318 0
3333 0
3361 0
3445 0
3515 0
3530 0
3580 0
3619 0
3643 0
3692 0
3720 0
3742 0
3775 0
3807 0
3836 0
3852 0
3865 0
3897 0
3934 0
4010 0
4065 0
4129 0
4140 0
4176 0
4237 0
4330 0
4357 0
4396 0
4507 0
4554 0
4560 0
4579 0
4665 0
4698 0
4762 0
4808 0
4812 0
4861 0
4873 0
