361 0
388 0
428 0
448 0
481 0
505 0
545 0
576 0
620 0
657 0
670 0
681 0
718 0
779 0
825 0
845 0
893 0
951 0
999 0
1091 0
1126 0
1146 0
1205 0
1267 0
1294 0
1373 0
1425 0
1436 0
1470 0
1505 0
1528 0
1571 0
1619 0
1652 0
1705 0
1863 0
1879 0
1901 0
1970 0
2000 0
2010 0
2105 0
2204 0
2269 0
2288 0
2356 0
2426 0
2462 0
2480 0
2483 0
2525 0
2574 0
2649 0
2702 0
2722 0
2750 0
2766 0
2794 0
2859 0
2926 0
2946 0
3023 0
3118 0
3203 0
3229 0
3257 0
3316 0
3340 0
3351 0
3514 0
3568 0
3595 0
3652 0
3700 0
3708 0
3750 0
3788 0
3796 0
3846 0
3919 0
3954 0
4027 0
4074 0
4084 0
4115 0
4232 0
4275 0
4323 0
4378 0
4392 0
4439 0
4491 0
4537 0
4543 0
4568 0
4603 0
4654 0
4661 0
4721 0
4740 0
4776 0
4788 0
4830 0
4855 0
