359 0
411 0
488 0
541 0
607 0
670 0
729 0
759 0
792 0
805 0
819 0
834 0
942 0
961 0
998 0
1007 0
1043 0
1076 0
1132 0
1152 0
1177 0
1215 0
1237 0
1274 0
1302 0
1344 0
1524 0
1551 0
1595 0
1599 0
1631 0
1676 0
1691 0
1719 0
1803 0
1835 0
1883 0
1913 0
1932 0
1995 0
2009 0
2111 0
2151 0
2184 0
2231 0
2338 0
2349 0
2504 0
2544 0
2562 0
2580 0
2637 0
2658 0
2672 0
2710 0
2861 0
2885 0
2985 0
3038 0
3061 0
3102 0
3203 0
3217 0
3282 0
3312 0
3337 0
3394 0
3409 0
3493 0
3530 0
3548 0
3603 0
3610 0
3636 0
3669 0
3690 0
3861 0
3913 0
3954 0
3994 0
4010 0
4035 0
4065 0
4089 0
4139 0
4171 0
4210 0
4229 0
4266 0
4274 0
4379 0
4402 0
4409 0
4434 0
4465 0
4495 0
4540 0
4616 0
4688 0
4741 0
4798 0
4848 0
