308 0
335 0
435 0
474 0
501 0
560 0
562 0
636 0
737 0
783 0
814 0
862 0
966 0
1023 0
1067 0
1087 0
1097 0
1181 0
1203 0
1223 0
1230 0
1253 0
1273 0
1282 0
1313 0
1336 0
1414 0
1486 0
1560 0
1587 0
1636 0
1692 0
1733 0
1803 0
1827 0
1858 0
1902 0
1944 0
1976 0
2106 0
2112 0
2139 0
2152 0
2166 0
2202 0
2308 0
2369 0
2417 0
2447 0
2509 0
2529 0
2564 0
2655 0
2701 0
2713 0
2775 0
2799 0
2844 0
2919 0
3020 0
3059 0
3062 0
3085 0
3097 0
3124 0
3239 0
3265 0
3317 0
3363 0
3390 0
3408 0
3496 0
3533 0
3577 0
3631 0
3667 0
3725 0
3795 0
3890 0
3905 0
3935 0
3950 0
3966 0
3988 0
3996 0
4025 0
4044 0
4125 0
4141 0
4157 0
4187 0
4254 0
4367 0
4415 0
4427 0
4479 0
4589 0
4647 0
4663 0
4712 0
4758 0
4784 0
4888 0
4898 0
