349 0
439 0
487 0
534 0
549 0
564 0
625 0
647 0
683 0
753 0
907 0
921 0
956 0
985 0
1010 0
1067 0
1098 0
1113 0
1123 0
1187 0
1202 0
1249 0
1264 0
1330 0
1370 0
1437 0
1495 0
1503 0
1644 0
1653 0
1692 0
1714 0
1725 0
1762 0
1816 0
1861 0
1953 0
1974 0
2001 0
2053 0
2099 0
2199 0
2243 0
2247 0
2289 0
2310 0
2361 0
2365 0
2440 0
2460 0
2495 0
2726 0
2761 0
2779 0
2852 0
2871 0
2913 0
2926 0
2961 0
2976 0
3020 0
3125 0
3169 0
3223 0
3246 0
3266 0
3364 0
3406 0
3456 0
3497 0
3516 0
3530 0
3560 0
3579 0
3722 0
3726 0
3776 0
3853 0
3880 0
3950 0
3974 0
4022 0
4045 0
4081 0
4103 0
4118 0
4160 0
4215 0
4248 0
4252 0
4298 0
4314 0
4456 0
4523 0
4565 0
4597 0
4649 0
4665 0
4688 0
4727 0
4787 0
4877 0
