311 0
333 0
342 0
389 0
395 0
417 0
460 0
522 0
543 0
574 0
676 0
690 0
753 0
768 0
784 0
823 0
931 0
954 0
992 0
1010 0
1049 0
1109 0
1144 0
1198 0
1325 0
1356 0
1426 0
1434 0
1465 0
1527 0
1563 0
1572 0
1634 0
1664 0
1705 0
1753 0
1774 0
1815 0
1830 0
1885 0
1935 0
1984 0
2082 0
2096 0
2117 0
2138 0
2145 0
2188 0
2199 0
2254 0
2339 0
2350 0
2402 0
2556 0
2575 0
2600 0
2632 0
2648 0
2657 0
2815 0
2872 0
2885 0
2966 0
3016 0
3036 0
3073 0
3082 0
3106 0
3112 0
3139 0
3234 0
3290 0
3335 0
3399 0
3415 0
3436 0
3458 0
3504 0
3556 0
3575 0
3645 0
3659 0
3698 0
3750 0
3775 0
3800 0
3862 0
3898 0
4018 0
4067 0
4103 0
4167 0
4213 0
4227 0
4253 0
4285 0
4396 0
4424 0
4448 0
4455 0
4537 0
4544 0
4649 0
4678 0
4703 0
4757 0
4810 0
4817 0
4829 0
4864 0
4889 0
4911 0
