349 0
358 0
381 0
414 0
433 0
458 0
463 0
546 0
664 0
773 0
828 0
861 0
906 0
951 0
981 0
1029 0
1038 0
1130 0
1143 0
1198 0
1237 0
1274 0
1297 0
1332 0
1371 0
1378 0
1511 0
1519 0
1588 0
1663 0
1813 0
1833 0
1863 0
1916 0
1923 0
1941 0
2004 0
2054 0
2090 0
2093 0
2111 0
2151 0
2187 0
2242 0
2296 0
2338 0
2383 0
2433 0
2466 0
2498 0
2539 0
2564 0
2663 0
2674 0
2728 0
2751 0
2773 0
2826 0
2889 0
2923 0
2980 0
3035 0
3071 0
3098 0
3126 0
3130 0
3176 0
3215 0
3277 0
3292 0
3305 0
3363 0
3389 0
3412 0
3555 0
3624 0
3702 0
3716 0
3835 0
3848 0
3887 0
3917 0
3948 0
3994 0
4025 0
4076 0
4086 0
4170 0
4186 0
4234 0
4277 0
4310 0
4360 0
4387 0
4444 0
4544 0
4662 0
4759 0
4761 0
4785 0
4809 0
4841 0
4859 0
4869 0
