356 0
398 0
445 0
512 0
542 0
554 0
562 0
596 0
624 0
634 0
747 0
784 0
856 0
910 0
954 0
997 0
1018 0
1081 0
1101 0
1244 0
1287 0
1313 0
1333 0
1437 0
1493 0
1583 0
1628 0
1665 0
1709 0
1758 0
1800 0
1827 0
1848 0
1858 0
1897 0
1983 0
2019 0
2158 0
2162 0
2212 0
2238 0
2265 0
2349 0
2373 0
2398 0
2428 0
2480 0
2558 0
2574 0
2600 0
2634 0
2640 0
2655 0
2747 0
2792 0
2813 0
2846 0
2870 0
2943 0
2987 0
3007 0
3052 0
3063 0
3204 0
3243 0
3319 0
3361 0
3381 0
3389 0
3418 0
3456 0
3503 0
3558 0
3594 0
3632 0
3726 0
3783 0
3880 0
3894 0
3935 0
3964 0
4118 0
4141 0
4212 0
4221 0
4264 0
4316 0
4366 0
4433 0
4478 0
4585 0
4596 0
4615 0
4644 0
4671 0
4681 0
4693 0
4771 0
4821 0
4876 0
