309 0
351 0
369 0
423 0
475 0
502 0
552 0
574 0
662 0
692 0
698 0
720 0
767 0
836 0
865 0
963 0
1060 0
1177 0
1191 0
1322 0
1353 0
1367 0
1389 0
1444 0
1476 0
1515 0
1548 0
1610 0
1640 0
1671 0
1699 0
1786 0
1806 0
1845 0
1882 0
1894 0
1910 0
1932 0
1940 0
1980 0
2052 0
2083 0
2114 0
2133 0
2192 0
2262 0
2354 0
2368 0
2421 0
2444 0
2464 0
2581 0
2646 0
2757 0
2775 0
2800 0
2846 0
2869 0
2947 0
3030 0
3090 0
3105 0
3143 0
3164 0
3237 0
3280 0
3292 0
3307 0
3318 0
3347 0
3367 0
3404 0
3429 0
3531 0
3539 0
3572 0
3617 0
3664 0
3699 0
3741 0
3775 0
3834 0
3849 0
3865 0
3907 0
4024 0
4034 0
4153 0
4256 0
4357 0
4379 0
4440 0
4502 0
4506 0
4526 0
4567 0
4647 0
4665 0
4718 0
4753 0
4806 0
4860 0
4865 0
4904 0
