333 0
381 0
441 0
454 0
480 0
502 0
525 0
528 0
564 0
643 0
659 0
773 0
854 0
888 0
930 0
960 0
980 0
995 0
1016 0
1021 0
1059 0
1095 0
1119 0
1141 0
1175 0
1290 0
1297 0
1389 0
1491 0
1536 0
1580 0
1590 0
1760 0
1816 0
1846 0
1909 0
1924 0
1979 0
2070 0
2077 0
2099 0
2127 0
2216 0
2239 0
2335 0
2373 0
2391 0
2421 0
2462 0
2483 0
2559 0
2582 0
2642 0
2661 0
2734 0
2760 0
2801 0
2825 0
2851 0
2888 0
2988 0
2993 0
3088 0
3119 0
3144 0
3149 0
3246 0
3284 0
3305 0
3378 0
3406 0
3452 0
3636 0
3654 0
3680 0
3733 0
3832 0
3921 0
3939 0
4042 0
4068 0
4098 0
4117 0
4164 0
4189 0
4203 0
4224 0
4247 0
4263 0
4299 0
4329 0
4364 0
4445 0
4570 0
4577 0
4656 0
4688 0
4696 0
4714 0
4735 0
4772 0
4784 0
4831 0
4885 0
