325 0
386 0
458 0
491 0
523 0
622 0
645 0
652 0
693 0
777 0
789 0
814 0
818 0
853 0
887 0
947 0
1010 0
1028 0
1063 0
1085 0
1094 0
1244 0
1322 0
1336 0
1349 0
1362 0
1398 0
1559 0
1577 0
1639 0
1674 0
1684 0
1728 0
1772 0
1792 0
1805 0
1892 0
1919 0
1949 0
1965 0
1981 0
2076 0
2099 0
2113 0
2177 0
2199 0
2240 0
2248 0
2275 0
2372 0
2479 0
2538 0
2557 0
2660 0
2679 0
2750 0
2844 0
2955 0
2960 0
2979 0
3024 0
3036 0
3100 0
3127 0
3136 0
3236 0
3263 0
3266 0
3307 0
3329 0
3401 0
3432 0
3444 0
3489 0
3531 0
3545 0
3575 0
3649 0
3671 0
3819 0
3855 0
3862 0
3890 0
3897 0
3969 0
4119 0
4138 0
4149 0
4198 0
4208 0
4269 0
4331 0
4360 0
4396 0
4410 0
4429 0
4439 0
4533 0
4570 0
4589 0
4594 0
4706 0
4734 0
4766 0
4840 0
4880 0
