332 0
382 0
401 0
456 0
497 0
540 0
559 0
613 0
650 0
670 0
702 0
728 0
756 0
842 0
937 0
1001 0
1030 0
1044 0
1104 0
1179 0
1202 0
1242 0
1278 0
1335 0
1348 0
1438 0
1470 0
1507 0
1534 0
1552 0
1593 0
1628 0
1639 0
1676 0
1799 0
1825 0
1907 0
1929 0
1947 0
1996 0
2017 0
2053 0
2081 0
2203 0
2239 0
2330 0
2351 0
2367 0
2464 0
2514 0
2518 0
2592 0
2621 0
2688 0
2709 0
2766 0
2840 0
2872 0
2888 0
2988 0
3021 0
3132 0
3169 0
3201 0
3228 0
3275 0
3282 0
3312 0
3389 0
3429 0
3542 0
3585 0
3603 0
3628 0
3668 0
3673 0
3720 0
3743 0
3783 0
3873 0
3877 0
3939 0
3968 0
4023 0
4033 0
4124 0
4173 0
4185 0
4222 0
4272 0
4372 0
4458 0
4504 0
4516 0
4554 0
4570 0
4598 0
4669 0
4681 0
4725 0
4767 0
4814 0
4833 0
4880 0
