413 0
439 0
480 0
494 0
547 0
574 0
598 0
675 0
725 0
775 0
784 0
814 0
838 0
888 0
984 0
1040 0
1141 0
1175 0
1208 0
1245 0
1331 0
1357 0
1376 0
1389 0
1434 0
1493 0
1548 0
1597 0
1617 0
1729 0
1762 0
1781 0
1812 0
1872 0
1913 0
1976 0
2098 0
2136 0
2148 0
2189 0
2207 0
2245 0
2350 0
2382 0
2424 0
2511 0
2523 0
2565 0
2661 0
2687 0
2708 0
2795 0
2826 0
2869 0
2974 0
3022 0
3035 0
3071 0
3083 0
3116 0
3235 0
3309 0
3336 0
3409 0
3450 0
3466 0
3499 0
3590 0
3626 0
3657 0
3724 0
3787 0
3833 0
3847 0
3875 0
3878 0
3972 0
4007 0
4043 0
4069 0
4180 0
4236 0
4326 0
4370 0
4407 0
4430 0
4450 0
4504 0
4554 0
4614 0
4651 0
4670 0
4720 0
4734 0
4784 0
4800 0
