319 0
335 0
423 0
433 0
513 0
543 0
597 0
730 0
777 0
808 0
841 0
856 0
892 0
906 0
944 0
954 0
976 0
990 0
1013 0
1057 0
1151 0
1253 0
1328 0
1364 0
1558 0
1576 0
1586 0
1619 0
1662 0
1674 0
1684 0
1714 0
1756 0
1775 0
1788 0
1863 0
1910 0
2005 0
2078 0
2140 0
2162 0
2184 0
2272 0
2305 0
2411 0
2447 0
2452 0
2477 0
2485 0
2521 0
2548 0
2593 0
2621 0
2682 0
2690 0
2734 0
2744 0
2759 0
2783 0
2816 0
2917 0
2946 0
3037 0
3047 0
3083 0
3135 0
3214 0
3304 0
3357 0
3431 0
3439 0
3462 0
3516 0
3530 0
3538 0
3568 0
3592 0
3634 0
3654 0
3662 0
3851 0
3887 0
3968 0
4064 0
4152 0
4210 0
4231 0
4249 0
4258 0
4273 0
4313 0
4331 0
4361 0
4380 0
4419 0
4438 0
4498 0
4621 0
4688 0
4699 0
4780 0
4795 0
4890 0
4901 0
