316 0
348 0
363 0
393 0
436 0
468 0
481 0
575 0
658 0
819 0
844 0
914 0
1052 0
1078 0
1145 0
1178 0
1251 0
1307 0
1315 0
1340 0
1381 0
1419 0
1515 0
1535 0
1611 0
1631 0
1641 0
1660 0
1712 0
1725 0
1765 0
1769 0
1790 0
1866 0
1874 0
1933 0
1957 0
1978 0
2013 0
2086 0
2104 0
2190 0
2216 0
2294 0
2357 0
2400 0
2426 0
2467 0
2538 0
2564 0
2593 0
2621 0
2666 0
2673 0
2744 0
2799 0
2817 0
2866 0
2929 0
3000 0
3038 0
3122 0
3137 0
3207 0
3232 0
3262 0
3285 0
3341 0
3355 0
3418 0
3437 0
3467 0
3501 0
3508 0
3568 0
3573 0
3598 0
3606 0
3686 0
3697 0
3801 0
3828 0
3881 0
3902 0
3911 0
3963 0
4040 0
4067 0
4139 0
4181 0
4302 0
4383 0
4392 0
4563 0
4649 0
4732 0
4747 0
4780 0
4825 0
4854 0
4878 0
4901 0
