318 0
387 0
399 0
460 0
516 0
555 0
619 0
702 0
726 0
740 0
763 0
775 0
836 0
864 0
941 0
955 0
1004 0
1032 0
1048 0
1067 0
1075 0
1096 0
1212 0
1225 0
1248 0
1277 0
1317 0
1423 0
1485 0
1554 0
1576 0
1660 0
1704 0
1806 0
1903 0
1917 0
1964 0
1991 0
2012 0
2075 0
2123 0
2151 0
2198 0
2214 0
2254 0
2264 0
2342 0
2370 0
2389 0
2407 0
2418 0
2464 0
2524 0
2581 0
2650 0
2698 0
2757 0
2796 0
2815 0
2833 0
2843 0
2882 0
2951 0
2972 0
2993 0
3016 0
3064 0
3109 0
3133 0
3199 0
3221 0
3254 0
3304 0
3325 0
3402 0
3513 0
3557 0
3647 0
3671 0
3733 0
3801 0
3901 0
3941 0
3970 0
3993 0
3997 0
4122 0
4133 0
4158 0
4180 0
4186 0
4212 0
4266 0
4281 0
4357 0
4382 0
4440 0
4455 0
4480 0
4492 0
4507 0
4598 0
4659 0
4707 0
4757 0
4822 0
4834 0
4909 0
