439 0
472 0
504 0
562 0
626 0
797 0
804 0
823 0
888 0
950 0
968 0
978 0
1016 0
1023 0
1039 0
1068 0
1147 0
1184 0
1217 0
1265 0
1287 0
1348 0
1366 0
1437 0
1472 0
1494 0
1517 0
1580 0
1600 0
1633 0
1677 0
1703 0
1722 0
1773 0
1813 0
1941 0
1956 0
1988 0
2021 0
2113 0
2157 0
2161 0
2251 0
2271 0
2282 0
2307 0
2349 0
2387 0
2405 0
2415 0
2521 0
2552 0
2576 0
2636 0
2657 0
2700 0
2799 0
2809 0
2837 0
2864 0
2920 0
2926 0
2944 0
2967 0
3048 0
3074 0
3102 0
3203 0
3234 0
3259 0
3274 0
3414 0
3440 0
3500 0
3513 0
3550 0
3586 0
3611 0
3639 0
3701 0
3728 0
3743 0
3786 0
3848 0
3869 0
3942 0
3946 0
4000 0
4040 0
4066 0
4156 0
4166 0
4198 0
4206 0
4245 0
4263 0
4276 0
4332 0
4393 0
4409 0
4432 0
4600 0
4643 0
4712 0
4750 0
4793 0
