331 0
356 0
387 0
403 0
430 0
485 0
524 0
542 0
550 0
568 0
598 0
617 0
648 0
728 0
800 0
922 0
967 0
1051 0
1055 0
1087 0
1116 0
1127 0
1250 0
1281 0
1308 0
1331 0
1404 0
1492 0
1516 0
1554 0
1582 0
1626 0
1767 0
1861 0
1879 0
2021 0
2049 0
2096 0
2127 0
2177 0
2199 0
2260 0
2269 0
2288 0
2369 0
2427 0
2474 0
2507 0
2530 0
2538 0
2683 0
2698 0
2718 0
2744 0
2794 0
2848 0
2939 0
2948 0
2974 0
3011 0
3039 0
3080 0
3122 0
3167 0
3201 0
3343 0
3353 0
3453 0
3597 0
3626 0
3669 0
3701 0
3738 0
3813 0
3892 0
3924 0
3937 0
3962 0
4084 0
4112 0
4138 0
4158 0
4178 0
4252 0
4289 0
4414 0
4496 0
4571 0
4591 0
4616 0
4653 0
4674 0
4678 0
4701 0
4732 0
4790 0
4826 0
4833 0
4866 0
4890 0
