308 0
405 0
437 0
533 0
649 0
668 0
698 0
745 0
757 0
789 0
831 0
846 0
950 0
960 0
988 0
1065 0
1081 0
1109 0
1123 0
1261 0
1288 0
1342 0
1362 0
1419 0
1440 0
1475 0
1551 0
1571 0
1592 0
1620 0
1661 0
1699 0
1710 0
1765 0
1774 0
1800 0
1917 0
1946 0
1959 0
1984 0
2110 0
2204 0
2226 0
2298 0
2368 0
2384 0
2410 0
2422 0
2458 0
2559 0
2653 0
2765 0
2793 0
2819 0
2834 0
2842 0
2911 0
3001 0
3024 0
3107 0
3237 0
3258 0
3270 0
3303 0
3418 0
3449 0
3461 0
3514 0
3532 0
3557 0
3603 0
3623 0
3648 0
3663 0
3749 0
3775 0
3794 0
3849 0
3886 0
3942 0
3957 0
4095 0
4113 0
4145 0
4153 0
4223 0
4253 0
4275 0
4380 0
4396 0
4429 0
4458 0
4484 0
4513 0
4544 0
4562 0
4683 0
4783 0
4821 0
4897 0
