319 0
358 0
393 0
416 0
487 0
522 0
568 0
609 0
616 0
754 0
787 0
978 0
1030 0
1087 0
1102 0
1111 0
1124 0
1150 0
1216 0
1244 0
1306 0
1328 0
1356 0
1436 0
1467 0
1506 0
1525 0
1541 0
1601 0
1655 0
1675 0
1714 0
1732 0
1770 0
1878 0
1933 0
1995 0
2049 0
2077 0
2114 0
2169 0
2226 0
2229 0
2299 0
2367 0
2406 0
2421 0
2460 0
2490 0
2504 0
2600 0
2630 0
2717 0
2733 0
2760 0
2790 0
2813 0
2850 0
2908 0
2977 0
3000 0
3055 0
3101 0
3141 0
3168 0
3219 0
3296 0
3345 0
3439 0
3487 0
3515 0
3544 0
3558 0
3620 0
3686 0
3693 0
3707 0
3752 0
3777 0
3863 0
3887 0
3926 0
3962 0
4003 0
4067 0
4092 0
4108 0
4124 0
4145 0
4191 0
4240 0
4433 0
4456 0
4591 0
4610 0
4657 0
4697 0
4729 0
4806 0
4815 0
4858 0
4906 0
