310 0
332 0
351 0
358 0
456 0
467 0
546 0
654 0
738 0
764 0
800 0
828 0
887 0
967 0
988 0
1059 0
1075 0
1094 0
1121 0
1131 0
1206 0
1252 0
1270 0
1296 0
1315 0
1328 0
1344 0
1442 0
1485 0
1527 0
1560 0
1592 0
1756 0
1771 0
1813 0
1850 0
1899 0
1919 0
1937 0
2019 0
2083 0
2103 0
2140 0
2177 0
2199 0
2218 0
2275 0
2281 0
2378 0
2399 0
2540 0
2555 0
2665 0
2674 0
2817 0
2843 0
2925 0
2943 0
2995 0
3013 0
3040 0
3084 0
3116 0
3137 0
3206 0
3297 0
3303 0
3327 0
3379 0
3415 0
3448 0
3457 0
3630 0
3659 0
3691 0
3734 0
3783 0
3863 0
3877 0
3895 0
3921 0
3954 0
3967 0
4017 0
4094 0
4107 0
4116 0
4138 0
4157 0
4221 0
4258 0
4333 0
4398 0
4406 0
4468 0
4477 0
4572 0
4663 0
4755 0
4775 0
4858 0
4865 0
4889 0
4905 0
