315 0
326 0
355 0
380 0
435 0
464 0
478 0
541 0
552 0
653 0
674 0
698 0
728 0
754 0
777 0
815 0
825 0
846 0
920 0
961 0
1045 0
1081 0
1106 0
1191 0
1277 0
1492 0
1561 0
1586 0
1613 0
1669 0
1702 0
1733 0
1759 0
1838 0
1859 0
1894 0
1951 0
1993 0
2017 0
2101 0
2112 0
2151 0
2204 0
2257 0
2301 0
2348 0
2456 0
2471 0
2494 0
2509 0
2534 0
2589 0
2630 0
2678 0
2709 0
2725 0
2750 0
2762 0
2867 0
2912 0
2961 0
3017 0
3070 0
3106 0
3120 0
3198 0
3223 0
3271 0
3324 0
3363 0
3371 0
3455 0
3489 0
3517 0
3537 0
3607 0
3630 0
3671 0
3728 0
3942 0
4013 0
4100 0
4132 0
4172 0
4255 0
4295 0
4373 0
4387 0
4415 0
4446 0
4469 0
4491 0
4507 0
4550 0
4563 0
4667 0
4686 0
4731 0
4756 0
4793 0
4832 0
4865 0
4893 0
4908 0
