325 0
362 0
388 0
432 0
446 0
502 0
649 0
695 0
779 0
806 0
818 0
898 0
913 0
991 0
1006 0
1047 0
1089 0
1121 0
1231 0
1268 0
1277 0
1325 0
1337 0
1400 0
1420 0
1539 0
1594 0
1600 0
1623 0
1644 0
1681 0
1714 0
1798 0
1953 0
1964 0
1984 0
2000 0
2008 0
2042 0
2077 0
2163 0
2182 0
2221 0
2288 0
2344 0
2355 0
2422 0
2450 0
2496 0
2515 0
2529 0
2537 0
2590 0
2623 0
2677 0
2702 0
2712 0
2732 0
2755 0
2795 0
2869 0
2888 0
2937 0
2998 0
3041 0
3057 0
3133 0
3170 0
3205 0
3219 0
3242 0
3251 0
3267 0
3431 0
3518 0
3550 0
3577 0
3600 0
3609 0
3632 0
3678 0
3796 0
3810 0
3891 0
3904 0
3943 0
3950 0
3988 0
4105 0
4130 0
4179 0
4204 0
4217 0
4316 0
4325 0
4400 0
4404 0
4440 0
4526 0
4572 0
4717 0
4776 0
4786 0
4840 0
4859 0
4885 0
