310 0
371 0
418 0
430 0
491 0
536 0
628 0
665 0
754 0
766 0
810 0
838 0
853 0
885 0
913 0
927 0
1036 0
1181 0
1217 0
1229 0
1254 0
1273 0
1340 0
1467 0
1510 0
1588 0
1616 0
1635 0
1660 0
1679 0
1727 0
1764 0
1808 0
1852 0
1856 0
1880 0
1953 0
1973 0
2067 0
2076 0
2226 0
2256 0
2264 0
2303 0
2347 0
2425 0
2454 0
2490 0
2530 0
2538 0
2576 0
2649 0
2685 0
2701 0
2729 0
2760 0
2790 0
2857 0
2909 0
2954 0
2959 0
2997 0
3139 0
3152 0
3241 0
3265 0
3340 0
3364 0
3371 0
3402 0
3463 0
3491 0
3551 0
3556 0
3583 0
3599 0
3635 0
3710 0
3749 0
3878 0
3948 0
3969 0
3981 0
4002 0
4043 0
4195 0
4300 0
4312 0
4324 0
4366 0
4374 0
4406 0
4446 0
4470 0
4541 0
4600 0
4682 0
4727 0
4780 0
4804 0
4854 0
4898 0
