483 0
498 0
513 0
529 0
574 0
606 0
616 0
647 0
709 0
750 0
768 0
824 0
899 0
983 0
1002 0
1064 0
1127 0
1151 0
1217 0
1231 0
1249 0
1296 0
1352 0
1378 0
1444 0
1543 0
1555 0
1586 0
1622 0
1653 0
1712 0
1775 0
1859 0
1936 0
1949 0
1998 0
2007 0
2063 0
2174 0
2184 0
2222 0
2229 0
2257 0
2299 0
2374 0
2393 0
2404 0
2460 0
2485 0
2555 0
2582 0
2592 0
2627 0
2651 0
2655 0
2733 0
2761 0
2811 0
2824 0
2843 0
2915 0
2972 0
2976 0
2997 0
3037 0
3052 0
3158 0
3202 0
3226 0
3276 0
3284 0
3350 0
3442 0
3503 0
3567 0
3591 0
3636 0
3663 0
3688 0
3779 0
3835 0
3874 0
3911 0
3969 0
3982 0
4007 0
4067 0
4092 0
4149 0
4230 0
4249 0
4325 0
4400 0
4449 0
4459 0
4516 0
4564 0
4606 0
4617 0
4642 0
4683 0
4708 0
4711 0
4733 0
