327 0
428 0
458 0
478 0
533 0
549 0
596 0
632 0
660 0
670 0
709 0
741 0
808 0
903 0
929 0
965 0
1008 0
1035 0
1046 0
1100 0
1119 0
1260 0
1404 0
1472 0
1532 0
1601 0
1619 0
1662 0
1731 0
1777 0
1792 0
1851 0
1874 0
1889 0
1922 0
1948 0
1966 0
1988 0
2078 0
2094 0
2126 0
2147 0
2165 0
2236 0
2286 0
2347 0
2386 0
2430 0
2496 0
2507 0
2713 0
2736 0
2792 0
2823 0
2865 0
2927 0
2979 0
3050 0
3065 0
3091 0
3117 0
3136 0
3235 0
3248 0
3267 0
3290 0
3322 0
3344 0
3377 0
3421 0
3448 0
3487 0
3554 0
3602 0
3617 0
3678 0
3747 0
3822 0
3949 0
4105 0
4126 0
4169 0
4192 0
4213 0
4252 0
4289 0
4302 0
4418 0
4472 0
4513 0
4546 0
4559 0
4584 0
4620 0
4664 0
4676 0
4729 0
4775 0
4790 0
4883 0
