338 0
345 0
380 0
395 0
436 0
564 0
597 0
626 0
639 0
675 0
706 0
778 0
783 0
815 0
931 0
962 0
993 0
1056 0
1102 0
1176 0
1294 0
1314 0
1369 0
1390 0
1507 0
1533 0
1578 0
1621 0
1707 0
1838 0
1863 0
1882 0
1888 0
1970 0
2005 0
2010 0
2047 0
2058 0
2172 0
2197 0
2224 0
2273 0
2284 0
2339 0
2351 0
2375 0
2429 0
2452 0
2467 0
2498 0
2529 0
2570 0
2638 0
2691 0
2724 0
2753 0
2768 0
2794 0
2840 0
2864 0
2875 0
2934 0
2949 0
2998 0
3010 0
3046 0
3150 0
3176 0
3210 0
3220 0
3253 0
3323 0
3347 0
3360 0
3370 0
3506 0
3590 0
3648 0
3680 0
3713 0
3829 0
3844 0
3896 0
3926 0
4034 0
4117 0
4149 0
4228 0
4264 0
4288 0
4413 0
4429 0
4445 0
4518 0
4543 0
4576 0
4602 0
4608 0
4650 0
4787 0
4814 0
4834 0
4877 0
4890 0
