397 0
457 0
485 0
515 0
572 0
664 0
712 0
739 0
795 0
894 0
917 0
922 0
950 0
978 0
1010 0
1043 0
1125 0
1141 0
1285 0
1310 0
1333 0
1406 0
1444 0
1511 0
1514 0
1546 0
1552 0
1585 0
1713 0
1729 0
1799 0
1814 0
1837 0
1859 0
1891 0
1932 0
1988 0
1996 0
2011 0
2084 0
2095 0
2156 0
2181 0
2287 0
2337 0
2352 0
2404 0
2425 0
2467 0
2495 0
2547 0
2683 0
2736 0
2748 0
2790 0
2814 0
2857 0
2880 0
2939 0
3027 0
3064 0
3123 0
3137 0
3198 0
3222 0
3233 0
3293 0
3329 0
3357 0
3381 0
3404 0
3423 0
3492 0
3503 0
3627 0
3668 0
3682 0
3691 0
3711 0
3775 0
3813 0
3885 0
3899 0
3939 0
4066 0
4094 0
4172 0
4212 0
4238 0
4273 0
4295 0
4316 0
4327 0
4425 0
4479 0
4516 0
4545 0
4645 0
4701 0
4729 0
4762 0
4821 0
