375 0
404 0
420 0
456 0
463 0
546 0
668 0
695 0
701 0
716 0
740 0
761 0
781 0
793 0
813 0
958 0
1025 0
1049 0
1086 0
1133 0
1218 0
1267 0
1278 0
1300 0
1311 0
1367 0
1509 0
1524 0
1550 0
1593 0
1630 0
1636 0
1651 0
1716 0
1722 0
1755 0
1784 0
1809 0
1842 0
1862 0
1907 0
2018 0
2050 0
2062 0
2141 0
2184 0
2199 0
2217 0
2274 0
2279 0
2330 0
2361 0
2369 0
2410 0
2419 0
2441 0
2452 0
2493 0
2513 0
2532 0
2536 0
2559 0
2574 0
2648 0
2660 0
2684 0
2700 0
2707 0
2725 0
2765 0
2778 0
2797 0
2806 0
2851 0
2859 0
2879 0
2933 0
2946 0
3004 0
3020 0
3033 0
3079 0
3160 0
3166 0
3210 0
3300 0
3354 0
3378 0
3411 0
3442 0
3458 0
3496 0
3509 0
3561 0
3571 0
3600 0
3624 0
3670 0
3694 0
3708 0
3852 0
3907 0
3914 0
3936 0
3945 0
4002 0
4084 0
4143 0
4180 0
4195 0
4253 0
4416 0
4424 0
4439 0
4455 0
4474 0
4503 0
4521 0
4527 0
4545 0
4661 0
4749 0
4765 0
4796 0
4824 0
4836 0
