312 0
368 0
377 0
405 0
421 0
577 0
599 0
636 0
716 0
775 0
810 0
817 0
949 0
970 0
993 0
1023 0
1046 0
1082 0
1151 0
1212 0
1225 0
1330 0
1359 0
1386 0
1408 0
1431 0
1484 0
1502 0
1645 0
1659 0
1669 0
1714 0
1724 0
1796 0
1820 0
1839 0
1906 0
1987 0
2065 0
2117 0
2153 0
2172 0
2180 0
2271 0
2301 0
2343 0
2356 0
2403 0
2472 0
2494 0
2722 0
2748 0
2808 0
2857 0
2883 0
2909 0
2949 0
3029 0
3059 0
3073 0
3095 0
3150 0
3246 0
3299 0
3374 0
3395 0
3428 0
3500 0
3503 0
3549 0
3558 0
3576 0
3713 0
3731 0
3784 0
3817 0
3831 0
3872 0
3888 0
3992 0
3998 0
4066 0
4142 0
4175 0
4189 0
4222 0
4242 0
4279 0
4388 0
4411 0
4441 0
4498 0
4582 0
4608 0
4653 0
4797 0
4826 0
4844 0
4852 0
4901 0
