339 0
362 0
400 0
432 0
469 0
523 0
530 0
596 0
631 0
654 0
719 0
743 0
754 0
857 0
910 0
942 0
964 0
1045 0
1067 0
1074 0
1230 0
1359 0
1480 0
1511 0
1516 0
1624 0
1665 0
1688 0
1721 0
1779 0
1857 0
1879 0
1888 0
1924 0
2001 0
2020 0
2059 0
2107 0
2114 0
2139 0
2286 0
2343 0
2351 0
2413 0
2421 0
2467 0
2503 0
2528 0
2597 0
2626 0
2699 0
2704 0
2748 0
2794 0
2807 0
2872 0
2882 0
2934 0
3078 0
3109 0
3113 0
3148 0
3200 0
3226 0
3284 0
3321 0
3337 0
3361 0
3435 0
3491 0
3520 0
3561 0
3603 0
3696 0
3719 0
3733 0
3875 0
3981 0
4140 0
4160 0
4168 0
4261 0
4271 0
4316 0
4361 0
4460 0
4485 0
4495 0
4564 0
4583 0
4609 0
4680 0
4705 0
4744 0
4780 0
4823 0
4854 0
4893 0
