325 0
372 0
396 0
416 0
435 0
468 0
500 0
516 0
573 0
617 0
654 0
732 0
767 0
796 0
853 0
927 0
936 0
968 0
997 0
1052 0
1186 0
1210 0
1240 0
1276 0
1304 0
1370 0
1482 0
1538 0
1559 0
1588 0
1602 0
1647 0
1658 0
1680 0
1688 0
1728 0
1780 0
1863 0
2012 0
2049 0
2114 0
2128 0
2184 0
2211 0
2251 0
2280 0
2357 0
2402 0
2457 0
2502 0
2528 0
2582 0
2641 0
2700 0
2713 0
2756 0
2816 0
2860 0
2932 0
2970 0
2996 0
3028 0
3083 0
3109 0
3176 0
3211 0
3365 0
3444 0
3487 0
3526 0
3541 0
3562 0
3578 0
3620 0
3633 0
3665 0
3675 0
3734 0
3846 0
3916 0
3929 0
3983 0
4002 0
4039 0
4167 0
4223 0
4263 0
4270 0
4288 0
4359 0
4421 0
4452 0
4476 0
4569 0
4596 0
4655 0
4695 0
4716 0
4759 0
4792 0
4806 0
4815 0
4856 0
4888 0
