342 0
445 0
509 0
532 0
568 0
604 0
743 0
814 0
817 0
835 0
912 0
925 0
936 0
979 0
988 0
1076 0
1238 0
1256 0
1280 0
1310 0
1354 0
1410 0
1432 0
1482 0
1562 0
1603 0
1659 0
1668 0
1800 0
1863 0
1910 0
1966 0
1980 0
1996 0
2102 0
2109 0
2128 0
2164 0
2209 0
2225 0
2253 0
2331 0
2358 0
2404 0
2474 0
2500 0
2527 0
2543 0
2580 0
2589 0
2624 0
2648 0
2685 0
2694 0
2717 0
2746 0
2809 0
2859 0
2883 0
2960 0
3005 0
3015 0
3057 0
3093 0
3101 0
3123 0
3220 0
3231 0
3255 0
3314 0
3362 0
3426 0
3548 0
3558 0
3619 0
3663 0
3727 0
3778 0
3817 0
3875 0
3904 0
3941 0
3964 0
3991 0
4135 0
4226 0
4246 0
4270 0
4296 0
4312 0
4385 0
4399 0
4408 0
4485 0
4615 0
4644 0
4687 0
4722 0
4761 0
4864 0
