388 0
394 0
426 0
563 0
602 0
649 0
668 0
720 0
761 0
766 0
790 0
809 0
830 0
898 0
988 0
1013 0
1053 0
1063 0
1083 0
1125 0
1140 0
1232 0
1301 0
1349 0
1384 0
1406 0
1481 0
1561 0
1589 0
1626 0
1679 0
1716 0
1866 0
1897 0
1910 0
1925 0
1974 0
1997 0
2015 0
2134 0
2154 0
2162 0
2190 0
2240 0
2248 0
2289 0
2337 0
2519 0
2577 0
2649 0
2687 0
2883 0
2934 0
2967 0
2986 0
3028 0
3048 0
3064 0
3093 0
3207 0
3221 0
3234 0
3296 0
3301 0
3331 0
3363 0
3515 0
3538 0
3596 0
3624 0
3666 0
3730 0
3823 0
3830 0
3863 0
3923 0
3979 0
4076 0
4086 0
4143 0
4150 0
4173 0
4203 0
4226 0
4333 0
4388 0
4410 0
4429 0
4450 0
4455 0
4504 0
4550 0
4564 0
4613 0
4645 0
4786 0
4823 0
4834 0
