343 0
393 0
441 0
453 0
502 0
518 0
624 0
659 0
717 0
788 0
818 0
859 0
899 0
910 0
928 0
966 0
1011 0
1112 0
1127 0
1142 0
1197 0
1271 0
1317 0
1329 0
1362 0
1389 0
1480 0
1511 0
1541 0
1556 0
1566 0
1646 0
1652 0
1716 0
1725 0
1793 0
1811 0
1943 0
1999 0
2103 0
2145 0
2195 0
2211 0
2299 0
2369 0
2412 0
2424 0
2460 0
2481 0
2561 0
2570 0
2597 0
2630 0
2646 0
2653 0
2747 0
2768 0
2794 0
2809 0
2844 0
2913 0
3004 0
3014 0
3069 0
3122 0
3226 0
3272 0
3407 0
3418 0
3499 0
3517 0
3559 0
3581 0
3650 0
3668 0
3673 0
3714 0
3727 0
3830 0
3851 0
3888 0
3904 0
3959 0
4014 0
4070 0
4090 0
4109 0
4203 0
4264 0
4300 0
4302 0
4329 0
4363 0
4399 0
4424 0
4497 0
4570 0
4602 0
4695 0
4711 0
4774 0
4782 0
4823 0
4872 0
