376 0
400 0
439 0
458 0
471 0
500 0
515 0
531 0
620 0
645 0
729 0
796 0
806 0
817 0
937 0
997 0
1026 0
1113 0
1131 0
1155 0
1237 0
1276 0
1317 0
1330 0
1348 0
1362 0
1400 0
1466 0
1507 0
1542 0
1567 0
1638 0
1674 0
1784 0
1828 0
1851 0
1898 0
1905 0
1935 0
1967 0
1979 0
2058 0
2163 0
2225 0
2230 0
2294 0
2300 0
2341 0
2352 0
2563 0
2666 0
2868 0
2875 0
2913 0
2929 0
2976 0
3003 0
3057 0
3155 0
3243 0
3258 0
3293 0
3300 0
3324 0
3374 0
3388 0
3440 0
3552 0
3574 0
3648 0
3687 0
3715 0
3754 0
3812 0
3847 0
3872 0
3891 0
3899 0
3935 0
3988 0
4068 0
4090 0
4105 0
4184 0
4230 0
4283 0
4401 0
4404 0
4427 0
4501 0
4578 0
4598 0
4687 0
4695 0
4717 0
4752 0
4776 0
4778 0
4822 0
4832 0
