350 0
366 0
409 0
430 0
458 0
483 0
524 0
601 0
712 0
760 0
806 0
861 0
897 0
915 0
929 0
956 0
1055 0
1076 0
1097 0
1128 0
1208 0
1287 0
1323 0
1371 0
1398 0
1416 0
1465 0
1536 0
1602 0
1624 0
1643 0
1725 0
1798 0
1812 0
1906 0
1924 0
2015 0
2047 0
2063 0
2079 0
2102 0
2140 0
2151 0
2201 0
2228 0
2471 0
2487 0
2509 0
2583 0
2596 0
2632 0
2639 0
2712 0
2728 0
2753 0
2985 0
3020 0
3076 0
3079 0
3115 0
3137 0
3159 0
3177 0
3211 0
3293 0
3312 0
3403 0
3418 0
3487 0
3571 0
3590 0
3608 0
3685 0
3747 0
3800 0
3812 0
3849 0
3904 0
3942 0
4001 0
4088 0
4128 0
4143 0
4153 0
4256 0
4295 0
4310 0
4322 0
4353 0
4406 0
4467 0
4516 0
4617 0
4705 0
4734 0
4770 0
4789 0
4797 0
4850 0
4876 0
