314 0
333 0
346 0
429 0
541 0
662 0
712 0
757 0
776 0
809 0
817 0
835 0
908 0
950 0
961 0
985 0
996 0
1049 0
1077 0
1099 0
1187 0
1276 0
1298 0
1401 0
1484 0
1533 0
1599 0
1621 0
1658 0
1698 0
1877 0
1891 0
1924 0
1946 0
1968 0
1982 0
2001 0
2043 0
2058 0
2140 0
2190 0
2251 0
2294 0
2331 0
2398 0
2460 0
2472 0
2495 0
2515 0
2541 0
2570 0
2648 0
2675 0
2713 0
2731 0
2742 0
2769 0
2808 0
2887 0
2938 0
2968 0
3029 0
3085 0
3149 0
3175 0
3224 0
3233 0
3252 0
3270 0
3290 0
3323 0
3334 0
3526 0
3557 0
3599 0
3618 0
3685 0
3738 0
3813 0
3922 0
3943 0
4039 0
4123 0
4144 0
4173 0
4219 0
4240 0
4261 0
4282 0
4302 0
4375 0
4387 0
4410 0
4440 0
4459 0
4520 0
4568 0
4691 0
4790 0
4871 0
4886 0
4900 0
