335 0
350 0
424 0
508 0
538 0
568 0
601 0
615 0
667 0
692 0
744 0
835 0
886 0
917 0
949 0
979 0
1040 0
1123 0
1211 0
1229 0
1272 0
1311 0
1342 0
1349 0
1392 0
1515 0
1656 0
1687 0
1712 0
1728 0
1766 0
1769 0
1790 0
1829 0
1881 0
1893 0
1937 0
2068 0
2097 0
2121 0
2166 0
2186 0
2194 0
2260 0
2266 0
2297 0
2379 0
2393 0
2423 0
2479 0
2539 0
2673 0
2747 0
2791 0
2824 0
2845 0
2915 0
2952 0
2968 0
3011 0
3039 0
3047 0
3100 0
3116 0
3161 0
3288 0
3320 0
3348 0
3397 0
3420 0
3438 0
3463 0
3488 0
3507 0
3525 0
3569 0
3698 0
3833 0
3862 0
3890 0
3908 0
3957 0
3979 0
4005 0
4090 0
4174 0
4235 0
4279 0
4306 0
4331 0
4373 0
4473 0
4531 0
4540 0
4596 0
4622 0
4652 0
4684 0
4716 0
4808 0
4864 0
4882 0
