346 0
370 0
376 0
443 0
481 0
641 0
685 0
715 0
771 0
801 0
825 0
846 0
861 0
903 0
923 0
944 0
965 0
1014 0
1049 0
1070 0
1081 0
1094 0
1154 0
1183 0
1228 0
1244 0
1270 0
1283 0
1382 0
1519 0
1567 0
1602 0
1643 0
1661 0
1676 0
1814 0
1844 0
1886 0
1924 0
1996 0
2020 0
2053 0
2153 0
2233 0
2248 0
2336 0
2354 0
2401 0
2461 0
2531 0
2566 0
2660 0
2698 0
2764 0
2808 0
2861 0
2886 0
2959 0
2983 0
3074 0
3166 0
3208 0
3218 0
3287 0
3347 0
3379 0
3401 0
3550 0
3564 0
3573 0
3614 0
3644 0
3698 0
3832 0
3931 0
3958 0
3974 0
3994 0
4037 0
4072 0
4122 0
4147 0
4163 0
4172 0
4205 0
4251 0
4281 0
4294 0
4305 0
4368 0
4383 0
4388 0
4408 0
4438 0
4499 0
4530 0
4580 0
4740 0
4768 0
4833 0
4848 0
4863 0
