327 0
349 0
422 0
431 0
467 0
487 0
526 0
542 0
563 0
627 0
647 0
666 0
761 0
781 0
784 0
824 0
847 0
906 0
925 0
988 0
1035 0
1091 0
1187 0
1203 0
1215 0
1291 0
1381 0
1405 0
1416 0
1440 0
1541 0
1561 0
1572 0
1585 0
1604 0
1625 0
1685 0
1722 0
1774 0
1817 0
1824 0
1863 0
1906 0
1986 0
1990 0
2059 0
2084 0
2105 0
2128 0
2155 0
2160 0
2188 0
2277 0
2399 0
2429 0
2438 0
2464 0
2479 0
2486 0
2527 0
2543 0
2563 0
2590 0
2633 0
2658 0
2679 0
2699 0
2729 0
2744 0
2756 0
2776 0
2792 0
2813 0
2943 0
3040 0
3059 0
3072 0
3090 0
3119 0
3133 0
3149 0
3216 0
3234 0
3313 0
3360 0
3389 0
3412 0
3447 0
3497 0
3533 0
3591 0
3615 0
3622 0
3641 0
3670 0
3682 0
3790 0
3802 0
3809 0
3830 0
3936 0
4007 0
4022 0
4032 0
4118 0
4195 0
4217 0
4290 0
4317 0
4383 0
4399 0
4435 0
4453 0
4455 0
4543 0
4561 0
4599 0
4648 0
4678 0
4698 0
4728 0
4755 0
4788 0
4810 0
4866 0
4894 0
