373 0
402 0
439 0
608 0
636 0
741 0
777 0
790 0
847 0
852 0
933 0
1012 0
1051 0
1070 0
1076 0
1099 0
1115 0
1219 0
1243 0
1308 0
1322 0
1333 0
1385 0
1395 0
1443 0
1473 0
1515 0
1546 0
1559 0
1574 0
1675 0
1722 0
1769 0
1833 0
1992 0
2022 0
2088 0
2150 0
2188 0
2195 0
2276 0
2279 0
2302 0
2335 0
2355 0
2376 0
2390 0
2408 0
2451 0
2547 0
2588 0
2628 0
2681 0
2768 0
2806 0
2837 0
2844 0
2867 0
2882 0
2921 0
2940 0
2952 0
3024 0
3030 0
3063 0
3141 0
3211 0
3226 0
3387 0
3444 0
3494 0
3541 0
3646 0
3668 0
3687 0
3696 0
3743 0
3781 0
3811 0
3838 0
3888 0
3908 0
3918 0
3970 0
3997 0
4106 0
4120 0
4141 0
4150 0
4179 0
4200 0
4287 0
4356 0
4379 0
4426 0
4450 0
4482 0
4582 0
4608 0
4782 0
4814 0
4851 0
