355 0
448 0
475 0
481 0
507 0
531 0
545 0
609 0
704 0
739 0
759 0
802 0
889 0
966 0
970 0
1009 0
1057 0
1151 0
1201 0
1213 0
1232 0
1279 0
1328 0
1416 0
1444 0
1524 0
1555 0
1605 0
1676 0
1688 0
1716 0
1770 0
1847 0
1929 0
1986 0
2021 0
2050 0
2065 0
2090 0
2147 0
2168 0
2197 0
2302 0
2375 0
2387 0
2413 0
2432 0
2476 0
2487 0
2525 0
2553 0
2657 0
2694 0
2732 0
2738 0
2778 0
2811 0
2837 0
2848 0
2920 0
3023 0
3059 0
3075 0
3138 0
3156 0
3164 0
3202 0
3231 0
3291 0
3379 0
3442 0
3505 0
3533 0
3546 0
3620 0
3659 0
3690 0
3781 0
3796 0
3884 0
3928 0
3980 0
4007 0
4022 0
4072 0
4152 0
4204 0
4248 0
4261 0
4324 0
4418 0
4464 0
4482 0
4519 0
4616 0
4659 0
4678 0
4714 0
4732 0
4752 0
4772 0
4877 0
