384 0
405 0
454 0
484 0
601 0
636 0
650 0
715 0
776 0
836 0
886 0
913 0
1002 0
1018 0
1041 0
1089 0
1111 0
1131 0
1245 0
1264 0
1280 0
1304 0
1346 0
1390 0
1444 0
1471 0
1494 0
1618 0
1650 0
1687 0
1711 0
1729 0
1812 0
1822 0
1865 0
1878 0
1893 0
1925 0
1970 0
1985 0
2146 0
2172 0
2222 0
2236 0
2262 0
2379 0
2421 0
2454 0
2497 0
2555 0
2663 0
2726 0
2762 0
2790 0
2848 0
2949 0
2982 0
2993 0
3052 0
3073 0
3236 0
3254 0
3291 0
3319 0
3346 0
3360 0
3399 0
3405 0
3501 0
3511 0
3521 0
3567 0
3600 0
3724 0
3751 0
3779 0
3834 0
3875 0
3914 0
3939 0
3954 0
3976 0
4082 0
4100 0
4130 0
4179 0
4206 0
4221 0
4313 0
4331 0
4382 0
4448 0
4490 0
4572 0
4588 0
4612 0
4731 0
4767 0
4827 0
4842 0
