328 0
367 0
389 0
431 0
485 0
506 0
541 0
573 0
631 0
717 0
745 0
806 0
896 0
907 0
966 0
1011 0
1098 0
1184 0
1225 0
1250 0
1312 0
1338 0
1416 0
1432 0
1493 0
1559 0
1594 0
1693 0
1757 0
1784 0
1809 0
1821 0
1917 0
1941 0
1959 0
1983 0
2003 0
2084 0
2129 0
2212 0
2259 0
2279 0
2303 0
2350 0
2424 0
2436 0
2471 0
2489 0
2511 0
2709 0
2736 0
2747 0
2779 0
2803 0
2859 0
2911 0
2937 0
2972 0
3000 0
3080 0
3144 0
3214 0
3238 0
3259 0
3275 0
3301 0
3397 0
3402 0
3438 0
3458 0
3522 0
3622 0
3666 0
3733 0
3781 0
3802 0
3889 0
3897 0
3963 0
3983 0
4044 0
4127 0
4204 0
4261 0
4313 0
4321 0
4408 0
4487 0
4501 0
4582 0
4643 0
4684 0
4721 0
4729 0
4787 0
4829 0
4851 0
4890 0
