351 0
464 0
552 0
618 0
692 0
707 0
729 0
776 0
832 0
838 0
889 0
926 0
944 0
972 0
1019 0
1027 0
1039 0
1069 0
1111 0
1242 0
1267 0
1312 0
1392 0
1401 0
1422 0
1475 0
1486 0
1570 0
1592 0
1631 0
1674 0
1729 0
1786 0
1831 0
1841 0
1889 0
1915 0
1934 0
1969 0
2102 0
2166 0
2190 0
2231 0
2276 0
2288 0
2297 0
2348 0
2410 0
2439 0
2451 0
2517 0
2696 0
2755 0
2778 0
2816 0
2869 0
2914 0
2936 0
2943 0
2980 0
3039 0
3049 0
3120 0
3257 0
3282 0
3313 0
3324 0
3368 0
3399 0
3428 0
3486 0
3542 0
3603 0
3634 0
3641 0
3735 0
3755 0
3800 0
3814 0
3827 0
3894 0
3947 0
3966 0
4104 0
4154 0
4174 0
4196 0
4210 0
4237 0
4283 0
4287 0
4323 0
4372 0
4402 0
4439 0
4503 0
4514 0
4532 0
4594 0
4662 0
4754 0
4874 0
