317 0
363 0
393 0
525 0
548 0
626 0
710 0
738 0
758 0
821 0
861 0
926 0
962 0
1025 0
1040 0
1077 0
1101 0
1141 0
1177 0
1209 0
1231 0
1293 0
1339 0
1351 0
1414 0
1468 0
1506 0
1559 0
1589 0
1619 0
1686 0
1724 0
1789 0
1858 0
1885 0
1928 0
1948 0
1985 0
2003 0
2022 0
2060 0
2096 0
2109 0
2166 0
2243 0
2299 0
2410 0
2430 0
2435 0
2527 0
2542 0
2590 0
2626 0
2680 0
2701 0
2777 0
2798 0
2810 0
2919 0
2991 0
3057 0
3097 0
3113 0
3150 0
3210 0
3218 0
3243 0
3266 0
3289 0
3341 0
3356 0
3429 0
3500 0
3526 0
3588 0
3625 0
3657 0
3722 0
3754 0
3798 0
3865 0
3888 0
3926 0
3989 0
4003 0
4044 0
4065 0
4122 0
4136 0
4172 0
4191 0
4263 0
4288 0
4357 0
4397 0
4469 0
4487 0
4517 0
4592 0
4664 0
4705 0
4822 0
4846 0
4901 0
