322 0
342 0
392 0
451 0
530 0
568 0
667 0
695 0
737 0
807 0
827 0
847 0
945 0
958 0
985 0
995 0
1082 0
1117 0
1143 0
1228 0
1261 0
1305 0
1317 0
1340 0
1345 0
1378 0
1410 0
1485 0
1555 0
1592 0
1613 0
1650 0
1775 0
1816 0
1828 0
1946 0
2004 0
2007 0
2053 0
2075 0
2123 0
2146 0
2247 0
2263 0
2398 0
2420 0
2433 0
2508 0
2529 0
2544 0
2557 0
2583 0
2589 0
2622 0
2646 0
2667 0
2675 0
2696 0
2708 0
2772 0
2795 0
2821 0
2946 0
2974 0
3069 0
3096 0
3136 0
3174 0
3198 0
3223 0
3277 0
3388 0
3407 0
3435 0
3560 0
3605 0
3631 0
3661 0
3726 0
3812 0
3826 0
3873 0
3881 0
3908 0
3912 0
3956 0
3991 0
4068 0
4103 0
4139 0
4226 0
4249 0
4265 0
4269 0
4371 0
4400 0
4411 0
4481 0
4523 0
4545 0
4650 0
4686 0
4766 0
4819 0
4866 0
4911 0
