335 0
407 0
423 0
494 0
519 0
565 0
653 0
664 0
683 0
706 0
764 0
801 0
827 0
934 0
963 0
1062 0
1103 0
1112 0
1132 0
1142 0
1176 0
1213 0
1234 0
1296 0
1318 0
1373 0
1425 0
1489 0
1507 0
1514 0
1532 0
1553 0
1568 0
1630 0
1674 0
1731 0
1903 0
1966 0
2048 0
2060 0
2081 0
2107 0
2207 0
2233 0
2262 0
2341 0
2400 0
2447 0
2508 0
2527 0
2560 0
2660 0
2699 0
2718 0
2780 0
2821 0
2878 0
2943 0
2981 0
3016 0
3123 0
3142 0
3156 0
3170 0
3251 0
3324 0
3500 0
3541 0
3599 0
3640 0
3668 0
3675 0
3705 0
3715 0
3730 0
3796 0
3857 0
3895 0
3914 0
3985 0
4008 0
4041 0
4070 0
4091 0
4112 0
4116 0
4149 0
4259 0
4292 0
4399 0
4406 0
4468 0
4512 0
4538 0
4547 0
4562 0
4657 0
4698 0
4718 0
4807 0
4813 0
4894 0
