329 0
398 0
427 0
457 0
511 0
530 0
548 0
603 0
661 0
677 0
702 0
723 0
732 0
752 0
805 0
861 0
894 0
902 0
956 0
1001 0
1077 0
1093 0
1124 0
1152 0
1219 0
1228 0
1271 0
1408 0
1476 0
1488 0
1500 0
1540 0
1563 0
1565 0
1609 0
1664 0
1674 0
1767 0
1795 0
1830 0
1838 0
1896 0
1910 0
1933 0
2046 0
2154 0
2180 0
2218 0
2361 0
2374 0
2392 0
2404 0
2428 0
2456 0
2529 0
2698 0
2762 0
2794 0
2814 0
2829 0
2840 0
2870 0
2993 0
3029 0
3071 0
3164 0
3287 0
3305 0
3329 0
3370 0
3384 0
3428 0
3467 0
3542 0
3566 0
3615 0
3648 0
3669 0
3675 0
3710 0
3728 0
3749 0
3824 0
3947 0
3980 0
4005 0
4076 0
4085 0
4125 0
4134 0
4218 0
4258 0
4313 0
4319 0
4355 0
4413 0
4456 0
4476 0
4504 0
4506 0
4546 0
4560 0
4615 0
4665 0
4683 0
4693 0
4773 0
4782 0
4826 0
4882 0
