324 0
381 0
393 0
454 0
503 0
533 0
558 0
641 0
656 0
686 0
738 0
800 0
837 0
865 0
921 0
983 0
998 0
1055 0
1087 0
1093 0
1132 0
1226 0
1246 0
1261 0
1320 0
1374 0
1407 0
1548 0
1584 0
1621 0
1727 0
1915 0
1933 0
1943 0
2008 0
2097 0
2118 0
2158 0
2168 0
2228 0
2256 0
2268 0
2286 0
2343 0
2379 0
2393 0
2409 0
2425 0
2489 0
2507 0
2568 0
2641 0
2718 0
2721 0
2791 0
2809 0
2831 0
2851 0
2878 0
2933 0
2954 0
2962 0
2989 0
3044 0
3076 0
3109 0
3114 0
3211 0
3273 0
3297 0
3301 0
3490 0
3595 0
3635 0
3661 0
3823 0
3850 0
3899 0
3953 0
3964 0
3991 0
4088 0
4125 0
4132 0
4153 0
4229 0
4243 0
4299 0
4356 0
4379 0
4415 0
4487 0
4527 0
4564 0
4582 0
4671 0
4681 0
4724 0
4772 0
4827 0
4839 0
4884 0
