317 0
343 0
364 0
401 0
443 0
489 0
509 0
614 0
679 0
787 0
812 0
830 0
934 0
955 0
1028 0
1068 0
1078 0
1109 0
1150 0
1179 0
1220 0
1266 0
1318 0
1347 0
1380 0
1413 0
1444 0
1465 0
1503 0
1521 0
1671 0
1807 0
1861 0
1908 0
1936 0
1952 0
1975 0
2007 0
2058 0
2144 0
2179 0
2200 0
2222 0
2260 0
2362 0
2382 0
2398 0
2445 0
2525 0
2694 0
2785 0
2806 0
2832 0
2865 0
2968 0
3004 0
3016 0
3027 0
3073 0
3148 0
3198 0
3238 0
3273 0
3294 0
3302 0
3361 0
3406 0
3548 0
3690 0
3708 0
3744 0
3782 0
3803 0
3840 0
3863 0
3906 0
3953 0
4001 0
4039 0
4068 0
4101 0
4133 0
4155 0
4197 0
4263 0
4293 0
4400 0
4416 0
4430 0
4551 0
4597 0
4715 0
4731 0
4774 0
4814 0
4849 0
4877 0
4909 0
