351 0
369 0
439 0
464 0
528 0
642 0
651 0
684 0
746 0
762 0
809 0
845 0
900 0
967 0
1010 0
1023 0
1050 0
1128 0
1144 0
1199 0
1230 0
1317 0
1353 0
1431 0
1512 0
1516 0
1561 0
1687 0
1709 0
1755 0
1780 0
1845 0
1872 0
1888 0
1941 0
1968 0
1999 0
2014 0
2065 0
2100 0
2119 0
2141 0
2189 0
2203 0
2246 0
2301 0
2342 0
2364 0
2435 0
2463 0
2506 0
2583 0
2598 0
2629 0
2651 0
2710 0
2756 0
2772 0
2848 0
2886 0
2909 0
2965 0
3024 0
3039 0
3091 0
3106 0
3117 0
3153 0
3199 0
3226 0
3255 0
3274 0
3319 0
3348 0
3372 0
3449 0
3452 0
3506 0
3528 0
3663 0
3696 0
3716 0
3779 0
3874 0
3904 0
3986 0
4025 0
4077 0
4091 0
4168 0
4198 0
4204 0
4265 0
4320 0
4371 0
4419 0
4455 0
4480 0
4535 0
4571 0
4587 0
4690 0
4748 0
4784 0
4846 0
4865 0
