310 0
358 0
400 0
453 0
506 0
575 0
674 0
692 0
746 0
752 0
860 0
891 0
912 0
931 0
950 0
960 0
996 0
1026 0
1056 0
1179 0
1221 0
1307 0
1385 0
1422 0
1437 0
1499 0
1594 0
1658 0
1712 0
1723 0
1752 0
1776 0
1843 0
1919 0
1959 0
2003 0
2066 0
2123 0
2139 0
2146 0
2183 0
2218 0
2238 0
2264 0
2279 0
2340 0
2360 0
2420 0
2432 0
2457 0
2485 0
2732 0
2762 0
2781 0
2797 0
2872 0
2886 0
2937 0
2947 0
2984 0
3008 0
3037 0
3061 0
3089 0
3109 0
3155 0
3223 0
3251 0
3311 0
3377 0
3439 0
3463 0
3487 0
3518 0
3554 0
3634 0
3712 0
3787 0
3797 0
3839 0
3919 0
4011 0
4033 0
4150 0
4185 0
4229 0
4254 0
4274 0
4294 0
4309 0
4333 0
4361 0
4468 0
4479 0
4532 0
4540 0
4651 0
4716 0
4761 0
4827 0
4850 0
4899 0
