354 0
361 0
451 0
500 0
512 0
539 0
603 0
662 0
669 0
721 0
769 0
804 0
848 0
973 0
1025 0
1049 0
1062 0
1121 0
1266 0
1287 0
1312 0
1354 0
1375 0
1378 0
1401 0
1417 0
1499 0
1540 0
1599 0
1624 0
1730 0
1755 0
1774 0
1809 0
1822 0
1838 0
1951 0
1967 0
1973 0
2058 0
2137 0
2157 0
2186 0
2197 0
2255 0
2303 0
2342 0
2361 0
2392 0
2408 0
2571 0
2651 0
2810 0
2830 0
2857 0
2875 0
2910 0
2968 0
3018 0
3038 0
3073 0
3091 0
3150 0
3235 0
3255 0
3265 0
3375 0
3399 0
3413 0
3446 0
3466 0
3497 0
3592 0
3610 0
3683 0
3720 0
3801 0
3812 0
3836 0
3858 0
3865 0
3901 0
3942 0
3956 0
4113 0
4157 0
4179 0
4183 0
4238 0
4374 0
4409 0
4444 0
4499 0
4548 0
4570 0
4610 0
4676 0
4706 0
4714 0
4771 0
4851 0
4877 0
