318 0
362 0
415 0
440 0
575 0
602 0
644 0
727 0
736 0
828 0
836 0
897 0
966 0
974 0
988 0
1011 0
1095 0
1154 0
1232 0
1286 0
1333 0
1383 0
1398 0
1433 0
1550 0
1570 0
1592 0
1606 0
1671 0
1693 0
1726 0
1815 0
1831 0
1837 0
1857 0
1915 0
1930 0
1958 0
1974 0
2051 0
2088 0
2134 0
2161 0
2257 0
2262 0
2375 0
2405 0
2509 0
2522 0
2588 0
2633 0
2699 0
2709 0
2815 0
2844 0
2952 0
2961 0
3052 0
3093 0
3134 0
3169 0
3243 0
3248 0
3292 0
3306 0
3352 0
3372 0
3388 0
3412 0
3495 0
3528 0
3550 0
3608 0
3633 0
3639 0
3668 0
3790 0
3816 0
3837 0
3879 0
3941 0
3989 0
4069 0
4118 0
4209 0
4232 0
4238 0
4259 0
4331 0
4384 0
4391 0
4481 0
4501 0
4580 0
4608 0
4644 0
4788 0
4796 0
4860 0
4904 0
