420 0
507 0
543 0
574 0
624 0
679 0
699 0
742 0
771 0
791 0
817 0
836 0
908 0
922 0
944 0
991 0
1011 0
1070 0
1084 0
1099 0
1218 0
1226 0
1296 0
1346 0
1406 0
1425 0
1474 0
1493 0
1504 0
1584 0
1665 0
1705 0
1721 0
1760 0
1769 0
1813 0
1827 0
1886 0
1933 0
1962 0
1986 0
2004 0
2117 0
2201 0
2256 0
2274 0
2399 0
2426 0
2438 0
2480 0
2493 0
2517 0
2590 0
2620 0
2699 0
2736 0
2747 0
2774 0
2803 0
2812 0
2955 0
2973 0
3015 0
3098 0
3216 0
3243 0
3251 0
3283 0
3337 0
3391 0
3416 0
3435 0
3463 0
3490 0
3518 0
3554 0
3630 0
3721 0
3731 0
3750 0
3800 0
3809 0
3869 0
3914 0
3993 0
4006 0
4122 0
4135 0
4151 0
4213 0
4222 0
4269 0
4291 0
4313 0
4371 0
4393 0
4431 0
4442 0
4472 0
4518 0
4549 0
4596 0
4645 0
4680 0
4715 0
4809 0
