315 0
326 0
375 0
500 0
531 0
554 0
613 0
636 0
689 0
709 0
818 0
985 0
1008 0
1022 0
1049 0
1075 0
1116 0
1177 0
1223 0
1236 0
1247 0
1269 0
1290 0
1357 0
1477 0
1500 0
1538 0
1569 0
1597 0
1628 0
1677 0
1684 0
1753 0
1866 0
1880 0
1949 0
1960 0
2051 0
2132 0
2179 0
2198 0
2216 0
2311 0
2342 0
2381 0
2406 0
2514 0
2524 0
2535 0
2564 0
2658 0
2677 0
2693 0
2707 0
2817 0
2838 0
2874 0
2923 0
2997 0
3015 0
3039 0
3078 0
3170 0
3254 0
3275 0
3340 0
3363 0
3456 0
3531 0
3540 0
3589 0
3627 0
3654 0
3675 0
3721 0
3747 0
3872 0
3942 0
3954 0
3977 0
3979 0
4001 0
4040 0
4102 0
4146 0
4179 0
4191 0
4200 0
4244 0
4387 0
4511 0
4524 0
4580 0
4595 0
4669 0
4689 0
4725 0
4833 0
4887 0
4909 0
