307 0
354 0
383 0
471 0
623 0
634 0
653 0
707 0
764 0
778 0
813 0
896 0
958 0
984 0
1006 0
1034 0
1081 0
1133 0
1176 0
1196 0
1215 0
1226 0
1271 0
1324 0
1489 0
1508 0
1550 0
1571 0
1619 0
1643 0
1663 0
1692 0
1708 0
1753 0
1788 0
1861 0
1896 0
1939 0
2003 0
2013 0
2089 0
2102 0
2151 0
2165 0
2178 0
2342 0
2386 0
2407 0
2460 0
2481 0
2561 0
2568 0
2636 0
2658 0
2747 0
2765 0
2810 0
2837 0
2887 0
3040 0
3044 0
3066 0
3113 0
3136 0
3206 0
3218 0
3272 0
3316 0
3364 0
3433 0
3463 0
3504 0
3532 0
3564 0
3577 0
3599 0
3647 0
3669 0
3716 0
3726 0
3902 0
3960 0
3989 0
4009 0
4024 0
4033 0
4084 0
4138 0
4195 0
4205 0
4236 0
4265 0
4323 0
4411 0
4443 0
4456 0
4519 0
4559 0
4588 0
4600 0
4758 0
4839 0
4863 0
4912 0
