321 0
336 0
426 0
572 0
639 0
691 0
769 0
802 0
848 0
866 0
930 0
965 0
971 0
1036 0
1069 0
1096 0
1145 0
1204 0
1247 0
1282 0
1398 0
1441 0
1473 0
1494 0
1537 0
1548 0
1593 0
1606 0
1641 0
1693 0
1721 0
1787 0
1810 0
1834 0
1864 0
1920 0
1945 0
1986 0
2066 0
2118 0
2131 0
2175 0
2231 0
2257 0
2381 0
2405 0
2477 0
2531 0
2569 0
2589 0
2631 0
2640 0
2695 0
2752 0
2807 0
2836 0
2965 0
2989 0
3047 0
3093 0
3103 0
3146 0
3234 0
3276 0
3299 0
3357 0
3388 0
3415 0
3423 0
3486 0
3535 0
3578 0
3607 0
3627 0
3669 0
3684 0
3730 0
3750 0
3784 0
3821 0
3928 0
3967 0
4017 0
4071 0
4126 0
4162 0
4186 0
4238 0
4266 0
4291 0
4368 0
4376 0
4418 0
4449 0
4530 0
4576 0
4655 0
4784 0
4885 0
4905 0
