314 0
361 0
505 0
521 0
530 0
557 0
709 0
717 0
744 0
757 0
938 0
959 0
978 0
1024 0
1085 0
1123 0
1186 0
1202 0
1218 0
1231 0
1290 0
1315 0
1361 0
1509 0
1536 0
1613 0
1626 0
1637 0
1690 0
1727 0
1808 0
1831 0
1877 0
1908 0
1957 0
1986 0
2015 0
2103 0
2124 0
2136 0
2179 0
2257 0
2269 0
2330 0
2353 0
2419 0
2457 0
2473 0
2513 0
2561 0
2655 0
2715 0
2739 0
2764 0
2797 0
2871 0
2887 0
2942 0
2969 0
3030 0
3080 0
3101 0
3119 0
3198 0
3246 0
3256 0
3304 0
3344 0
3398 0
3407 0
3489 0
3533 0
3577 0
3588 0
3612 0
3674 0
3711 0
3850 0
3907 0
3933 0
3979 0
4007 0
4014 0
4032 0
4091 0
4132 0
4188 0
4245 0
4254 0
4282 0
4470 0
4486 0
4497 0
4513 0
4660 0
4683 0
4707 0
4712 0
4850 0
4902 0
