319 0
367 0
410 0
450 0
488 0
508 0
551 0
575 0
610 0
654 0
730 0
741 0
778 0
788 0
825 0
920 0
944 0
955 0
990 0
1021 0
1093 0
1149 0
1206 0
1214 0
1268 0
1307 0
1320 0
1379 0
1434 0
1466 0
1508 0
1538 0
1567 0
1629 0
1696 0
1705 0
1728 0
1777 0
1799 0
1817 0
1823 0
1943 0
2001 0
2022 0
2059 0
2094 0
2173 0
2204 0
2240 0
2340 0
2387 0
2420 0
2514 0
2708 0
2796 0
2836 0
2880 0
2981 0
3019 0
3048 0
3120 0
3153 0
3212 0
3219 0
3278 0
3394 0
3413 0
3422 0
3449 0
3488 0
3509 0
3534 0
3595 0
3650 0
3686 0
3716 0
3742 0
3775 0
3836 0
3897 0
3924 0
3951 0
4001 0
4028 0
4073 0
4116 0
4183 0
4232 0
4262 0
4274 0
4288 0
4395 0
4427 0
4439 0
4479 0
4494 0
4557 0
4612 0
4648 0
4672 0
4725 0
4737 0
4769 0
4797 0
4857 0
4904 0
