313 0
355 0
399 0
421 0
447 0
616 0
695 0
713 0
755 0
788 0
807 0
834 0
861 0
923 0
966 0
979 0
1006 0
1041 0
1070 0
1086 0
1094 0
1298 0
1346 0
1384 0
1481 0
1529 0
1575 0
1659 0
1684 0
1723 0
1782 0
1825 0
1865 0
1923 0
1939 0
1992 0
2013 0
2048 0
2070 0
2085 0
2111 0
2127 0
2157 0
2185 0
2248 0
2275 0
2333 0
2370 0
2428 0
2529 0
2694 0
2799 0
2852 0
2887 0
2943 0
2959 0
3039 0
3076 0
3089 0
3101 0
3132 0
3151 0
3171 0
3209 0
3216 0
3265 0
3286 0
3363 0
3392 0
3445 0
3497 0
3529 0
3564 0
3639 0
3704 0
3731 0
3836 0
3860 0
3912 0
4129 0
4141 0
4160 0
4173 0
4210 0
4238 0
4264 0
4300 0
4354 0
4378 0
4413 0
4427 0
4457 0
4511 0
4526 0
4603 0
4769 0
4809 0
4821 0
4873 0
4898 0
