310 0
392 0
435 0
492 0
546 0
614 0
654 0
721 0
779 0
810 0
820 0
838 0
895 0
961 0
1059 0
1091 0
1200 0
1233 0
1243 0
1263 0
1288 0
1346 0
1412 0
1485 0
1593 0
1647 0
1653 0
1773 0
1796 0
1814 0
1856 0
1879 0
1903 0
1912 0
1968 0
1979 0
2043 0
2092 0
2132 0
2172 0
2282 0
2305 0
2343 0
2367 0
2382 0
2402 0
2420 0
2439 0
2491 0
2722 0
2786 0
2798 0
2808 0
2830 0
2844 0
2877 0
2914 0
2940 0
3044 0
3081 0
3126 0
3168 0
3238 0
3260 0
3303 0
3319 0
3343 0
3351 0
3410 0
3418 0
3446 0
3568 0
3582 0
3627 0
3739 0
3795 0
3874 0
3928 0
3952 0
3974 0
3985 0
4026 0
4125 0
4158 0
4257 0
4333 0
4378 0
4392 0
4417 0
4445 0
4491 0
4561 0
4603 0
4659 0
4742 0
4792 0
4822 0
4904 0
