418 0
431 0
471 0
492 0
512 0
534 0
566 0
611 0
626 0
668 0
687 0
701 0
791 0
891 0
970 0
994 0
1019 0
1178 0
1196 0
1236 0
1255 0
1288 0
1324 0
1336 0
1393 0
1402 0
1437 0
1489 0
1622 0
1647 0
1675 0
1695 0
1874 0
1888 0
1906 0
1933 0
1977 0
2079 0
2099 0
2114 0
2173 0
2219 0
2255 0
2311 0
2394 0
2398 0
2457 0
2510 0
2522 0
2543 0
2553 0
2574 0
2640 0
2664 0
2682 0
2701 0
2719 0
2756 0
2813 0
2826 0
2911 0
2964 0
3003 0
3050 0
3108 0
3123 0
3129 0
3241 0
3286 0
3310 0
3318 0
3336 0
3526 0
3538 0
3584 0
3593 0
3738 0
3789 0
3824 0
3830 0
3890 0
3905 0
3930 0
3968 0
3984 0
4025 0
4030 0
4212 0
4220 0
4241 0
4321 0
4427 0
4520 0
4536 0
4551 0
4599 0
4611 0
4653 0
4689 0
4702 0
4729 0
4752 0
4793 0
4800 0
