332 0
351 0
429 0
472 0
551 0
564 0
619 0
658 0
673 0
708 0
745 0
846 0
858 0
887 0
911 0
948 0
967 0
1029 0
1072 0
1092 0
1117 0
1177 0
1249 0
1284 0
1396 0
1481 0
1516 0
1556 0
1593 0
1606 0
1664 0
1696 0
1780 0
1790 0
1857 0
1880 0
1997 0
2021 0
2049 0
2099 0
2197 0
2212 0
2301 0
2359 0
2395 0
2398 0
2439 0
2450 0
2470 0
2494 0
2525 0
2543 0
2671 0
2702 0
2727 0
2752 0
2764 0
2776 0
2819 0
2828 0
2865 0
2912 0
3002 0
3022 0
3125 0
3169 0
3206 0
3221 0
3339 0
3358 0
3428 0
3449 0
3534 0
3564 0
3610 0
3622 0
3667 0
3692 0
3725 0
3810 0
3942 0
3968 0
4039 0
4098 0
4120 0
4133 0
4198 0
4260 0
4272 0
4313 0
4322 0
4364 0
4374 0
4479 0
4519 0
4541 0
4563 0
4591 0
4649 0
4669 0
4753 0
4789 0
4878 0
4882 0
