312 0
373 0
454 0
536 0
568 0
625 0
649 0
671 0
685 0
709 0
740 0
755 0
775 0
797 0
837 0
851 0
1009 0
1036 0
1067 0
1124 0
1219 0
1273 0
1276 0
1314 0
1330 0
1439 0
1466 0
1481 0
1589 0
1689 0
1815 0
1823 0
1859 0
1915 0
1933 0
1964 0
1975 0
2122 0
2135 0
2155 0
2160 0
2255 0
2290 0
2297 0
2340 0
2416 0
2460 0
2480 0
2492 0
2505 0
2534 0
2592 0
2633 0
2677 0
2716 0
2727 0
2747 0
2768 0
2790 0
2889 0
2910 0
2928 0
2972 0
3053 0
3065 0
3093 0
3103 0
3243 0
3249 0
3290 0
3301 0
3355 0
3390 0
3410 0
3529 0
3624 0
3737 0
3749 0
3784 0
3887 0
3900 0
3936 0
3958 0
3996 0
4091 0
4149 0
4187 0
4212 0
4361 0
4374 0
4430 0
4449 0
4456 0
4486 0
4513 0
4533 0
4555 0
4569 0
4597 0
4654 0
4683 0
4763 0
4861 0
4906 0
