331 0
366 0
398 0
445 0
490 0
577 0
651 0
763 0
769 0
795 0
825 0
843 0
917 0
946 0
960 0
974 0
1007 0
1180 0
1211 0
1271 0
1301 0
1406 0
1433 0
1485 0
1551 0
1606 0
1652 0
1697 0
1713 0
1732 0
1806 0
1844 0
1855 0
1892 0
1932 0
1952 0
1979 0
2016 0
2119 0
2126 0
2173 0
2182 0
2206 0
2265 0
2338 0
2348 0
2364 0
2412 0
2417 0
2789 0
2813 0
2855 0
2867 0
2879 0
2948 0
3017 0
3041 0
3055 0
3082 0
3100 0
3212 0
3242 0
3270 0
3291 0
3320 0
3352 0
3375 0
3404 0
3491 0
3506 0
3521 0
3566 0
3607 0
3670 0
3731 0
3779 0
3824 0
3912 0
3950 0
4006 0
4043 0
4213 0
4236 0
4266 0
4279 0
4303 0
4376 0
4401 0
4429 0
4451 0
4466 0
4566 0
4651 0
4737 0
4776 0
4824 0
4848 0
4888 0
