336 0
354 0
368 0
382 0
392 0
458 0
532 0
692 0
753 0
803 0
892 0
902 0
938 0
985 0
993 0
1012 0
1049 0
1086 0
1099 0
1119 0
1185 0
1230 0
1277 0
1313 0
1371 0
1476 0
1532 0
1572 0
1618 0
1672 0
1784 0
1792 0
1893 0
1917 0
1925 0
1987 0
2104 0
2112 0
2148 0
2170 0
2200 0
2211 0
2236 0
2277 0
2303 0
2358 0
2530 0
2543 0
2574 0
2597 0
2621 0
2650 0
2676 0
2697 0
2861 0
2917 0
2954 0
2976 0
2996 0
3012 0
3057 0
3075 0
3102 0
3120 0
3241 0
3288 0
3314 0
3325 0
3423 0
3446 0
3538 0
3596 0
3644 0
3685 0
3743 0
3849 0
3905 0
3943 0
3992 0
4038 0
4099 0
4130 0
4145 0
4180 0
4212 0
4224 0
4238 0
4270 0
4302 0
4330 0
4404 0
4467 0
4537 0
4685 0
4776 0
4817 0
4829 0
4860 0
4875 0
4887 0
