317 0
338 0
349 0
388 0
414 0
471 0
479 0
656 0
674 0
718 0
746 0
767 0
789 0
811 0
923 0
1015 0
1034 0
1070 0
1075 0
1089 0
1113 0
1128 0
1223 0
1314 0
1332 0
1426 0
1518 0
1540 0
1587 0
1601 0
1680 0
1709 0
1718 0
1780 0
1822 0
1911 0
1935 0
1988 0
1999 0
2054 0
2100 0
2115 0
2153 0
2220 0
2259 0
2283 0
2330 0
2462 0
2486 0
2544 0
2569 0
2644 0
2671 0
2732 0
2758 0
2883 0
2932 0
2973 0
2999 0
3062 0
3097 0
3117 0
3171 0
3220 0
3244 0
3292 0
3307 0
3391 0
3447 0
3495 0
3503 0
3547 0
3606 0
3637 0
3677 0
3697 0
3807 0
3880 0
3904 0
4007 0
4091 0
4103 0
4126 0
4146 0
4150 0
4191 0
4212 0
4294 0
4416 0
4426 0
4442 0
4478 0
4500 0
4555 0
4558 0
4734 0
4759 0
4809 0
4837 0
4863 0
4882 0
4909 0
