309 0
328 0
371 0
381 0
402 0
441 0
474 0
494 0
657 0
693 0
717 0
752 0
772 0
791 0
865 0
902 0
925 0
966 0
981 0
1025 0
1039 0
1067 0
1145 0
1209 0
1276 0
1307 0
1336 0
1376 0
1380 0
1548 0
1608 0
1637 0
1752 0
1800 0
1809 0
1830 0
1846 0
1861 0
1872 0
1925 0
2020 0
2059 0
2149 0
2172 0
2184 0
2202 0
2259 0
2282 0
2296 0
2342 0
2595 0
2634 0
2877 0
2909 0
2932 0
2959 0
3015 0
3035 0
3047 0
3072 0
3158 0
3201 0
3297 0
3334 0
3363 0
3381 0
3389 0
3410 0
3426 0
3463 0
3572 0
3609 0
3658 0
3833 0
3844 0
3892 0
3919 0
3932 0
4005 0
4067 0
4151 0
4176 0
4192 0
4235 0
4264 0
4289 0
4316 0
4359 0
4433 0
4446 0
4469 0
4491 0
4532 0
4562 0
4714 0
4757 0
4783 0
4812 0
4843 0
4853 0
4890 0
4898 0
