308 0
406 0
435 0
462 0
499 0
526 0
601 0
613 0
675 0
691 0
750 0
840 0
970 0
992 0
1064 0
1080 0
1103 0
1107 0
1260 0
1279 0
1308 0
1433 0
1481 0
1539 0
1592 0
1605 0
1630 0
1646 0
1672 0
1686 0
1794 0
1876 0
1924 0
1984 0
2075 0
2103 0
2155 0
2162 0
2232 0
2255 0
2304 0
2366 0
2391 0
2399 0
2453 0
2495 0
2532 0
2599 0
2621 0
2693 0
2735 0
2770 0
2807 0
2836 0
2844 0
2917 0
2965 0
2979 0
3054 0
3065 0
3123 0
3134 0
3245 0
3290 0
3340 0
3424 0
3521 0
3537 0
3583 0
3597 0
3616 0
3630 0
3675 0
3731 0
3783 0
3912 0
3937 0
3959 0
4103 0
4127 0
4141 0
4160 0
4225 0
4240 0
4384 0
4457 0
4527 0
4547 0
4594 0
4623 0
4706 0
4722 0
4750 0
4780 0
4815 0
4904 0
