313 0
328 0
461 0
482 0
496 0
537 0
562 0
643 0
760 0
801 0
854 0
885 0
929 0
984 0
1028 0
1041 0
1100 0
1111 0
1222 0
1245 0
1281 0
1320 0
1350 0
1425 0
1444 0
1473 0
1519 0
1545 0
1552 0
1568 0
1634 0
1656 0
1695 0
1787 0
1809 0
1880 0
1891 0
1915 0
1934 0
1954 0
1970 0
1997 0
2096 0
2120 0
2132 0
2162 0
2201 0
2294 0
2349 0
2393 0
2500 0
2711 0
2832 0
2859 0
2939 0
3016 0
3053 0
3088 0
3099 0
3125 0
3227 0
3248 0
3274 0
3297 0
3309 0
3324 0
3335 0
3413 0
3421 0
3526 0
3559 0
3574 0
3652 0
3663 0
3674 0
3705 0
3755 0
3787 0
3795 0
3869 0
3908 0
3934 0
3975 0
4011 0
4103 0
4128 0
4170 0
4186 0
4248 0
4293 0
4329 0
4360 0
4414 0
4466 0
4588 0
4653 0
4684 0
4717 0
4728 0
4756 0
4886 0
4901 0
