321 0
356 0
450 0
541 0
647 0
671 0
729 0
735 0
777 0
785 0
894 0
912 0
954 0
1029 0
1052 0
1067 0
1072 0
1104 0
1110 0
1216 0
1245 0
1271 0
1303 0
1316 0
1429 0
1474 0
1489 0
1527 0
1541 0
1568 0
1613 0
1620 0
1662 0
1669 0
1701 0
1733 0
1757 0
1800 0
1903 0
1952 0
1965 0
1993 0
2018 0
2043 0
2058 0
2076 0
2140 0
2220 0
2251 0
2269 0
2291 0
2300 0
2368 0
2393 0
2417 0
2432 0
2467 0
2506 0
2528 0
2547 0
2556 0
2578 0
2599 0
2634 0
2640 0
2653 0
2679 0
2693 0
2714 0
2749 0
2784 0
2791 0
2830 0
2854 0
2914 0
2927 0
2953 0
2973 0
3006 0
3088 0
3144 0
3150 0
3164 0
3207 0
3221 0
3249 0
3270 0
3318 0
3424 0
3464 0
3499 0
3508 0
3545 0
3558 0
3602 0
3608 0
3645 0
3674 0
3700 0
3735 0
3750 0
3783 0
3906 0
3915 0
3948 0
3968 0
3996 0
4111 0
4121 0
4146 0
4158 0
4171 0
4198 0
4261 0
4304 0
4327 0
4429 0
4438 0
4476 0
4500 0
4545 0
4558 0
4685 0
4762 0
4873 0
4903 0
