341 0
383 0
423 0
428 0
461 0
480 0
520 0
568 0
621 0
736 0
812 0
820 0
858 0
999 0
1007 0
1055 0
1086 0
1104 0
1148 0
1230 0
1251 0
1263 0
1299 0
1318 0
1351 0
1476 0
1507 0
1535 0
1549 0
1570 0
1656 0
1693 0
1778 0
1809 0
1822 0
1867 0
1882 0
1888 0
1949 0
2048 0
2086 0
2094 0
2109 0
2172 0
2182 0
2249 0
2294 0
2297 0
2351 0
2384 0
2458 0
2479 0
2595 0
2622 0
2743 0
2756 0
2829 0
2869 0
2920 0
2938 0
2973 0
3031 0
3054 0
3097 0
3112 0
3130 0
3172 0
3271 0
3317 0
3345 0
3354 0
3387 0
3409 0
3445 0
3526 0
3564 0
3647 0
3669 0
3682 0
3709 0
3746 0
3867 0
3909 0
3917 0
3953 0
3975 0
3993 0
4078 0
4122 0
4144 0
4158 0
4203 0
4222 0
4361 0
4392 0
4414 0
4472 0
4594 0
4651 0
4694 0
4732 0
4747 0
4780 0
4802 0
4829 0
4878 0
