330 0
417 0
435 0
443 0
462 0
484 0
524 0
643 0
652 0
688 0
727 0
758 0
900 0
1018 0
1022 0
1044 0
1092 0
1131 0
1151 0
1234 0
1244 0
1272 0
1279 0
1320 0
1379 0
1400 0
1487 0
1498 0
1546 0
1579 0
1656 0
1684 0
1706 0
1721 0
1754 0
1784 0
1791 0
1807 0
1823 0
1962 0
2016 0
2051 0
2071 0
2128 0
2283 0
2370 0
2427 0
2439 0
2453 0
2494 0
2501 0
2548 0
2570 0
2638 0
2676 0
2715 0
2721 0
2762 0
2782 0
2792 0
2844 0
2930 0
3093 0
3160 0
3163 0
3204 0
3258 0
3384 0
3416 0
3429 0
3444 0
3458 0
3499 0
3514 0
3520 0
3568 0
3651 0
3677 0
3710 0
3725 0
3813 0
3826 0
3901 0
3943 0
3954 0
3973 0
3989 0
4076 0
4091 0
4128 0
4181 0
4188 0
4214 0
4327 0
4459 0
4495 0
4535 0
4562 0
4589 0
4700 0
4727 0
4756 0
4762 0
4791 0
4799 0
4886 0
