349 0
406 0
492 0
520 0
541 0
611 0
616 0
641 0
661 0
720 0
733 0
783 0
853 0
891 0
972 0
997 0
1011 0
1076 0
1120 0
1178 0
1215 0
1291 0
1320 0
1339 0
1358 0
1384 0
1417 0
1432 0
1465 0
1515 0
1541 0
1614 0
1629 0
1661 0
1691 0
1705 0
1895 0
1922 0
2096 0
2109 0
2127 0
2182 0
2204 0
2253 0
2288 0
2308 0
2335 0
2347 0
2393 0
2475 0
2574 0
2642 0
2746 0
2827 0
2868 0
2889 0
2920 0
2939 0
2969 0
3021 0
3030 0
3086 0
3104 0
3113 0
3286 0
3326 0
3508 0
3520 0
3555 0
3595 0
3607 0
3688 0
3700 0
3749 0
3785 0
3803 0
3841 0
3865 0
3879 0
3907 0
3929 0
3999 0
4039 0
4107 0
4135 0
4214 0
4232 0
4245 0
4325 0
4367 0
4427 0
4483 0
4501 0
4564 0
4576 0
4592 0
4621 0
4677 0
4696 0
4737 0
4814 0
4868 0
