350 0
434 0
456 0
463 0
478 0
525 0
528 0
572 0
679 0
708 0
716 0
792 0
805 0
845 0
859 0
987 0
1043 0
1093 0
1115 0
1136 0
1155 0
1179 0
1219 0
1256 0
1271 0
1285 0
1306 0
1359 0
1465 0
1481 0
1497 0
1577 0
1607 0
1647 0
1653 0
1706 0
1724 0
1796 0
1820 0
1845 0
1906 0
1931 0
1944 0
1969 0
1975 0
1993 0
2019 0
2080 0
2128 0
2238 0
2266 0
2287 0
2307 0
2377 0
2389 0
2420 0
2435 0
2472 0
2519 0
2544 0
2552 0
2568 0
2599 0
2629 0
2649 0
2656 0
2675 0
2695 0
2740 0
2781 0
2796 0
2829 0
2851 0
2915 0
2927 0
2957 0
2981 0
3082 0
3132 0
3206 0
3228 0
3235 0
3249 0
3275 0
3285 0
3314 0
3380 0
3390 0
3426 0
3494 0
3514 0
3560 0
3580 0
3612 0
3649 0
3720 0
3738 0
3743 0
3875 0
3912 0
3934 0
3953 0
3975 0
4010 0
4030 0
4070 0
4089 0
4112 0
4125 0
4173 0
4217 0
4364 0
4385 0
4408 0
4433 0
4492 0
4520 0
4547 0
4642 0
4678 0
4706 0
4738 0
4758 0
4766 0
4787 0
4869 0
