328 0
341 0
367 0
403 0
450 0
480 0
499 0
603 0
661 0
728 0
734 0
770 0
809 0
827 0
846 0
862 0
947 0
1063 0
1093 0
1108 0
1138 0
1187 0
1193 0
1237 0
1297 0
1341 0
1372 0
1386 0
1415 0
1532 0
1556 0
1592 0
1654 0
1680 0
1684 0
1730 0
1755 0
1769 0
1824 0
1852 0
1868 0
1914 0
1991 0
2064 0
2116 0
2195 0
2304 0
2432 0
2477 0
2488 0
2555 0
2574 0
2588 0
2633 0
2647 0
2668 0
2729 0
2738 0
2775 0
2920 0
3016 0
3097 0
3154 0
3215 0
3306 0
3358 0
3381 0
3397 0
3440 0
3458 0
3486 0
3528 0
3542 0
3569 0
3628 0
3665 0
3685 0
3801 0
3830 0
3843 0
3879 0
3919 0
3986 0
4026 0
4035 0
4084 0
4099 0
4123 0
4155 0
4282 0
4358 0
4384 0
4394 0
4414 0
4442 0
4480 0
4498 0
4560 0
4623 0
4722 0
4730 0
4768 0
4813 0
4856 0
4871 0
4884 0
