312 0
449 0
461 0
528 0
553 0
696 0
711 0
724 0
756 0
788 0
806 0
894 0
931 0
977 0
990 0
1004 0
1087 0
1120 0
1150 0
1240 0
1243 0
1313 0
1341 0
1370 0
1486 0
1505 0
1526 0
1593 0
1643 0
1669 0
1706 0
1731 0
1759 0
1789 0
1862 0
1873 0
1922 0
1943 0
1979 0
2052 0
2060 0
2158 0
2173 0
2229 0
2289 0
2330 0
2395 0
2488 0
2560 0
2655 0
2735 0
2832 0
2885 0
2925 0
2982 0
3051 0
3065 0
3160 0
3171 0
3240 0
3277 0
3295 0
3347 0
3361 0
3422 0
3467 0
3500 0
3510 0
3542 0
3574 0
3632 0
3691 0
3720 0
3724 0
3854 0
3883 0
3904 0
3969 0
3992 0
4074 0
4109 0
4146 0
4215 0
4217 0
4238 0
4292 0
4324 0
4411 0
4429 0
4455 0
4501 0
4519 0
4529 0
4667 0
4682 0
4751 0
4766 0
4911 0
