341 0
427 0
530 0
606 0
679 0
688 0
702 0
778 0
811 0
830 0
892 0
923 0
937 0
965 0
987 0
1017 0
1060 0
1095 0
1120 0
1176 0
1203 0
1223 0
1316 0
1340 0
1372 0
1383 0
1413 0
1484 0
1506 0
1526 0
1568 0
1593 0
1655 0
1667 0
1752 0
1771 0
1787 0
1851 0
1859 0
1937 0
2061 0
2153 0
2186 0
2232 0
2246 0
2287 0
2371 0
2433 0
2458 0
2489 0
2502 0
2708 0
2730 0
2762 0
2775 0
2845 0
2938 0
2974 0
2990 0
3034 0
3070 0
3146 0
3292 0
3354 0
3375 0
3425 0
3448 0
3453 0
3540 0
3567 0
3637 0
3641 0
3700 0
3716 0
3728 0
3801 0
3837 0
3846 0
3890 0
3904 0
4011 0
4027 0
4035 0
4101 0
4119 0
4158 0
4212 0
4228 0
4252 0
4270 0
4285 0
4325 0
4389 0
4404 0
4444 0
4513 0
4526 0
4555 0
4617 0
4688 0
4792 0
4874 0
