331 0
345 0
390 0
402 0
457 0
468 0
483 0
495 0
540 0
547 0
606 0
677 0
684 0
744 0
804 0
931 0
955 0
1026 0
1055 0
1085 0
1113 0
1131 0
1150 0
1284 0
1307 0
1412 0
1438 0
1469 0
1482 0
1535 0
1608 0
1627 0
1702 0
1759 0
1804 0
1839 0
1863 0
1896 0
1909 0
1954 0
1966 0
2019 0
2049 0
2090 0
2171 0
2194 0
2264 0
2435 0
2505 0
2574 0
2599 0
2621 0
2650 0
2704 0
2778 0
2949 0
3016 0
3054 0
3143 0
3171 0
3208 0
3248 0
3268 0
3300 0
3326 0
3352 0
3381 0
3414 0
3458 0
3504 0
3603 0
3613 0
3680 0
3728 0
3752 0
3790 0
3798 0
3924 0
3935 0
4078 0
4089 0
4098 0
4133 0
4164 0
4186 0
4263 0
4289 0
4413 0
4472 0
4524 0
4548 0
4621 0
4671 0
4689 0
4720 0
4735 0
4758 0
4765 0
4827 0
4835 0
4874 0
4887 0
