313 0
325 0
480 0
525 0
554 0
618 0
647 0
689 0
753 0
779 0
837 0
866 0
893 0
916 0
955 0
985 0
997 0
1102 0
1220 0
1238 0
1251 0
1262 0
1388 0
1491 0
1535 0
1554 0
1568 0
1587 0
1617 0
1693 0
1709 0
1830 0
1883 0
1919 0
1946 0
1990 0
2011 0
2062 0
2124 0
2177 0
2231 0
2247 0
2310 0
2331 0
2369 0
2389 0
2509 0
2528 0
2563 0
2581 0
2649 0
2663 0
2695 0
2708 0
2829 0
2851 0
2883 0
2913 0
2962 0
2987 0
3042 0
3104 0
3156 0
3201 0
3226 0
3268 0
3308 0
3347 0
3392 0
3510 0
3534 0
3588 0
3623 0
3645 0
3667 0
3685 0
3726 0
3830 0
3959 0
3972 0
3979 0
4009 0
4125 0
4230 0
4249 0
4257 0
4307 0
4321 0
4356 0
4372 0
4452 0
4470 0
4530 0
4566 0
4595 0
4659 0
4699 0
4740 0
4891 0
4907 0
