311 0
383 0
414 0
438 0
491 0
507 0
547 0
568 0
601 0
644 0
671 0
684 0
778 0
855 0
900 0
938 0
980 0
1046 0
1078 0
1102 0
1135 0
1186 0
1208 0
1238 0
1270 0
1285 0
1325 0
1348 0
1362 0
1439 0
1469 0
1519 0
1540 0
1610 0
1636 0
1789 0
1804 0
1820 0
1842 0
1868 0
1948 0
1962 0
2112 0
2154 0
2271 0
2308 0
2368 0
2395 0
2428 0
2456 0
2466 0
2545 0
2553 0
2659 0
2685 0
2747 0
2768 0
2796 0
2828 0
2854 0
2921 0
2953 0
3067 0
3105 0
3257 0
3270 0
3364 0
3368 0
3395 0
3408 0
3424 0
3579 0
3615 0
3673 0
3691 0
3754 0
3778 0
3856 0
3874 0
3898 0
3938 0
3956 0
3981 0
4011 0
4030 0
4081 0
4119 0
4133 0
4173 0
4247 0
4280 0
4328 0
4362 0
4440 0
4523 0
4554 0
4582 0
4615 0
4656 0
4667 0
4720 0
4736 0
4785 0
4810 0
4841 0
4898 0
