367 0
376 0
398 0
455 0
471 0
484 0
543 0
658 0
671 0
701 0
729 0
742 0
893 0
912 0
938 0
970 0
1025 0
1058 0
1087 0
1100 0
1130 0
1154 0
1206 0
1209 0
1340 0
1429 0
1476 0
1481 0
1504 0
1539 0
1670 0
1688 0
1761 0
1786 0
1866 0
1882 0
1923 0
1945 0
2014 0
2045 0
2166 0
2220 0
2231 0
2274 0
2342 0
2375 0
2384 0
2400 0
2551 0
2583 0
2586 0
2630 0
2643 0
2655 0
2818 0
2828 0
2850 0
2882 0
2948 0
2988 0
3003 0
3046 0
3174 0
3198 0
3270 0
3290 0
3348 0
3360 0
3427 0
3455 0
3528 0
3542 0
3673 0
3720 0
3728 0
3753 0
3778 0
3884 0
3998 0
4018 0
4066 0
4093 0
4122 0
4135 0
4154 0
4191 0
4249 0
4268 0
4316 0
4329 0
4476 0
4489 0
4509 0
4545 0
4558 0
4681 0
4741 0
4745 0
4763 0
4825 0
4840 0
4850 0
