333 0
395 0
443 0
478 0
496 0
543 0
572 0
618 0
644 0
708 0
735 0
760 0
801 0
847 0
905 0
1004 0
1034 0
1052 0
1100 0
1118 0
1127 0
1147 0
1174 0
1322 0
1512 0
1548 0
1628 0
1680 0
1763 0
1777 0
1812 0
1859 0
1946 0
1975 0
1991 0
2071 0
2098 0
2130 0
2161 0
2188 0
2214 0
2269 0
2335 0
2376 0
2409 0
2421 0
2440 0
2510 0
2517 0
2554 0
2589 0
2631 0
2664 0
2693 0
2711 0
2775 0
2791 0
2821 0
2854 0
2887 0
2945 0
2994 0
3032 0
3058 0
3084 0
3112 0
3153 0
3216 0
3240 0
3279 0
3351 0
3411 0
3440 0
3467 0
3537 0
3600 0
3663 0
3711 0
3900 0
4032 0
4070 0
4085 0
4100 0
4123 0
4167 0
4192 0
4207 0
4305 0
4384 0
4411 0
4458 0
4482 0
4512 0
4583 0
4602 0
4645 0
4681 0
4712 0
4742 0
4775 0
4820 0
4880 0
