325 0
398 0
424 0
430 0
474 0
499 0
601 0
623 0
630 0
672 0
711 0
717 0
741 0
848 0
855 0
896 0
933 0
938 0
960 0
973 0
1059 0
1078 0
1104 0
1189 0
1231 0
1310 0
1380 0
1404 0
1415 0
1593 0
1613 0
1684 0
1703 0
1795 0
1892 0
1908 0
1930 0
2002 0
2014 0
2055 0
2090 0
2093 0
2138 0
2190 0
2211 0
2290 0
2351 0
2376 0
2392 0
2442 0
2472 0
2498 0
2524 0
2702 0
2735 0
2744 0
2783 0
2828 0
2842 0
2861 0
2940 0
2998 0
3028 0
3092 0
3122 0
3132 0
3163 0
3205 0
3228 0
3286 0
3311 0
3319 0
3425 0
3506 0
3521 0
3612 0
3632 0
3803 0
3811 0
3833 0
3906 0
3980 0
4043 0
4130 0
4135 0
4149 0
4240 0
4253 0
4277 0
4289 0
4333 0
4362 0
4375 0
4487 0
4492 0
4510 0
4553 0
4586 0
4601 0
4619 0
4715 0
4745 0
4790 0
4804 0
4822 0
4887 0
