332 0
385 0
404 0
469 0
482 0
532 0
560 0
652 0
777 0
798 0
834 0
864 0
896 0
906 0
933 0
946 0
958 0
973 0
1019 0
1027 0
1101 0
1108 0
1221 0
1295 0
1373 0
1436 0
1491 0
1499 0
1535 0
1561 0
1592 0
1600 0
1664 0
1779 0
1794 0
1848 0
1893 0
1935 0
1971 0
1974 0
2098 0
2111 0
2151 0
2275 0
2288 0
2306 0
2343 0
2385 0
2401 0
2424 0
2474 0
2512 0
2574 0
2641 0
2714 0
2738 0
2798 0
2808 0
2836 0
2889 0
2910 0
2938 0
2943 0
3071 0
3098 0
3112 0
3242 0
3262 0
3284 0
3329 0
3373 0
3428 0
3447 0
3568 0
3614 0
3635 0
3656 0
3678 0
3710 0
3728 0
3779 0
3855 0
3922 0
4002 0
4110 0
4122 0
4194 0
4203 0
4238 0
4259 0
4282 0
4300 0
4315 0
4319 0
4361 0
4376 0
4421 0
4452 0
4561 0
4659 0
4681 0
4734 0
4753 0
4813 0
4835 0
4890 0
