308 0
371 0
469 0
505 0
567 0
658 0
676 0
720 0
770 0
823 0
852 0
921 0
984 0
996 0
1063 0
1072 0
1100 0
1110 0
1177 0
1199 0
1218 0
1300 0
1322 0
1349 0
1362 0
1506 0
1584 0
1619 0
1646 0
1657 0
1706 0
1782 0
1818 0
1827 0
1864 0
1872 0
1892 0
1910 0
1956 0
1984 0
2048 0
2089 0
2185 0
2196 0
2211 0
2243 0
2289 0
2391 0
2424 0
2432 0
2572 0
2636 0
2773 0
2800 0
2836 0
2928 0
2978 0
2999 0
3011 0
3040 0
3141 0
3170 0
3232 0
3254 0
3310 0
3331 0
3346 0
3354 0
3387 0
3411 0
3435 0
3510 0
3559 0
3583 0
3592 0
3628 0
3708 0
3847 0
3868 0
3906 0
3911 0
4009 0
4028 0
4036 0
4102 0
4115 0
4142 0
4154 0
4223 0
4237 0
4287 0
4366 0
4390 0
4439 0
4500 0
4545 0
4566 0
4648 0
4723 0
4751 0
4849 0
4908 0
