315 0
331 0
415 0
456 0
481 0
511 0
543 0
546 0
564 0
642 0
667 0
783 0
825 0
840 0
895 0
974 0
1012 0
1102 0
1135 0
1154 0
1223 0
1277 0
1349 0
1389 0
1491 0
1550 0
1573 0
1621 0
1633 0
1733 0
1791 0
1903 0
1916 0
1941 0
1963 0
1985 0
2045 0
2064 0
2083 0
2133 0
2156 0
2259 0
2262 0
2307 0
2350 0
2365 0
2412 0
2420 0
2472 0
2536 0
2589 0
2625 0
2685 0
2743 0
2799 0
2807 0
2854 0
2861 0
2910 0
2945 0
2963 0
3074 0
3087 0
3135 0
3157 0
3175 0
3231 0
3249 0
3275 0
3301 0
3322 0
3425 0
3493 0
3572 0
3600 0
3639 0
3659 0
3733 0
3836 0
3863 0
3930 0
4009 0
4067 0
4083 0
4120 0
4209 0
4248 0
4327 0
4384 0
4393 0
4436 0
4545 0
4578 0
4643 0
4667 0
4689 0
4693 0
4741 0
4770 0
4799 0
4882 0
4904 0
