308 0
346 0
383 0
477 0
509 0
513 0
555 0
566 0
596 0
625 0
636 0
669 0
746 0
835 0
928 0
990 0
1050 0
1063 0
1106 0
1176 0
1206 0
1242 0
1270 0
1340 0
1365 0
1424 0
1518 0
1544 0
1607 0
1630 0
1639 0
1704 0
1778 0
1903 0
1968 0
1995 0
2051 0
2129 0
2174 0
2199 0
2266 0
2338 0
2358 0
2377 0
2447 0
2450 0
2493 0
2577 0
2599 0
2634 0
2649 0
2726 0
2765 0
2783 0
2843 0
2863 0
2876 0
2953 0
3011 0
3046 0
3087 0
3176 0
3217 0
3250 0
3327 0
3450 0
3509 0
3585 0
3592 0
3615 0
3674 0
3698 0
3793 0
3854 0
3885 0
3957 0
3972 0
4013 0
4037 0
4106 0
4149 0
4180 0
4224 0
4297 0
4380 0
4485 0
4554 0
4579 0
4593 0
4623 0
4654 0
4673 0
4696 0
4719 0
4742 0
4835 0
4876 0
4898 0
