435 0
450 0
461 0
488 0
540 0
636 0
671 0
763 0
774 0
856 0
914 0
946 0
967 0
981 0
1023 0
1041 0
1078 0
1177 0
1233 0
1281 0
1314 0
1376 0
1414 0
1439 0
1498 0
1525 0
1533 0
1572 0
1585 0
1629 0
1637 0
1676 0
1689 0
1733 0
1790 0
1821 0
1866 0
1966 0
1986 0
2082 0
2094 0
2139 0
2187 0
2203 0
2253 0
2285 0
2441 0
2478 0
2569 0
2643 0
2753 0
2778 0
2939 0
2959 0
3020 0
3040 0
3087 0
3116 0
3132 0
3239 0
3257 0
3362 0
3387 0
3419 0
3497 0
3532 0
3543 0
3580 0
3588 0
3635 0
3646 0
3674 0
3705 0
3709 0
3777 0
3800 0
3846 0
3908 0
3938 0
3991 0
4039 0
4138 0
4168 0
4195 0
4249 0
4260 0
4273 0
4305 0
4358 0
4448 0
4468 0
4552 0
4578 0
4676 0
4742 0
4755 0
4762 0
4783 0
