325 0
347 0
406 0
497 0
521 0
566 0
635 0
688 0
721 0
784 0
811 0
831 0
863 0
893 0
933 0
953 0
989 0
1141 0
1228 0
1260 0
1310 0
1340 0
1371 0
1400 0
1435 0
1465 0
1510 0
1524 0
1568 0
1583 0
1624 0
1672 0
1712 0
1847 0
1919 0
2055 0
2100 0
2143 0
2167 0
2189 0
2222 0
2299 0
2412 0
2417 0
2454 0
2549 0
2558 0
2576 0
2640 0
2660 0
2684 0
2760 0
2804 0
2814 0
2909 0
3002 0
3029 0
3050 0
3072 0
3126 0
3163 0
3310 0
3374 0
3515 0
3548 0
3601 0
3631 0
3649 0
3693 0
3708 0
3746 0
3786 0
3817 0
3847 0
3891 0
3903 0
3948 0
3979 0
4077 0
4223 0
4256 0
4289 0
4329 0
4368 0
4389 0
4404 0
4431 0
4502 0
4532 0
4580 0
4651 0
4700 0
4716 0
4822 0
4871 0
4885 0
