423 0
451 0
533 0
635 0
657 0
694 0
704 0
722 0
743 0
843 0
928 0
954 0
999 0
1004 0
1041 0
1112 0
1148 0
1232 0
1261 0
1308 0
1344 0
1365 0
1396 0
1415 0
1441 0
1501 0
1520 0
1557 0
1590 0
1626 0
1647 0
1650 0
1723 0
1814 0
1884 0
1890 0
1940 0
1964 0
1994 0
2085 0
2126 0
2215 0
2243 0
2275 0
2420 0
2433 0
2475 0
2546 0
2568 0
2595 0
2626 0
2646 0
2674 0
2739 0
2780 0
2800 0
2954 0
2982 0
3000 0
3083 0
3129 0
3216 0
3249 0
3270 0
3328 0
3340 0
3416 0
3499 0
3565 0
3579 0
3597 0
3636 0
3662 0
3691 0
3714 0
3778 0
3804 0
3817 0
3852 0
3861 0
3915 0
3955 0
3981 0
4075 0
4098 0
4169 0
4201 0
4231 0
4260 0
4297 0
4379 0
4482 0
4501 0
4519 0
4525 0
4563 0
4582 0
4678 0
4772 0
4795 0
