308 0
326 0
380 0
404 0
452 0
481 0
502 0
568 0
607 0
623 0
638 0
652 0
751 0
846 0
852 0
909 0
940 0
967 0
978 0
1075 0
1119 0
1287 0
1320 0
1339 0
1368 0
1466 0
1488 0
1502 0
1554 0
1572 0
1635 0
1668 0
1714 0
1729 0
1799 0
1821 0
1882 0
1903 0
1934 0
1943 0
2007 0
2093 0
2126 0
2170 0
2197 0
2285 0
2370 0
2424 0
2435 0
2484 0
2578 0
2589 0
2623 0
2648 0
2722 0
2777 0
2804 0
2850 0
2926 0
3016 0
3056 0
3086 0
3112 0
3204 0
3280 0
3286 0
3330 0
3339 0
3384 0
3429 0
3500 0
3516 0
3545 0
3573 0
3643 0
3665 0
3710 0
3729 0
3756 0
3852 0
3881 0
3896 0
3936 0
4110 0
4138 0
4244 0
4260 0
4272 0
4302 0
4361 0
4374 0
4460 0
4568 0
4581 0
4606 0
4618 0
4657 0
4710 0
4734 0
4769 0
4825 0
4834 0
4882 0
4900 0
