312 0
411 0
484 0
509 0
528 0
551 0
609 0
637 0
670 0
681 0
792 0
827 0
895 0
973 0
996 0
1142 0
1177 0
1199 0
1223 0
1260 0
1303 0
1340 0
1367 0
1390 0
1474 0
1500 0
1516 0
1586 0
1651 0
1732 0
1776 0
1834 0
1920 0
1934 0
2003 0
2011 0
2097 0
2149 0
2162 0
2186 0
2198 0
2221 0
2245 0
2294 0
2299 0
2458 0
2472 0
2486 0
2575 0
2646 0
2733 0
2744 0
2759 0
2909 0
2929 0
2974 0
3001 0
3015 0
3030 0
3058 0
3067 0
3122 0
3197 0
3217 0
3286 0
3300 0
3391 0
3437 0
3492 0
3554 0
3627 0
3705 0
3718 0
3742 0
3832 0
3846 0
3891 0
3921 0
3949 0
3997 0
4024 0
4043 0
4068 0
4231 0
4236 0
4334 0
4399 0
4434 0
4532 0
4551 0
4581 0
4608 0
4660 0
4685 0
4714 0
4734 0
4803 0
4907 0
