318 0
395 0
422 0
460 0
500 0
525 0
567 0
670 0
891 0
907 0
920 0
943 0
962 0
1004 0
1023 0
1083 0
1109 0
1186 0
1193 0
1238 0
1257 0
1311 0
1347 0
1375 0
1422 0
1490 0
1509 0
1569 0
1619 0
1634 0
1655 0
1669 0
1697 0
1729 0
1757 0
1822 0
1862 0
1898 0
1943 0
1968 0
1982 0
2004 0
2010 0
2044 0
2088 0
2185 0
2279 0
2381 0
2435 0
2472 0
2502 0
2592 0
2627 0
2717 0
2742 0
2778 0
2838 0
2925 0
3037 0
3133 0
3176 0
3198 0
3217 0
3233 0
3259 0
3270 0
3325 0
3363 0
3384 0
3464 0
3499 0
3526 0
3549 0
3554 0
3586 0
3590 0
3649 0
3718 0
3733 0
3799 0
3856 0
3865 0
3908 0
3963 0
3989 0
4021 0
4034 0
4098 0
4136 0
4195 0
4205 0
4258 0
4281 0
4299 0
4305 0
4325 0
4548 0
4656 0
4698 0
4720 0
4744 0
4810 0
4818 0
4899 0
