360 0
378 0
409 0
455 0
474 0
560 0
611 0
626 0
635 0
690 0
722 0
789 0
825 0
939 0
1015 0
1025 0
1130 0
1153 0
1188 0
1199 0
1247 0
1342 0
1381 0
1407 0
1429 0
1571 0
1654 0
1714 0
1723 0
1830 0
1837 0
1869 0
1876 0
1916 0
1965 0
2072 0
2097 0
2150 0
2224 0
2228 0
2281 0
2308 0
2333 0
2371 0
2385 0
2407 0
2416 0
2471 0
2545 0
2566 0
2574 0
2639 0
2654 0
2678 0
2753 0
2803 0
2816 0
2835 0
2845 0
2876 0
2913 0
2940 0
2976 0
3007 0
3073 0
3113 0
3149 0
3257 0
3310 0
3340 0
3354 0
3367 0
3399 0
3493 0
3513 0
3566 0
3642 0
3783 0
3815 0
3827 0
3882 0
3969 0
4025 0
4039 0
4074 0
4086 0
4192 0
4214 0
4274 0
4390 0
4435 0
4495 0
4528 0
4576 0
4599 0
4623 0
4663 0
4752 0
4773 0
4795 0
4831 0
4853 0
