333 0
345 0
378 0
392 0
542 0
615 0
661 0
671 0
779 0
792 0
844 0
895 0
926 0
939 0
955 0
988 0
1060 0
1076 0
1102 0
1112 0
1155 0
1180 0
1256 0
1288 0
1311 0
1327 0
1421 0
1476 0
1484 0
1540 0
1558 0
1604 0
1645 0
1692 0
1813 0
1824 0
1861 0
1872 0
1903 0
2048 0
2087 0
2140 0
2146 0
2190 0
2205 0
2302 0
2358 0
2398 0
2518 0
2554 0
2575 0
2594 0
2624 0
2637 0
2661 0
2693 0
2813 0
2871 0
2910 0
3010 0
3030 0
3066 0
3086 0
3144 0
3174 0
3324 0
3344 0
3360 0
3398 0
3404 0
3529 0
3573 0
3610 0
3660 0
3685 0
3737 0
3749 0
3804 0
3887 0
3901 0
3942 0
3968 0
4031 0
4075 0
4100 0
4128 0
4144 0
4150 0
4225 0
4256 0
4278 0
4294 0
4326 0
4378 0
4426 0
4447 0
4550 0
4572 0
4603 0
4691 0
4813 0
4831 0
4874 0
4885 0
