314 0
388 0
402 0
440 0
448 0
481 0
534 0
608 0
644 0
671 0
701 0
742 0
800 0
911 0
934 0
936 0
1012 0
1117 0
1147 0
1335 0
1359 0
1381 0
1397 0
1422 0
1433 0
1481 0
1521 0
1533 0
1573 0
1619 0
1660 0
1698 0
1727 0
1758 0
1812 0
1849 0
1888 0
1983 0
1994 0
2009 0
2232 0
2334 0
2377 0
2403 0
2429 0
2481 0
2506 0
2535 0
2559 0
2568 0
2596 0
2628 0
2640 0
2660 0
2675 0
2712 0
2748 0
2791 0
2809 0
2840 0
2880 0
2980 0
3199 0
3226 0
3241 0
3322 0
3372 0
3414 0
3467 0
3500 0
3526 0
3554 0
3597 0
3640 0
3686 0
3700 0
3731 0
3776 0
3799 0
3813 0
3836 0
3875 0
3879 0
4064 0
4107 0
4206 0
4272 0
4292 0
4313 0
4418 0
4476 0
4516 0
4545 0
4575 0
4620 0
4687 0
4730 0
4770 0
4791 0
4812 0
4830 0
4907 0
