350 0
385 0
423 0
437 0
461 0
532 0
562 0
610 0
649 0
711 0
786 0
866 0
906 0
1061 0
1098 0
1107 0
1175 0
1202 0
1223 0
1233 0
1242 0
1268 0
1288 0
1354 0
1374 0
1392 0
1493 0
1509 0
1559 0
1591 0
1613 0
1626 0
1672 0
1708 0
1859 0
1947 0
1990 0
2009 0
2041 0
2073 0
2080 0
2136 0
2223 0
2288 0
2391 0
2432 0
2462 0
2490 0
2523 0
2596 0
2628 0
2698 0
2731 0
2760 0
2787 0
2836 0
2925 0
3001 0
3081 0
3131 0
3147 0
3173 0
3199 0
3221 0
3266 0
3356 0
3508 0
3543 0
3603 0
3607 0
3635 0
3670 0
3718 0
3736 0
3831 0
3849 0
3872 0
3939 0
3946 0
3962 0
3981 0
4009 0
4023 0
4033 0
4098 0
4116 0
4151 0
4317 0
4361 0
4434 0
4509 0
4568 0
4614 0
4653 0
4679 0
4751 0
4784 0
4808 0
4834 0
4863 0
