382 0
421 0
445 0
488 0
503 0
538 0
606 0
641 0
683 0
707 0
739 0
778 0
791 0
839 0
864 0
907 0
928 0
1000 0
1014 0
1059 0
1118 0
1193 0
1215 0
1340 0
1387 0
1426 0
1444 0
1470 0
1489 0
1546 0
1596 0
1611 0
1697 0
1786 0
1805 0
1824 0
1913 0
1957 0
2001 0
2016 0
2070 0
2118 0
2129 0
2144 0
2162 0
2183 0
2289 0
2335 0
2460 0
2492 0
2524 0
2537 0
2566 0
2597 0
2631 0
2658 0
2673 0
2700 0
2728 0
2770 0
2880 0
2926 0
3035 0
3055 0
3064 0
3084 0
3100 0
3153 0
3197 0
3224 0
3263 0
3302 0
3386 0
3415 0
3429 0
3526 0
3620 0
3631 0
3687 0
3737 0
3744 0
3783 0
3805 0
3833 0
3882 0
4000 0
4014 0
4110 0
4150 0
4200 0
4219 0
4292 0
4317 0
4368 0
4370 0
4432 0
4447 0
4479 0
4510 0
4536 0
4577 0
4618 0
4679 0
4716 0
4735 0
4774 0
4802 0
4839 0
