317 0
328 0
372 0
398 0
426 0
552 0
567 0
628 0
642 0
706 0
770 0
810 0
937 0
957 0
1001 0
1047 0
1079 0
1140 0
1230 0
1266 0
1305 0
1316 0
1381 0
1477 0
1507 0
1563 0
1572 0
1612 0
1634 0
1704 0
1780 0
1801 0
1892 0
1944 0
1981 0
2000 0
2071 0
2101 0
2130 0
2148 0
2162 0
2188 0
2197 0
2219 0
2238 0
2277 0
2349 0
2459 0
2507 0
2532 0
2539 0
2562 0
2654 0
2683 0
2689 0
2716 0
2763 0
2866 0
2946 0
2984 0
3004 0
3023 0
3030 0
3054 0
3075 0
3093 0
3113 0
3146 0
3221 0
3234 0
3270 0
3320 0
3430 0
3446 0
3513 0
3571 0
3612 0
3644 0
3669 0
3710 0
3745 0
3836 0
3895 0
3918 0
3956 0
3979 0
4077 0
4144 0
4181 0
4227 0
4260 0
4275 0
4415 0
4446 0
4507 0
4584 0
4596 0
4657 0
4671 0
4778 0
4818 0
4854 0
4882 0
4910 0
