311 0
382 0
453 0
462 0
519 0
545 0
567 0
599 0
640 0
685 0
774 0
824 0
846 0
890 0
911 0
936 0
1000 0
1012 0
1215 0
1239 0
1269 0
1298 0
1319 0
1340 0
1397 0
1470 0
1569 0
1660 0
1669 0
1706 0
1721 0
1754 0
1770 0
1814 0
1823 0
1845 0
1884 0
1888 0
1912 0
1960 0
2000 0
2049 0
2058 0
2089 0
2171 0
2198 0
2243 0
2280 0
2367 0
2403 0
2492 0
2563 0
2661 0
2736 0
2809 0
2850 0
2932 0
2978 0
3010 0
3059 0
3132 0
3152 0
3171 0
3220 0
3249 0
3307 0
3325 0
3335 0
3379 0
3391 0
3412 0
3450 0
3452 0
3497 0
3506 0
3552 0
3568 0
3640 0
3743 0
3811 0
3880 0
3909 0
3925 0
3950 0
3985 0
3997 0
4211 0
4223 0
4283 0
4306 0
4332 0
4375 0
4402 0
4451 0
4523 0
4583 0
4622 0
4642 0
4663 0
4701 0
4755 0
4775 0
4838 0
4907 0
