329 0
410 0
488 0
528 0
597 0
617 0
722 0
735 0
749 0
775 0
805 0
847 0
865 0
970 0
998 0
1027 0
1051 0
1150 0
1218 0
1365 0
1381 0
1401 0
1440 0
1520 0
1559 0
1570 0
1625 0
1731 0
1782 0
1808 0
1838 0
1854 0
1920 0
1947 0
1965 0
1996 0
2128 0
2184 0
2197 0
2238 0
2293 0
2300 0
2362 0
2384 0
2412 0
2440 0
2534 0
2580 0
2587 0
2632 0
2648 0
2679 0
2774 0
2811 0
2830 0
2865 0
2914 0
2936 0
2976 0
3012 0
3036 0
3079 0
3216 0
3255 0
3276 0
3311 0
3364 0
3370 0
3407 0
3445 0
3486 0
3598 0
3646 0
3668 0
3692 0
3790 0
3823 0
3826 0
3855 0
4009 0
4075 0
4173 0
4188 0
4221 0
4249 0
4361 0
4380 0
4416 0
4452 0
4470 0
4474 0
4489 0
4592 0
4614 0
4689 0
4735 0
4800 0
4883 0
