320 0
346 0
372 0
393 0
428 0
486 0
514 0
538 0
634 0
649 0
667 0
686 0
756 0
864 0
895 0
979 0
1017 0
1026 0
1129 0
1152 0
1228 0
1291 0
1382 0
1404 0
1419 0
1498 0
1542 0
1552 0
1568 0
1599 0
1622 0
1692 0
1756 0
1788 0
1828 0
1903 0
1952 0
1980 0
2000 0
2150 0
2165 0
2178 0
2196 0
2219 0
2268 0
2279 0
2400 0
2425 0
2475 0
2531 0
2539 0
2580 0
2638 0
2678 0
2693 0
2742 0
2799 0
2809 0
2928 0
2949 0
3008 0
3018 0
3041 0
3055 0
3066 0
3218 0
3240 0
3270 0
3326 0
3399 0
3431 0
3459 0
3535 0
3590 0
3612 0
3652 0
3668 0
3677 0
3710 0
3802 0
3817 0
3841 0
3937 0
3985 0
4066 0
4081 0
4184 0
4203 0
4245 0
4327 0
4359 0
4460 0
4524 0
4547 0
4570 0
4588 0
4687 0
4706 0
4733 0
4790 0
4816 0
4846 0
4864 0
4907 0
