358 0
396 0
483 0
520 0
570 0
614 0
635 0
690 0
728 0
770 0
810 0
820 0
845 0
988 0
1029 0
1047 0
1086 0
1142 0
1217 0
1233 0
1244 0
1325 0
1332 0
1430 0
1472 0
1497 0
1516 0
1534 0
1620 0
1658 0
1681 0
1711 0
1725 0
1753 0
1774 0
1814 0
1824 0
1851 0
1898 0
1954 0
2071 0
2116 0
2128 0
2188 0
2220 0
2262 0
2374 0
2384 0
2403 0
2461 0
2480 0
2545 0
2560 0
2589 0
2622 0
2657 0
2683 0
2753 0
2762 0
2812 0
2825 0
2845 0
2943 0
3003 0
3030 0
3092 0
3104 0
3158 0
3274 0
3320 0
3382 0
3387 0
3409 0
3441 0
3452 0
3494 0
3518 0
3543 0
3555 0
3593 0
3686 0
3693 0
3717 0
3750 0
3788 0
3881 0
3900 0
3964 0
3979 0
4007 0
4076 0
4142 0
4180 0
4188 0
4217 0
4380 0
4401 0
4413 0
4441 0
4502 0
4535 0
4578 0
4598 0
4649 0
4697 0
4738 0
4822 0
4858 0
