310 0
348 0
419 0
468 0
534 0
631 0
655 0
675 0
683 0
701 0
727 0
762 0
766 0
815 0
906 0
959 0
992 0
1053 0
1103 0
1179 0
1201 0
1208 0
1266 0
1367 0
1425 0
1441 0
1541 0
1559 0
1587 0
1608 0
1635 0
1665 0
1754 0
1872 0
1900 0
1962 0
2055 0
2067 0
2149 0
2188 0
2199 0
2224 0
2253 0
2306 0
2334 0
2375 0
2386 0
2427 0
2510 0
2547 0
2568 0
2638 0
2684 0
2709 0
2796 0
2827 0
2852 0
2874 0
2915 0
2971 0
3006 0
3024 0
3030 0
3065 0
3154 0
3164 0
3248 0
3327 0
3336 0
3461 0
3554 0
3579 0
3615 0
3624 0
3667 0
3678 0
3784 0
3797 0
3851 0
3946 0
4009 0
4017 0
4045 0
4126 0
4166 0
4223 0
4263 0
4312 0
4410 0
4453 0
4459 0
4489 0
4516 0
4532 0
4554 0
4568 0
4576 0
4680 0
4755 0
4797 0
4870 0
4903 0
