366 0
375 0
405 0
520 0
538 0
619 0
630 0
657 0
719 0
757 0
830 0
845 0
896 0
941 0
1038 0
1085 0
1138 0
1177 0
1264 0
1290 0
1356 0
1412 0
1470 0
1533 0
1576 0
1612 0
1682 0
1706 0
1782 0
1801 0
1807 0
1828 0
1857 0
1883 0
1914 0
1933 0
2008 0
2060 0
2110 0
2141 0
2206 0
2225 0
2273 0
2309 0
2331 0
2392 0
2438 0
2508 0
2517 0
2544 0
2682 0
2690 0
2714 0
2774 0
2828 0
2878 0
2914 0
2946 0
3005 0
3010 0
3088 0
3109 0
3147 0
3205 0
3291 0
3300 0
3344 0
3355 0
3396 0
3403 0
3424 0
3445 0
3510 0
3550 0
3607 0
3642 0
3679 0
3756 0
3801 0
3871 0
3942 0
3960 0
4030 0
4086 0
4144 0
4173 0
4272 0
4327 0
4370 0
4398 0
4468 0
4497 0
4571 0
4579 0
4597 0
4678 0
4707 0
4818 0
4833 0
4857 0
