335 0
507 0
518 0
574 0
610 0
615 0
633 0
668 0
690 0
764 0
795 0
828 0
886 0
976 0
998 0
1016 0
1057 0
1114 0
1138 0
1242 0
1311 0
1332 0
1354 0
1372 0
1415 0
1438 0
1483 0
1509 0
1528 0
1539 0
1553 0
1583 0
1627 0
1654 0
1714 0
1774 0
1868 0
1897 0
1956 0
1976 0
2073 0
2160 0
2190 0
2219 0
2387 0
2401 0
2434 0
2483 0
2512 0
2522 0
2545 0
2555 0
2662 0
2678 0
2689 0
2708 0
2733 0
2773 0
2820 0
2829 0
2993 0
3033 0
3049 0
3150 0
3233 0
3258 0
3329 0
3362 0
3444 0
3517 0
3565 0
3596 0
3637 0
3660 0
3682 0
3700 0
3720 0
3726 0
3779 0
3799 0
3856 0
3874 0
3883 0
3903 0
3963 0
4091 0
4103 0
4157 0
4212 0
4223 0
4248 0
4321 0
4401 0
4436 0
4462 0
4528 0
4543 0
4580 0
4591 0
4621 0
4657 0
4695 0
4715 0
4890 0
