310 0
398 0
430 0
473 0
491 0
505 0
516 0
640 0
660 0
667 0
811 0
838 0
909 0
964 0
1004 0
1104 0
1119 0
1189 0
1300 0
1320 0
1333 0
1380 0
1403 0
1415 0
1438 0
1508 0
1524 0
1573 0
1588 0
1634 0
1687 0
1713 0
1773 0
1848 0
1908 0
2014 0
2113 0
2145 0
2177 0
2222 0
2258 0
2284 0
2297 0
2353 0
2378 0
2425 0
2458 0
2553 0
2585 0
2630 0
2661 0
2762 0
2802 0
2845 0
2866 0
2915 0
2925 0
2961 0
2997 0
3035 0
3066 0
3110 0
3207 0
3313 0
3376 0
3448 0
3517 0
3524 0
3583 0
3633 0
3647 0
3700 0
3707 0
3775 0
3802 0
3816 0
3834 0
3882 0
3906 0
3913 0
4033 0
4113 0
4124 0
4206 0
4265 0
4310 0
4372 0
4407 0
4540 0
4569 0
4585 0
4707 0
4710 0
4742 0
4750 0
4781 0
4820 0
4907 0
