390 0
393 0
457 0
497 0
636 0
759 0
775 0
790 0
849 0
899 0
920 0
975 0
994 0
1034 0
1042 0
1114 0
1135 0
1184 0
1256 0
1263 0
1285 0
1305 0
1338 0
1383 0
1395 0
1414 0
1472 0
1562 0
1603 0
1663 0
1678 0
1685 0
1800 0
1803 0
1907 0
2020 0
2052 0
2059 0
2079 0
2105 0
2109 0
2223 0
2253 0
2284 0
2311 0
2362 0
2422 0
2443 0
2501 0
2704 0
2781 0
2799 0
2864 0
2921 0
2934 0
2963 0
3005 0
3097 0
3113 0
3134 0
3157 0
3166 0
3200 0
3307 0
3407 0
3432 0
3531 0
3538 0
3561 0
3608 0
3662 0
3751 0
3792 0
3822 0
3840 0
3892 0
3922 0
3929 0
3947 0
3972 0
4039 0
4092 0
4107 0
4170 0
4193 0
4224 0
4234 0
4297 0
4333 0
4377 0
4432 0
4446 0
4469 0
4577 0
4722 0
4770 0
4815 0
4844 0
