332 0
457 0
490 0
499 0
518 0
666 0
703 0
770 0
790 0
806 0
828 0
852 0
885 0
920 0
946 0
978 0
1108 0
1153 0
1219 0
1272 0
1296 0
1316 0
1387 0
1422 0
1494 0
1552 0
1578 0
1591 0
1599 0
1635 0
1682 0
1729 0
1788 0
1820 0
1852 0
1862 0
1914 0
1928 0
1949 0
1987 0
1994 0
2079 0
2133 0
2174 0
2180 0
2236 0
2275 0
2357 0
2371 0
2401 0
2494 0
2573 0
2637 0
2728 0
2817 0
2840 0
2869 0
2947 0
2990 0
3028 0
3052 0
3078 0
3139 0
3221 0
3234 0
3273 0
3282 0
3314 0
3360 0
3368 0
3397 0
3423 0
3498 0
3541 0
3581 0
3618 0
3627 0
3653 0
3663 0
3725 0
3795 0
3837 0
3902 0
3926 0
3955 0
4003 0
4077 0
4108 0
4243 0
4271 0
4300 0
4321 0
4357 0
4387 0
4412 0
4422 0
4450 0
4513 0
4543 0
4694 0
4723 0
4741 0
4768 0
4880 0
