308 0
326 0
344 0
399 0
451 0
492 0
499 0
517 0
539 0
712 0
723 0
733 0
773 0
785 0
810 0
893 0
1042 0
1067 0
1078 0
1089 0
1124 0
1149 0
1200 0
1247 0
1330 0
1357 0
1361 0
1399 0
1468 0
1527 0
1537 0
1647 0
1670 0
1788 0
1814 0
1835 0
1862 0
1881 0
1952 0
1970 0
2002 0
2143 0
2179 0
2204 0
2260 0
2267 0
2370 0
2382 0
2429 0
2437 0
2495 0
2579 0
2637 0
2728 0
2774 0
2789 0
2832 0
2854 0
2951 0
2961 0
3023 0
3038 0
3067 0
3224 0
3251 0
3265 0
3338 0
3358 0
3398 0
3414 0
3424 0
3537 0
3583 0
3680 0
3691 0
3751 0
3810 0
3856 0
3862 0
3886 0
3973 0
4013 0
4078 0
4086 0
4130 0
4140 0
4153 0
4177 0
4322 0
4412 0
4433 0
4438 0
4478 0
4493 0
4521 0
4676 0
4697 0
4717 0
4730 0
4775 0
4817 0
4871 0
4890 0
4903 0
