309 0
350 0
400 0
481 0
508 0
637 0
708 0
745 0
768 0
808 0
829 0
851 0
931 0
953 0
985 0
1017 0
1029 0
1065 0
1096 0
1117 0
1132 0
1141 0
1233 0
1248 0
1297 0
1317 0
1370 0
1521 0
1544 0
1660 0
1690 0
1756 0
1879 0
1918 0
2054 0
2090 0
2097 0
2130 0
2144 0
2167 0
2217 0
2272 0
2281 0
2308 0
2338 0
2356 0
2435 0
2464 0
2484 0
2519 0
2581 0
2641 0
2695 0
2732 0
2767 0
2776 0
2860 0
2880 0
2923 0
2929 0
2950 0
2999 0
3047 0
3068 0
3092 0
3113 0
3129 0
3176 0
3303 0
3343 0
3463 0
3526 0
3559 0
3674 0
3692 0
3847 0
3906 0
3925 0
3967 0
3990 0
4073 0
4093 0
4101 0
4128 0
4163 0
4183 0
4206 0
4245 0
4255 0
4300 0
4363 0
4391 0
4418 0
4439 0
4477 0
4515 0
4576 0
4721 0
4737 0
4813 0
4876 0
4911 0
