445 0
472 0
498 0
573 0
653 0
684 0
763 0
776 0
784 0
812 0
826 0
858 0
911 0
929 0
948 0
1000 0
1026 0
1080 0
1121 0
1228 0
1301 0
1353 0
1392 0
1434 0
1469 0
1492 0
1518 0
1561 0
1575 0
1606 0
1648 0
1659 0
1687 0
1766 0
1861 0
1985 0
2022 0
2082 0
2137 0
2174 0
2200 0
2240 0
2246 0
2270 0
2350 0
2382 0
2403 0
2502 0
2575 0
2637 0
2714 0
2806 0
2830 0
2863 0
2947 0
2967 0
2987 0
3025 0
3045 0
3084 0
3143 0
3199 0
3231 0
3363 0
3464 0
3534 0
3566 0
3579 0
3610 0
3643 0
3663 0
3690 0
3737 0
3743 0
3778 0
3831 0
3866 0
3921 0
3990 0
4111 0
4140 0
4185 0
4224 0
4273 0
4295 0
4314 0
4362 0
4388 0
4418 0
4431 0
4443 0
4466 0
4531 0
4563 0
4649 0
4724 0
4753 0
4774 0
