309 0
443 0
464 0
485 0
623 0
635 0
647 0
676 0
730 0
760 0
769 0
785 0
823 0
855 0
923 0
955 0
1022 0
1043 0
1092 0
1137 0
1188 0
1265 0
1276 0
1337 0
1373 0
1510 0
1550 0
1676 0
1760 0
1810 0
1865 0
1885 0
1890 0
1943 0
1983 0
1993 0
2045 0
2069 0
2104 0
2114 0
2139 0
2208 0
2212 0
2234 0
2298 0
2349 0
2365 0
2395 0
2456 0
2546 0
2566 0
2660 0
2676 0
2760 0
2838 0
2849 0
2869 0
2918 0
2984 0
2994 0
3013 0
3091 0
3110 0
3119 0
3157 0
3177 0
3219 0
3245 0
3280 0
3322 0
3340 0
3358 0
3405 0
3455 0
3541 0
3666 0
3709 0
3850 0
3882 0
3930 0
3956 0
4042 0
4093 0
4128 0
4174 0
4186 0
4265 0
4286 0
4368 0
4395 0
4434 0
4442 0
4457 0
4495 0
4540 0
4568 0
4577 0
4596 0
4739 0
4750 0
4771 0
4905 0
