344 0
383 0
439 0
655 0
670 0
696 0
699 0
848 0
951 0
955 0
974 0
1004 0
1026 0
1069 0
1153 0
1187 0
1208 0
1231 0
1269 0
1339 0
1345 0
1369 0
1387 0
1444 0
1478 0
1544 0
1562 0
1571 0
1625 0
1633 0
1652 0
1674 0
1687 0
1766 0
1776 0
1846 0
1930 0
1975 0
2043 0
2105 0
2138 0
2171 0
2178 0
2267 0
2333 0
2434 0
2457 0
2476 0
2528 0
2534 0
2572 0
2651 0
2671 0
2701 0
2740 0
2764 0
2782 0
2885 0
2952 0
3031 0
3051 0
3080 0
3125 0
3164 0
3238 0
3295 0
3372 0
3435 0
3456 0
3533 0
3551 0
3563 0
3576 0
3591 0
3647 0
3660 0
3685 0
3748 0
3786 0
3838 0
3850 0
3860 0
3881 0
3954 0
3989 0
4002 0
4044 0
4074 0
4151 0
4195 0
4214 0
4241 0
4254 0
4283 0
4374 0
4511 0
4533 0
4555 0
4558 0
4790 0
4829 0
4872 0
