317 0
327 0
400 0
467 0
507 0
554 0
576 0
604 0
635 0
649 0
732 0
778 0
804 0
914 0
933 0
1057 0
1078 0
1107 0
1140 0
1192 0
1232 0
1271 0
1314 0
1354 0
1498 0
1545 0
1625 0
1665 0
1673 0
1694 0
1706 0
1801 0
1817 0
1837 0
1862 0
1889 0
1929 0
1959 0
1992 0
2077 0
2118 0
2182 0
2238 0
2257 0
2270 0
2352 0
2417 0
2487 0
2500 0
2541 0
2678 0
2711 0
2726 0
2800 0
2863 0
2948 0
2962 0
2984 0
3037 0
3095 0
3133 0
3224 0
3263 0
3286 0
3327 0
3355 0
3375 0
3401 0
3431 0
3514 0
3524 0
3549 0
3554 0
3594 0
3687 0
3709 0
3866 0
3907 0
3960 0
3981 0
4025 0
4066 0
4105 0
4137 0
4159 0
4285 0
4315 0
4405 0
4447 0
4475 0
4562 0
4580 0
4615 0
4657 0
4672 0
4712 0
4756 0
4816 0
4891 0
4900 0
