344 0
390 0
447 0
513 0
562 0
625 0
651 0
701 0
723 0
747 0
749 0
822 0
893 0
904 0
974 0
998 0
1050 0
1130 0
1189 0
1213 0
1251 0
1305 0
1324 0
1333 0
1389 0
1507 0
1545 0
1586 0
1607 0
1629 0
1656 0
1758 0
1774 0
1833 0
1900 0
1919 0
1949 0
1965 0
1984 0
2055 0
2059 0
2177 0
2220 0
2248 0
2275 0
2302 0
2396 0
2404 0
2415 0
2468 0
2558 0
2655 0
2738 0
2801 0
2811 0
2833 0
2911 0
2957 0
2969 0
2995 0
3032 0
3157 0
3164 0
3245 0
3259 0
3277 0
3300 0
3322 0
3386 0
3443 0
3455 0
3565 0
3592 0
3619 0
3623 0
3681 0
3707 0
3831 0
3886 0
3897 0
3918 0
3974 0
3998 0
4043 0
4084 0
4179 0
4219 0
4234 0
4303 0
4328 0
4398 0
4461 0
4473 0
4498 0
4514 0
4564 0
4605 0
4654 0
4702 0
4776 0
4832 0
4867 0
