309 0
324 0
350 0
370 0
378 0
439 0
481 0
525 0
560 0
664 0
705 0
767 0
797 0
827 0
898 0
944 0
972 0
999 0
1018 0
1093 0
1189 0
1253 0
1268 0
1280 0
1327 0
1379 0
1420 0
1475 0
1484 0
1523 0
1561 0
1576 0
1600 0
1660 0
1686 0
1715 0
1723 0
1783 0
1813 0
1842 0
1899 0
1969 0
2046 0
2082 0
2092 0
2124 0
2237 0
2366 0
2407 0
2595 0
2628 0
2807 0
2851 0
2978 0
3107 0
3127 0
3142 0
3177 0
3252 0
3327 0
3374 0
3406 0
3441 0
3497 0
3515 0
3530 0
3559 0
3609 0
3641 0
3664 0
3693 0
3725 0
3748 0
3794 0
3831 0
3886 0
3941 0
3948 0
3966 0
4045 0
4130 0
4200 0
4227 0
4248 0
4279 0
4331 0
4387 0
4431 0
4444 0
4507 0
4547 0
4670 0
4699 0
4742 0
4780 0
4834 0
4853 0
4867 0
4883 0
4905 0
