308 0
337 0
384 0
411 0
526 0
532 0
545 0
618 0
678 0
694 0
734 0
794 0
807 0
891 0
980 0
1002 0
1012 0
1134 0
1176 0
1200 0
1235 0
1246 0
1276 0
1341 0
1359 0
1367 0
1391 0
1403 0
1536 0
1572 0
1607 0
1618 0
1698 0
1730 0
1760 0
1779 0
1800 0
1803 0
1920 0
2020 0
2070 0
2110 0
2134 0
2153 0
2200 0
2214 0
2303 0
2334 0
2409 0
2522 0
2543 0
2683 0
2687 0
2807 0
2878 0
2915 0
2998 0
3016 0
3061 0
3092 0
3103 0
3158 0
3206 0
3307 0
3401 0
3431 0
3441 0
3467 0
3486 0
3530 0
3591 0
3618 0
3646 0
3675 0
3817 0
3841 0
3853 0
3874 0
3878 0
3932 0
3971 0
3985 0
4026 0
4041 0
4087 0
4214 0
4225 0
4236 0
4329 0
4407 0
4434 0
4476 0
4533 0
4555 0
4598 0
4663 0
4683 0
4694 0
4800 0
4841 0
4895 0
4906 0
