354 0
359 0
386 0
398 0
417 0
447 0
460 0
492 0
530 0
720 0
733 0
807 0
855 0
925 0
954 0
1011 0
1032 0
1047 0
1094 0
1189 0
1203 0
1290 0
1335 0
1347 0
1391 0
1401 0
1490 0
1498 0
1557 0
1673 0
1684 0
1791 0
1809 0
1823 0
1861 0
1930 0
1977 0
2019 0
2044 0
2084 0
2147 0
2166 0
2255 0
2269 0
2287 0
2355 0
2393 0
2486 0
2513 0
2526 0
2694 0
2716 0
2727 0
2827 0
2866 0
2934 0
2942 0
2970 0
3052 0
3062 0
3141 0
3169 0
3205 0
3234 0
3282 0
3357 0
3395 0
3415 0
3419 0
3532 0
3551 0
3656 0
3712 0
3739 0
3823 0
3833 0
3868 0
3882 0
3943 0
4019 0
4040 0
4128 0
4181 0
4193 0
4207 0
4252 0
4299 0
4362 0
4419 0
4472 0
4502 0
4684 0
4734 0
4747 0
4773 0
4801 0
4823 0
4833 0
4861 0
4876 0
