308 0
371 0
447 0
469 0
605 0
617 0
653 0
686 0
722 0
778 0
825 0
948 0
980 0
1002 0
1007 0
1039 0
1093 0
1128 0
1310 0
1355 0
1380 0
1409 0
1418 0
1439 0
1463 0
1501 0
1571 0
1597 0
1618 0
1727 0
1799 0
1808 0
1829 0
1974 0
2007 0
2067 0
2129 0
2147 0
2183 0
2206 0
2259 0
2275 0
2290 0
2303 0
2398 0
2428 0
2446 0
2454 0
2469 0
2518 0
2591 0
2630 0
2691 0
2747 0
2767 0
2777 0
2792 0
2813 0
2914 0
2927 0
2957 0
2963 0
3018 0
3041 0
3074 0
3078 0
3155 0
3204 0
3236 0
3393 0
3416 0
3418 0
3500 0
3595 0
3630 0
3654 0
3717 0
3742 0
3788 0
3793 0
3815 0
3837 0
3874 0
3906 0
4089 0
4129 0
4179 0
4205 0
4228 0
4240 0
4269 0
4387 0
4446 0
4502 0
4537 0
4566 0
4601 0
4619 0
4749 0
4772 0
4846 0
4911 0
