325 0
349 0
479 0
619 0
678 0
691 0
713 0
717 0
784 0
805 0
846 0
894 0
914 0
943 0
978 0
1021 0
1116 0
1189 0
1222 0
1236 0
1259 0
1306 0
1353 0
1367 0
1403 0
1501 0
1528 0
1546 0
1561 0
1594 0
1609 0
1684 0
1777 0
1813 0
1839 0
1854 0
1889 0
1920 0
1950 0
2004 0
2010 0
2041 0
2133 0
2224 0
2230 0
2260 0
2263 0
2284 0
2306 0
2337 0
2459 0
2475 0
2483 0
2581 0
2643 0
2723 0
2746 0
2768 0
2874 0
2920 0
2940 0
2955 0
2959 0
2980 0
2994 0
3088 0
3169 0
3208 0
3218 0
3272 0
3309 0
3322 0
3359 0
3375 0
3402 0
3450 0
3521 0
3610 0
3634 0
3662 0
3687 0
3697 0
3711 0
3818 0
3856 0
3865 0
3914 0
3956 0
3985 0
4008 0
4032 0
4110 0
4184 0
4234 0
4281 0
4313 0
4333 0
4383 0
4419 0
4423 0
4494 0
4514 0
4537 0
4544 0
4600 0
4738 0
4878 0
4884 0
