314 0
390 0
432 0
503 0
545 0
566 0
614 0
668 0
761 0
776 0
820 0
899 0
914 0
940 0
981 0
1012 0
1028 0
1038 0
1056 0
1138 0
1149 0
1211 0
1290 0
1318 0
1338 0
1367 0
1397 0
1436 0
1488 0
1515 0
1540 0
1555 0
1645 0
1689 0
1757 0
1778 0
1792 0
1936 0
1952 0
1985 0
2007 0
2053 0
2079 0
2099 0
2119 0
2302 0
2360 0
2437 0
2463 0
2467 0
2593 0
2629 0
2745 0
2758 0
2787 0
2859 0
2919 0
3103 0
3117 0
3144 0
3176 0
3199 0
3244 0
3279 0
3282 0
3424 0
3442 0
3453 0
3535 0
3577 0
3658 0
3677 0
3700 0
3738 0
3781 0
3823 0
3850 0
3889 0
3907 0
3936 0
3997 0
4073 0
4081 0
4157 0
4176 0
4198 0
4206 0
4239 0
4270 0
4306 0
4333 0
4388 0
4452 0
4466 0
4555 0
4597 0
4650 0
4669 0
4712 0
4778 0
4840 0
4909 0
