345 0
381 0
461 0
489 0
514 0
555 0
567 0
657 0
677 0
741 0
752 0
828 0
936 0
954 0
1035 0
1096 0
1114 0
1127 0
1180 0
1194 0
1219 0
1251 0
1281 0
1354 0
1393 0
1504 0
1546 0
1550 0
1753 0
1792 0
1817 0
1840 0
1918 0
1999 0
2015 0
2053 0
2066 0
2101 0
2139 0
2167 0
2208 0
2238 0
2311 0
2362 0
2394 0
2443 0
2478 0
2492 0
2573 0
2585 0
2622 0
2643 0
2735 0
2748 0
2777 0
2835 0
2865 0
2908 0
2983 0
3025 0
3052 0
3087 0
3122 0
3148 0
3176 0
3202 0
3223 0
3302 0
3381 0
3401 0
3422 0
3459 0
3667 0
3674 0
3710 0
3830 0
3865 0
3928 0
3971 0
3998 0
4024 0
4031 0
4086 0
4110 0
4130 0
4184 0
4265 0
4276 0
4400 0
4459 0
4474 0
4552 0
4563 0
4652 0
4673 0
4694 0
4727 0
4757 0
4840 0
4875 0
