336 0
343 0
427 0
481 0
605 0
618 0
664 0
769 0
895 0
958 0
983 0
1023 0
1072 0
1115 0
1135 0
1226 0
1262 0
1317 0
1332 0
1374 0
1410 0
1439 0
1464 0
1486 0
1497 0
1557 0
1579 0
1595 0
1609 0
1644 0
1799 0
1830 0
1837 0
1859 0
1929 0
1951 0
1957 0
2001 0
2080 0
2121 0
2167 0
2191 0
2209 0
2262 0
2282 0
2309 0
2337 0
2351 0
2400 0
2513 0
2522 0
2557 0
2599 0
2621 0
2664 0
2701 0
2705 0
2813 0
2866 0
2886 0
2913 0
2939 0
2946 0
3021 0
3027 0
3052 0
3104 0
3130 0
3222 0
3257 0
3269 0
3289 0
3362 0
3381 0
3386 0
3431 0
3586 0
3617 0
3633 0
3652 0
3662 0
3721 0
3728 0
3749 0
3790 0
3817 0
3850 0
3890 0
3898 0
3955 0
3988 0
4088 0
4108 0
4135 0
4198 0
4239 0
4259 0
4330 0
4446 0
4546 0
4604 0
4612 0
4741 0
4782 0
4868 0
4887 0
