347 0
365 0
469 0
489 0
538 0
605 0
625 0
763 0
774 0
794 0
801 0
929 0
947 0
954 0
975 0
1000 0
1040 0
1079 0
1098 0
1206 0
1227 0
1249 0
1290 0
1310 0
1350 0
1371 0
1407 0
1440 0
1465 0
1489 0
1596 0
1611 0
1627 0
1690 0
1716 0
1728 0
1801 0
1817 0
1830 0
1992 0
2014 0
2076 0
2111 0
2192 0
2218 0
2304 0
2426 0
2444 0
2470 0
2547 0
2571 0
2643 0
2675 0
2753 0
2772 0
2800 0
2908 0
3003 0
3032 0
3099 0
3142 0
3212 0
3218 0
3387 0
3407 0
3429 0
3499 0
3509 0
3534 0
3590 0
3606 0
3630 0
3731 0
3744 0
3789 0
3822 0
3852 0
3861 0
3905 0
3932 0
3967 0
3981 0
4025 0
4123 0
4136 0
4173 0
4230 0
4237 0
4252 0
4279 0
4300 0
4416 0
4426 0
4444 0
4470 0
4595 0
4617 0
4680 0
4729 0
4752 0
4846 0
4864 0
