345 0
376 0
441 0
450 0
479 0
551 0
571 0
639 0
662 0
757 0
787 0
814 0
845 0
861 0
919 0
947 0
989 0
1012 0
1194 0
1230 0
1303 0
1342 0
1385 0
1413 0
1472 0
1485 0
1522 0
1595 0
1599 0
1668 0
1705 0
1724 0
1775 0
1830 0
1842 0
1863 0
1926 0
1997 0
2020 0
2138 0
2199 0
2221 0
2239 0
2298 0
2351 0
2394 0
2439 0
2492 0
2515 0
2518 0
2565 0
2658 0
2702 0
2705 0
2732 0
2782 0
2829 0
2865 0
2911 0
2988 0
3000 0
3024 0
3086 0
3201 0
3225 0
3290 0
3357 0
3380 0
3384 0
3449 0
3493 0
3518 0
3546 0
3605 0
3623 0
3692 0
3729 0
3745 0
3792 0
3833 0
3883 0
3915 0
3988 0
4028 0
4209 0
4220 0
4281 0
4291 0
4355 0
4379 0
4416 0
4426 0
4456 0
4557 0
4578 0
4655 0
4669 0
4742 0
4773 0
4783 0
4836 0
4874 0
