312 0
366 0
416 0
458 0
504 0
531 0
661 0
692 0
769 0
851 0
896 0
929 0
936 0
954 0
1029 0
1098 0
1125 0
1204 0
1242 0
1286 0
1332 0
1353 0
1413 0
1464 0
1540 0
1573 0
1611 0
1629 0
1638 0
1656 0
1694 0
1715 0
1766 0
1825 0
1841 0
1932 0
1954 0
1980 0
1998 0
2016 0
2064 0
2155 0
2177 0
2232 0
2275 0
2349 0
2435 0
2514 0
2540 0
2590 0
2623 0
2675 0
2717 0
2775 0
2857 0
2945 0
2987 0
3032 0
3076 0
3152 0
3210 0
3224 0
3239 0
3268 0
3294 0
3373 0
3389 0
3459 0
3510 0
3531 0
3560 0
3579 0
3592 0
3615 0
3648 0
3686 0
3753 0
3801 0
3865 0
3877 0
3942 0
3965 0
4023 0
4081 0
4126 0
4187 0
4263 0
4271 0
4287 0
4334 0
4368 0
4452 0
4530 0
4568 0
4683 0
4718 0
4764 0
4806 0
4847 0
4910 0
