314 0
393 0
470 0
485 0
498 0
524 0
571 0
617 0
631 0
658 0
712 0
723 0
744 0
788 0
824 0
904 0
932 0
1014 0
1045 0
1070 0
1134 0
1179 0
1218 0
1231 0
1323 0
1353 0
1396 0
1491 0
1524 0
1544 0
1568 0
1582 0
1628 0
1688 0
1723 0
1764 0
1818 0
1831 0
1859 0
1888 0
2124 0
2161 0
2202 0
2288 0
2333 0
2347 0
2373 0
2382 0
2405 0
2440 0
2453 0
2566 0
2574 0
2646 0
2665 0
2764 0
2774 0
2820 0
2830 0
2846 0
2862 0
2882 0
2926 0
3016 0
3059 0
3107 0
3328 0
3355 0
3395 0
3416 0
3455 0
3488 0
3527 0
3603 0
3626 0
3642 0
3679 0
3700 0
3725 0
3817 0
3871 0
3907 0
3988 0
4001 0
4037 0
4096 0
4153 0
4175 0
4207 0
4288 0
4316 0
4390 0
4435 0
4487 0
4494 0
4507 0
4569 0
4582 0
4601 0
4648 0
4700 0
4715 0
4735 0
4745 0
4824 0
4912 0
