308 0
339 0
396 0
446 0
507 0
573 0
605 0
637 0
717 0
788 0
806 0
885 0
904 0
958 0
1019 0
1030 0
1039 0
1082 0
1113 0
1180 0
1221 0
1277 0
1324 0
1331 0
1355 0
1368 0
1386 0
1480 0
1563 0
1574 0
1590 0
1652 0
1708 0
1722 0
1777 0
1850 0
1861 0
1883 0
1919 0
1923 0
2069 0
2104 0
2170 0
2220 0
2245 0
2263 0
2365 0
2384 0
2508 0
2595 0
2622 0
2705 0
2833 0
2855 0
2951 0
2972 0
2993 0
3051 0
3115 0
3157 0
3288 0
3311 0
3344 0
3359 0
3370 0
3436 0
3490 0
3509 0
3569 0
3632 0
3647 0
3668 0
3729 0
3827 0
3845 0
3874 0
3882 0
3900 0
3939 0
4005 0
4043 0
4100 0
4140 0
4179 0
4194 0
4212 0
4265 0
4302 0
4325 0
4414 0
4425 0
4495 0
4586 0
4615 0
4653 0
4717 0
4761 0
4825 0
4883 0
4912 0
