351 0
366 0
398 0
506 0
515 0
542 0
725 0
780 0
854 0
896 0
919 0
978 0
1013 0
1026 0
1104 0
1119 0
1244 0
1262 0
1281 0
1300 0
1338 0
1354 0
1407 0
1435 0
1484 0
1541 0
1579 0
1658 0
1779 0
1818 0
1828 0
1925 0
1953 0
1969 0
1979 0
2019 0
2059 0
2105 0
2131 0
2146 0
2188 0
2213 0
2269 0
2288 0
2387 0
2439 0
2461 0
2487 0
2548 0
2554 0
2600 0
2626 0
2659 0
2674 0
2723 0
2769 0
2781 0
2835 0
2934 0
2945 0
3006 0
3035 0
3071 0
3089 0
3112 0
3151 0
3202 0
3244 0
3262 0
3276 0
3292 0
3386 0
3404 0
3439 0
3569 0
3644 0
3676 0
3730 0
3790 0
3816 0
3864 0
3887 0
3923 0
3931 0
3946 0
3967 0
4110 0
4125 0
4188 0
4202 0
4249 0
4289 0
4328 0
4355 0
4449 0
4498 0
4680 0
4704 0
4719 0
4812 0
4852 0
4864 0
