352 0
440 0
450 0
502 0
528 0
551 0
563 0
597 0
616 0
700 0
770 0
796 0
862 0
943 0
966 0
1004 0
1044 0
1073 0
1099 0
1131 0
1200 0
1310 0
1337 0
1426 0
1441 0
1493 0
1518 0
1575 0
1585 0
1607 0
1662 0
1681 0
1762 0
1776 0
1892 0
1920 0
1936 0
1957 0
1985 0
2010 0
2118 0
2140 0
2199 0
2249 0
2304 0
2398 0
2419 0
2450 0
2477 0
2486 0
2513 0
2578 0
2587 0
2626 0
2641 0
2704 0
2736 0
2749 0
2769 0
2797 0
2812 0
2916 0
2960 0
3024 0
3088 0
3102 0
3208 0
3231 0
3262 0
3289 0
3312 0
3318 0
3450 0
3462 0
3549 0
3560 0
3613 0
3623 0
3648 0
3690 0
3737 0
3779 0
3792 0
3888 0
3900 0
4014 0
4091 0
4121 0
4144 0
4175 0
4205 0
4255 0
4279 0
4362 0
4426 0
4446 0
4513 0
4593 0
4621 0
4647 0
4671 0
4677 0
4724 0
4768 0
4781 0
4878 0
