453 0
467 0
502 0
514 0
708 0
729 0
798 0
813 0
836 0
897 0
922 0
996 0
1034 0
1066 0
1120 0
1138 0
1144 0
1189 0
1205 0
1216 0
1312 0
1332 0
1353 0
1418 0
1506 0
1545 0
1618 0
1637 0
1663 0
1672 0
1759 0
1800 0
1889 0
1922 0
1944 0
1993 0
2019 0
2075 0
2097 0
2117 0
2128 0
2155 0
2164 0
2292 0
2303 0
2333 0
2379 0
2420 0
2449 0
2543 0
2676 0
2755 0
2804 0
2852 0
2876 0
2908 0
2928 0
3055 0
3062 0
3086 0
3097 0
3118 0
3133 0
3202 0
3223 0
3266 0
3293 0
3322 0
3426 0
3462 0
3544 0
3556 0
3575 0
3603 0
3687 0
3720 0
3797 0
3875 0
3884 0
3906 0
4006 0
4013 0
4044 0
4072 0
4094 0
4104 0
4159 0
4188 0
4221 0
4286 0
4328 0
4370 0
4415 0
4434 0
4503 0
4518 0
4696 0
4719 0
4752 0
4762 0
