350 0
403 0
412 0
467 0
492 0
519 0
558 0
607 0
628 0
676 0
702 0
716 0
779 0
831 0
914 0
946 0
955 0
1004 0
1035 0
1104 0
1117 0
1128 0
1187 0
1197 0
1215 0
1273 0
1301 0
1319 0
1523 0
1563 0
1606 0
1620 0
1663 0
1672 0
1730 0
1767 0
1820 0
1868 0
1930 0
1944 0
2086 0
2148 0
2223 0
2238 0
2338 0
2365 0
2385 0
2537 0
2570 0
2644 0
2685 0
2825 0
2844 0
2884 0
2977 0
2998 0
3075 0
3135 0
3272 0
3285 0
3355 0
3395 0
3466 0
3496 0
3538 0
3568 0
3597 0
3609 0
3663 0
3701 0
3903 0
3916 0
3949 0
4009 0
4025 0
4030 0
4090 0
4112 0
4115 0
4185 0
4206 0
4266 0
4275 0
4313 0
4402 0
4444 0
4499 0
4519 0
4540 0
4594 0
4616 0
4663 0
4696 0
4735 0
4744 0
4797 0
4823 0
4872 0
