328 0
351 0
361 0
404 0
415 0
440 0
461 0
484 0
505 0
562 0
604 0
626 0
716 0
761 0
771 0
831 0
837 0
858 0
997 0
1046 0
1069 0
1072 0
1202 0
1220 0
1239 0
1330 0
1379 0
1408 0
1532 0
1574 0
1582 0
1614 0
1644 0
1660 0
1670 0
1778 0
1799 0
1845 0
1866 0
1905 0
1923 0
1995 0
2022 0
2065 0
2114 0
2264 0
2285 0
2342 0
2418 0
2475 0
2581 0
2593 0
2632 0
2648 0
2742 0
2797 0
2875 0
2926 0
2951 0
3098 0
3148 0
3212 0
3228 0
3292 0
3304 0
3354 0
3373 0
3418 0
3442 0
3541 0
3566 0
3572 0
3620 0
3629 0
3650 0
3686 0
3813 0
3833 0
3877 0
3994 0
3999 0
4014 0
4142 0
4158 0
4167 0
4231 0
4367 0
4373 0
4402 0
4440 0
4459 0
4501 0
4591 0
4613 0
4651 0
4713 0
4742 0
4758 0
4783 0
4801 0
4812 0
4853 0
4874 0
4890 0
