329 0
344 0
358 0
440 0
485 0
506 0
532 0
547 0
602 0
631 0
651 0
669 0
705 0
746 0
758 0
769 0
793 0
813 0
829 0
911 0
972 0
995 0
1025 0
1055 0
1094 0
1138 0
1154 0
1223 0
1245 0
1340 0
1366 0
1401 0
1421 0
1480 0
1539 0
1558 0
1602 0
1657 0
1669 0
1685 0
1733 0
1753 0
1775 0
1827 0
1876 0
1903 0
1915 0
1968 0
1990 0
2054 0
2062 0
2102 0
2126 0
2189 0
2195 0
2254 0
2286 0
2402 0
2450 0
2466 0
2544 0
2573 0
2591 0
2623 0
2646 0
2676 0
2746 0
2757 0
2820 0
2936 0
2961 0
3013 0
3042 0
3079 0
3126 0
3156 0
3175 0
3217 0
3257 0
3310 0
3320 0
3339 0
3397 0
3436 0
3460 0
3501 0
3532 0
3538 0
3556 0
3618 0
3663 0
3684 0
3730 0
3793 0
3815 0
3855 0
3887 0
3965 0
4003 0
4067 0
4095 0
4127 0
4157 0
4189 0
4228 0
4244 0
4306 0
4391 0
4412 0
4436 0
4447 0
4460 0
4475 0
4512 0
4541 0
4557 0
4584 0
4610 0
4672 0
4686 0
4724 0
4728 0
4786 0
4852 0
4872 0
4883 0
