345 0
384 0
409 0
437 0
489 0
519 0
622 0
702 0
718 0
738 0
767 0
811 0
824 0
909 0
930 0
1047 0
1104 0
1127 0
1145 0
1228 0
1256 0
1272 0
1318 0
1435 0
1503 0
1522 0
1555 0
1609 0
1652 0
1668 0
1715 0
1727 0
1764 0
1846 0
1944 0
1981 0
2022 0
2137 0
2178 0
2235 0
2296 0
2341 0
2352 0
2383 0
2429 0
2435 0
2466 0
2491 0
2546 0
2557 0
2592 0
2625 0
2655 0
2683 0
2728 0
2739 0
2772 0
2800 0
2828 0
2866 0
2882 0
2918 0
2976 0
3040 0
3083 0
3202 0
3234 0
3273 0
3369 0
3465 0
3487 0
3517 0
3552 0
3559 0
3617 0
3664 0
3692 0
3718 0
3784 0
3900 0
3948 0
3976 0
3989 0
4064 0
4083 0
4126 0
4181 0
4288 0
4309 0
4402 0
4408 0
4448 0
4486 0
4494 0
4507 0
4593 0
4698 0
4731 0
4780 0
4810 0
4842 0
4864 0
