332 0
343 0
397 0
415 0
438 0
480 0
552 0
573 0
713 0
736 0
760 0
864 0
886 0
943 0
967 0
1015 0
1034 0
1057 0
1080 0
1099 0
1152 0
1214 0
1244 0
1272 0
1317 0
1342 0
1370 0
1426 0
1429 0
1478 0
1623 0
1800 0
1805 0
1835 0
1889 0
1909 0
1969 0
1990 0
2096 0
2133 0
2165 0
2187 0
2226 0
2290 0
2297 0
2360 0
2444 0
2475 0
2522 0
2553 0
2583 0
2641 0
2668 0
2698 0
2744 0
2785 0
2865 0
2921 0
2939 0
3008 0
3031 0
3056 0
3089 0
3119 0
3217 0
3259 0
3312 0
3326 0
3399 0
3403 0
3430 0
3597 0
3747 0
3778 0
3804 0
3848 0
3891 0
3909 0
3945 0
3975 0
4003 0
4074 0
4116 0
4144 0
4158 0
4196 0
4208 0
4258 0
4282 0
4334 0
4360 0
4459 0
4475 0
4516 0
4651 0
4659 0
4729 0
4783 0
4807 0
4818 0
4866 0
4881 0
