320 0
341 0
386 0
431 0
504 0
535 0
560 0
650 0
681 0
710 0
733 0
826 0
844 0
890 0
912 0
928 0
940 0
971 0
1068 0
1095 0
1120 0
1140 0
1239 0
1252 0
1272 0
1283 0
1331 0
1350 0
1361 0
1498 0
1563 0
1578 0
1589 0
1645 0
1670 0
1766 0
1772 0
1847 0
1907 0
1946 0
1974 0
2016 0
2043 0
2081 0
2182 0
2203 0
2214 0
2342 0
2470 0
2484 0
2573 0
2651 0
2735 0
2748 0
2881 0
3005 0
3021 0
3035 0
3134 0
3164 0
3206 0
3235 0
3270 0
3299 0
3368 0
3448 0
3458 0
3549 0
3577 0
3633 0
3639 0
3663 0
3722 0
3845 0
3865 0
3886 0
3943 0
3956 0
3966 0
3992 0
4064 0
4111 0
4116 0
4157 0
4244 0
4273 0
4296 0
4304 0
4323 0
4379 0
4399 0
4483 0
4512 0
4537 0
4557 0
4661 0
4684 0
4711 0
4791 0
4841 0
4869 0
4907 0
