326 0
355 0
380 0
396 0
421 0
441 0
531 0
554 0
636 0
647 0
665 0
690 0
711 0
790 0
890 0
943 0
967 0
989 0
1010 0
1066 0
1104 0
1114 0
1184 0
1195 0
1267 0
1430 0
1491 0
1499 0
1534 0
1699 0
1728 0
1759 0
1784 0
1829 0
1851 0
1900 0
1958 0
1977 0
1998 0
2133 0
2144 0
2162 0
2204 0
2243 0
2248 0
2305 0
2343 0
2447 0
2475 0
2500 0
2539 0
2674 0
2714 0
2749 0
2781 0
2888 0
2909 0
2970 0
2988 0
3024 0
3048 0
3068 0
3086 0
3219 0
3246 0
3250 0
3325 0
3373 0
3385 0
3446 0
3459 0
3500 0
3527 0
3678 0
3707 0
3739 0
3781 0
3952 0
4016 0
4045 0
4102 0
4123 0
4151 0
4206 0
4222 0
4265 0
4281 0
4330 0
4434 0
4506 0
4535 0
4544 0
4566 0
4579 0
4672 0
4676 0
4793 0
4797 0
4813 0
4832 0
4875 0
4886 0
