380 0
436 0
469 0
479 0
502 0
518 0
600 0
633 0
675 0
699 0
783 0
846 0
926 0
978 0
1019 0
1025 0
1083 0
1108 0
1189 0
1230 0
1266 0
1280 0
1293 0
1323 0
1379 0
1398 0
1473 0
1481 0
1557 0
1572 0
1586 0
1616 0
1673 0
1811 0
1854 0
1902 0
1915 0
1926 0
1982 0
2054 0
2138 0
2219 0
2330 0
2361 0
2437 0
2469 0
2524 0
2547 0
2552 0
2578 0
2596 0
2621 0
2643 0
2663 0
2671 0
2699 0
2747 0
2776 0
2863 0
2877 0
3004 0
3079 0
3170 0
3237 0
3282 0
3307 0
3323 0
3364 0
3411 0
3551 0
3590 0
3629 0
3642 0
3669 0
3724 0
3753 0
3823 0
3841 0
3896 0
3923 0
3933 0
3956 0
3979 0
4039 0
4102 0
4140 0
4196 0
4202 0
4244 0
4297 0
4373 0
4421 0
4519 0
4549 0
4579 0
4616 0
4706 0
4720 0
4733 0
4759 0
4778 0
4832 0
