330 0
358 0
405 0
435 0
457 0
501 0
574 0
620 0
704 0
754 0
800 0
820 0
849 0
907 0
934 0
957 0
994 0
1016 0
1021 0
1057 0
1082 0
1151 0
1187 0
1291 0
1322 0
1367 0
1388 0
1421 0
1606 0
1651 0
1694 0
1757 0
1827 0
1849 0
1857 0
1941 0
2001 0
2007 0
2086 0
2118 0
2127 0
2147 0
2162 0
2183 0
2269 0
2304 0
2425 0
2440 0
2449 0
2477 0
2503 0
2538 0
2565 0
2591 0
2626 0
2659 0
2674 0
2709 0
2739 0
2763 0
2781 0
2801 0
2908 0
2947 0
3040 0
3047 0
3062 0
3089 0
3109 0
3144 0
3211 0
3215 0
3271 0
3354 0
3377 0
3384 0
3455 0
3522 0
3568 0
3613 0
3806 0
3832 0
3844 0
3897 0
3941 0
4032 0
4065 0
4142 0
4155 0
4190 0
4215 0
4229 0
4255 0
4294 0
4316 0
4380 0
4390 0
4406 0
4460 0
4512 0
4591 0
4657 0
4710 0
4765 0
4787 0
4826 0
4852 0
4890 0
