349 0
394 0
421 0
456 0
464 0
637 0
684 0
699 0
725 0
734 0
777 0
798 0
830 0
860 0
907 0
939 0
1018 0
1031 0
1104 0
1204 0
1209 0
1239 0
1253 0
1264 0
1280 0
1310 0
1422 0
1506 0
1524 0
1619 0
1648 0
1715 0
1752 0
1770 0
1792 0
1805 0
1926 0
2005 0
2018 0
2122 0
2178 0
2218 0
2288 0
2369 0
2399 0
2415 0
2489 0
2580 0
2592 0
2624 0
2650 0
2734 0
2795 0
2810 0
2849 0
2927 0
3003 0
3038 0
3095 0
3207 0
3223 0
3289 0
3412 0
3424 0
3440 0
3455 0
3511 0
3572 0
3594 0
3700 0
3709 0
3807 0
3895 0
3940 0
3954 0
3969 0
3992 0
4001 0
4024 0
4120 0
4191 0
4206 0
4270 0
4309 0
4360 0
4387 0
4426 0
4444 0
4485 0
4504 0
4508 0
4533 0
4578 0
4746 0
4765 0
4806 0
4817 0
4864 0
