309 0
396 0
418 0
431 0
460 0
514 0
542 0
572 0
606 0
648 0
695 0
863 0
897 0
923 0
950 0
987 0
1019 0
1058 0
1077 0
1091 0
1112 0
1131 0
1236 0
1299 0
1328 0
1352 0
1376 0
1507 0
1591 0
1611 0
1651 0
1699 0
1767 0
1783 0
1803 0
1929 0
1950 0
2052 0
2080 0
2101 0
2198 0
2213 0
2238 0
2275 0
2296 0
2359 0
2459 0
2466 0
2515 0
2555 0
2587 0
2633 0
2653 0
2709 0
2739 0
2757 0
2861 0
2909 0
2954 0
2985 0
2993 0
3014 0
3122 0
3134 0
3174 0
3267 0
3290 0
3413 0
3436 0
3465 0
3523 0
3560 0
3618 0
3623 0
3709 0
3853 0
3863 0
3883 0
3915 0
3986 0
4090 0
4113 0
4118 0
4136 0
4162 0
4210 0
4219 0
4269 0
4297 0
4325 0
4357 0
4528 0
4557 0
4617 0
4650 0
4687 0
4703 0
4749 0
4791 0
4807 0
4818 0
4901 0
