312 0
356 0
394 0
429 0
500 0
528 0
556 0
571 0
651 0
664 0
721 0
754 0
829 0
848 0
854 0
905 0
925 0
968 0
996 0
1031 0
1050 0
1086 0
1114 0
1153 0
1200 0
1221 0
1254 0
1304 0
1346 0
1385 0
1507 0
1520 0
1601 0
1634 0
1675 0
1691 0
1793 0
1859 0
1905 0
1951 0
2107 0
2137 0
2151 0
2191 0
2300 0
2338 0
2366 0
2438 0
2477 0
2583 0
2586 0
2625 0
2651 0
2739 0
2775 0
2851 0
2881 0
2911 0
3031 0
3062 0
3091 0
3112 0
3270 0
3301 0
3357 0
3431 0
3521 0
3539 0
3585 0
3617 0
3694 0
3712 0
3836 0
3865 0
3919 0
3971 0
4000 0
4020 0
4066 0
4103 0
4138 0
4179 0
4197 0
4221 0
4254 0
4286 0
4314 0
4365 0
4374 0
4390 0
4462 0
4502 0
4545 0
4567 0
4657 0
4672 0
4687 0
4719 0
4785 0
4824 0
4869 0
4897 0
