345 0
378 0
435 0
448 0
501 0
543 0
568 0
624 0
676 0
755 0
780 0
807 0
855 0
922 0
942 0
954 0
1011 0
1051 0
1101 0
1128 0
1299 0
1328 0
1347 0
1369 0
1440 0
1474 0
1521 0
1545 0
1574 0
1594 0
1680 0
1689 0
1711 0
1890 0
1910 0
1960 0
1974 0
2049 0
2081 0
2181 0
2237 0
2259 0
2291 0
2299 0
2350 0
2386 0
2422 0
2498 0
2543 0
2593 0
2625 0
2680 0
2722 0
2794 0
2831 0
2871 0
2911 0
2925 0
2970 0
2991 0
3040 0
3136 0
3172 0
3245 0
3263 0
3303 0
3319 0
3505 0
3521 0
3549 0
3636 0
3643 0
3688 0
3700 0
3741 0
3789 0
3850 0
3873 0
3892 0
3921 0
4090 0
4117 0
4172 0
4203 0
4264 0
4268 0
4299 0
4358 0
4407 0
4439 0
4466 0
4544 0
4598 0
4642 0
4683 0
4718 0
4763 0
4789 0
4841 0
4872 0
