387 0
430 0
558 0
569 0
635 0
662 0
755 0
811 0
829 0
889 0
926 0
942 0
1043 0
1058 0
1082 0
1114 0
1154 0
1204 0
1239 0
1299 0
1322 0
1327 0
1353 0
1369 0
1500 0
1559 0
1605 0
1626 0
1637 0
1675 0
1684 0
1766 0
1771 0
1790 0
1810 0
1837 0
1857 0
1927 0
1950 0
1969 0
2049 0
2092 0
2124 0
2136 0
2152 0
2201 0
2246 0
2301 0
2339 0
2427 0
2462 0
2501 0
2531 0
2541 0
2675 0
2695 0
2713 0
2765 0
2791 0
2874 0
2918 0
2967 0
3016 0
3065 0
3091 0
3098 0
3117 0
3174 0
3259 0
3268 0
3295 0
3362 0
3373 0
3411 0
3432 0
3443 0
3454 0
3529 0
3541 0
3578 0
3598 0
3605 0
3664 0
3720 0
3852 0
3863 0
3882 0
3902 0
3915 0
3993 0
4023 0
4069 0
4098 0
4146 0
4155 0
4179 0
4280 0
4286 0
4323 0
4401 0
4406 0
4470 0
4557 0
4580 0
4657 0
4670 0
4779 0
4835 0
