373 0
406 0
431 0
453 0
532 0
573 0
608 0
624 0
688 0
713 0
721 0
735 0
784 0
813 0
844 0
999 0
1017 0
1072 0
1138 0
1177 0
1225 0
1339 0
1372 0
1379 0
1417 0
1474 0
1523 0
1566 0
1631 0
1640 0
1694 0
1759 0
1792 0
1841 0
1865 0
1924 0
1949 0
1959 0
1988 0
1998 0
2071 0
2085 0
2162 0
2197 0
2288 0
2302 0
2385 0
2408 0
2466 0
2522 0
2564 0
2667 0
2692 0
2742 0
2813 0
2834 0
2917 0
2930 0
3018 0
3045 0
3141 0
3150 0
3215 0
3242 0
3256 0
3271 0
3295 0
3354 0
3377 0
3432 0
3454 0
3535 0
3572 0
3595 0
3650 0
3698 0
3751 0
3807 0
3831 0
3855 0
3879 0
3988 0
4038 0
4083 0
4140 0
4209 0
4230 0
4379 0
4414 0
4421 0
4483 0
4494 0
4512 0
4535 0
4605 0
4615 0
4650 0
4679 0
4768 0
4789 0
4813 0
4846 0
