309 0
419 0
494 0
526 0
567 0
704 0
739 0
757 0
779 0
794 0
834 0
889 0
907 0
929 0
953 0
1002 0
1078 0
1107 0
1153 0
1181 0
1192 0
1208 0
1234 0
1289 0
1325 0
1332 0
1365 0
1407 0
1414 0
1435 0
1468 0
1517 0
1563 0
1680 0
1693 0
1813 0
1823 0
1859 0
1884 0
1906 0
1922 0
1947 0
1967 0
1975 0
2005 0
2019 0
2088 0
2113 0
2136 0
2151 0
2160 0
2179 0
2243 0
2246 0
2276 0
2286 0
2331 0
2378 0
2409 0
2439 0
2458 0
2503 0
2573 0
2647 0
2718 0
2755 0
2775 0
2807 0
2845 0
2889 0
2933 0
2945 0
2972 0
2988 0
3034 0
3050 0
3063 0
3093 0
3100 0
3139 0
3209 0
3223 0
3232 0
3263 0
3273 0
3287 0
3301 0
3343 0
3361 0
3391 0
3415 0
3522 0
3542 0
3665 0
3694 0
3748 0
3790 0
3795 0
3821 0
3853 0
3877 0
3905 0
3935 0
3984 0
4009 0
4022 0
4031 0
4074 0
4107 0
4138 0
4217 0
4254 0
4300 0
4306 0
4333 0
4376 0
4426 0
4439 0
4469 0
4487 0
4516 0
4650 0
4693 0
4717 0
4810 0
4907 0
