345 0
529 0
557 0
565 0
633 0
656 0
719 0
743 0
771 0
848 0
886 0
909 0
1016 0
1052 0
1070 0
1116 0
1204 0
1220 0
1239 0
1291 0
1301 0
1347 0
1389 0
1418 0
1436 0
1472 0
1545 0
1555 0
1592 0
1673 0
1766 0
1806 0
1866 0
1873 0
1906 0
1952 0
2083 0
2102 0
2114 0
2146 0
2160 0
2258 0
2330 0
2393 0
2411 0
2460 0
2590 0
2622 0
2769 0
2821 0
2835 0
2874 0
2974 0
3050 0
3068 0
3107 0
3114 0
3132 0
3271 0
3299 0
3335 0
3361 0
3406 0
3465 0
3544 0
3631 0
3669 0
3673 0
3745 0
3785 0
3806 0
3834 0
3872 0
3911 0
3932 0
3988 0
4001 0
4028 0
4105 0
4150 0
4172 0
4213 0
4312 0
4330 0
4371 0
4440 0
4477 0
4497 0
4571 0
4574 0
4655 0
4668 0
4687 0
4875 0
