321 0
329 0
390 0
395 0
418 0
616 0
630 0
674 0
706 0
768 0
811 0
822 0
889 0
927 0
938 0
1005 0
1026 0
1061 0
1130 0
1155 0
1214 0
1283 0
1354 0
1365 0
1396 0
1420 0
1471 0
1535 0
1548 0
1613 0
1642 0
1682 0
1720 0
1763 0
1809 0
1879 0
1991 0
2060 0
2092 0
2115 0
2141 0
2199 0
2240 0
2266 0
2307 0
2351 0
2479 0
2503 0
2528 0
2539 0
2577 0
2585 0
2626 0
2637 0
2673 0
2701 0
2712 0
2743 0
2867 0
2910 0
2954 0
2979 0
3023 0
3089 0
3105 0
3112 0
3161 0
3227 0
3348 0
3404 0
3460 0
3486 0
3547 0
3582 0
3617 0
3669 0
3681 0
3748 0
3804 0
3812 0
3844 0
3870 0
3928 0
4011 0
4069 0
4096 0
4153 0
4189 0
4209 0
4278 0
4293 0
4320 0
4389 0
4412 0
4447 0
4519 0
4547 0
4588 0
4602 0
4805 0
4827 0
4835 0
4883 0
4902 0
