316 0
339 0
393 0
470 0
494 0
567 0
651 0
671 0
752 0
777 0
795 0
840 0
947 0
958 0
1010 0
1091 0
1133 0
1147 0
1231 0
1246 0
1276 0
1296 0
1312 0
1349 0
1407 0
1442 0
1477 0
1491 0
1501 0
1540 0
1570 0
1629 0
1670 0
1690 0
1765 0
1881 0
1888 0
1909 0
2067 0
2109 0
2130 0
2174 0
2200 0
2304 0
2374 0
2462 0
2508 0
2531 0
2553 0
2575 0
2638 0
2661 0
2688 0
2707 0
2761 0
2854 0
2909 0
3025 0
3058 0
3088 0
3103 0
3149 0
3303 0
3323 0
3338 0
3463 0
3523 0
3547 0
3597 0
3639 0
3674 0
3715 0
3739 0
3747 0
3775 0
3820 0
3870 0
3898 0
3918 0
3929 0
3968 0
3984 0
4070 0
4086 0
4129 0
4204 0
4262 0
4268 0
4380 0
4436 0
4451 0
4461 0
4549 0
4564 0
4654 0
4712 0
4758 0
4815 0
4888 0
4906 0
