308 0
370 0
397 0
474 0
518 0
562 0
603 0
668 0
708 0
717 0
764 0
786 0
908 0
933 0
949 0
961 0
987 0
1062 0
1189 0
1199 0
1225 0
1285 0
1312 0
1339 0
1409 0
1417 0
1471 0
1510 0
1536 0
1568 0
1606 0
1705 0
1732 0
1781 0
1788 0
1835 0
1901 0
1915 0
1943 0
2012 0
2046 0
2111 0
2166 0
2188 0
2202 0
2237 0
2258 0
2341 0
2428 0
2436 0
2518 0
2544 0
2685 0
2687 0
2777 0
2793 0
2881 0
2970 0
2990 0
3016 0
3037 0
3047 0
3097 0
3167 0
3209 0
3272 0
3314 0
3329 0
3398 0
3418 0
3438 0
3490 0
3510 0
3610 0
3650 0
3683 0
3719 0
3747 0
3797 0
3816 0
3879 0
3898 0
3941 0
3991 0
4023 0
4031 0
4152 0
4221 0
4258 0
4279 0
4294 0
4316 0
4434 0
4469 0
4499 0
4515 0
4546 0
4616 0
4656 0
4703 0
4752 0
4817 0
4846 0
4899 0
