334 0
420 0
450 0
523 0
549 0
599 0
614 0
643 0
656 0
754 0
828 0
925 0
953 0
1053 0
1068 0
1074 0
1111 0
1131 0
1240 0
1251 0
1263 0
1289 0
1320 0
1335 0
1398 0
1473 0
1528 0
1569 0
1648 0
1670 0
1761 0
1771 0
1794 0
1886 0
1919 0
1929 0
1940 0
1983 0
2041 0
2170 0
2179 0
2276 0
2311 0
2352 0
2410 0
2434 0
2449 0
2469 0
2527 0
2693 0
2739 0
2766 0
2776 0
2813 0
2859 0
2921 0
2954 0
3035 0
3058 0
3173 0
3241 0
3269 0
3293 0
3299 0
3346 0
3433 0
3440 0
3466 0
3548 0
3574 0
3649 0
3698 0
3742 0
3823 0
3885 0
3905 0
3934 0
3945 0
3977 0
3986 0
4096 0
4105 0
4135 0
4151 0
4172 0
4262 0
4289 0
4387 0
4462 0
4571 0
4576 0
4597 0
4616 0
4662 0
4701 0
4766 0
4802 0
4895 0
