344 0
398 0
427 0
513 0
537 0
550 0
597 0
643 0
706 0
737 0
758 0
780 0
794 0
807 0
921 0
1009 0
1076 0
1090 0
1154 0
1196 0
1232 0
1339 0
1354 0
1363 0
1382 0
1425 0
1437 0
1572 0
1656 0
1682 0
1698 0
1720 0
1807 0
1886 0
1898 0
1916 0
1931 0
1961 0
2002 0
2043 0
2093 0
2153 0
2164 0
2248 0
2270 0
2339 0
2362 0
2387 0
2401 0
2423 0
2444 0
2485 0
2522 0
2592 0
2622 0
2701 0
2726 0
2785 0
2795 0
2813 0
2835 0
2865 0
2878 0
2952 0
2972 0
3053 0
3065 0
3118 0
3178 0
3228 0
3263 0
3282 0
3301 0
3319 0
3344 0
3414 0
3498 0
3524 0
3537 0
3563 0
3644 0
3775 0
3801 0
3831 0
3851 0
3863 0
3892 0
3993 0
4020 0
4068 0
4117 0
4143 0
4208 0
4300 0
4407 0
4428 0
4448 0
4469 0
4478 0
4521 0
4576 0
4609 0
4666 0
4691 0
4703 0
4784 0
4823 0
4875 0
