307 0
328 0
365 0
393 0
458 0
656 0
693 0
766 0
785 0
805 0
820 0
844 0
864 0
960 0
975 0
1044 0
1085 0
1103 0
1223 0
1272 0
1337 0
1419 0
1464 0
1490 0
1528 0
1573 0
1628 0
1729 0
1767 0
1872 0
1908 0
1948 0
1966 0
1998 0
2066 0
2079 0
2104 0
2136 0
2212 0
2234 0
2248 0
2284 0
2366 0
2404 0
2430 0
2441 0
2497 0
2504 0
2569 0
2592 0
2632 0
2642 0
2704 0
2735 0
2781 0
2799 0
2811 0
2841 0
2939 0
2964 0
2977 0
2999 0
3091 0
3121 0
3137 0
3157 0
3216 0
3256 0
3277 0
3312 0
3333 0
3462 0
3498 0
3593 0
3650 0
3690 0
3726 0
3755 0
3797 0
3887 0
3953 0
4005 0
4119 0
4137 0
4166 0
4243 0
4263 0
4360 0
4381 0
4401 0
4404 0
4429 0
4442 0
4529 0
4569 0
4773 0
4815 0
4854 0
4886 0
4902 0
