364 0
378 0
397 0
426 0
523 0
543 0
553 0
640 0
676 0
685 0
894 0
902 0
1010 0
1063 0
1103 0
1134 0
1145 0
1198 0
1212 0
1268 0
1284 0
1306 0
1325 0
1330 0
1405 0
1483 0
1550 0
1605 0
1625 0
1701 0
1797 0
1817 0
1827 0
1866 0
1888 0
1906 0
1962 0
2060 0
2204 0
2250 0
2294 0
2359 0
2371 0
2435 0
2459 0
2470 0
2488 0
2511 0
2532 0
2586 0
2630 0
2689 0
2704 0
2726 0
2750 0
2765 0
2785 0
2841 0
2861 0
2929 0
2959 0
3016 0
3153 0
3250 0
3310 0
3317 0
3364 0
3390 0
3411 0
3431 0
3508 0
3592 0
3619 0
3658 0
3733 0
3817 0
3886 0
3899 0
3924 0
3930 0
3951 0
3996 0
4025 0
4071 0
4090 0
4126 0
4163 0
4212 0
4308 0
4321 0
4537 0
4549 0
4582 0
4673 0
4679 0
4706 0
4783 0
4819 0
4837 0
4855 0
