358 0
382 0
406 0
413 0
503 0
512 0
553 0
603 0
618 0
631 0
689 0
708 0
770 0
802 0
826 0
834 0
854 0
891 0
910 0
951 0
958 0
971 0
1045 0
1065 0
1075 0
1102 0
1144 0
1193 0
1253 0
1268 0
1342 0
1344 0
1362 0
1384 0
1436 0
1493 0
1526 0
1550 0
1568 0
1587 0
1644 0
1688 0
1715 0
1828 0
1878 0
1993 0
2045 0
2121 0
2139 0
2144 0
2199 0
2226 0
2253 0
2269 0
2298 0
2358 0
2372 0
2388 0
2408 0
2503 0
2519 0
2574 0
2597 0
2631 0
2645 0
2688 0
2707 0
2810 0
2830 0
2851 0
2872 0
2909 0
2957 0
2963 0
2999 0
3017 0
3070 0
3083 0
3106 0
3163 0
3228 0
3339 0
3396 0
3503 0
3526 0
3576 0
3637 0
3642 0
3663 0
3704 0
3728 0
3775 0
3829 0
3852 0
3872 0
3882 0
3958 0
3977 0
4014 0
4073 0
4121 0
4135 0
4160 0
4174 0
4246 0
4256 0
4268 0
4315 0
4334 0
4366 0
4382 0
4392 0
4405 0
4445 0
4517 0
4532 0
4577 0
4601 0
4622 0
4674 0
4695 0
4710 0
4799 0
4826 0
4835 0
4858 0
