318 0
384 0
396 0
439 0
450 0
478 0
548 0
577 0
610 0
674 0
686 0
710 0
801 0
917 0
998 0
1010 0
1021 0
1050 0
1120 0
1197 0
1262 0
1380 0
1407 0
1442 0
1523 0
1532 0
1561 0
1603 0
1657 0
1682 0
1692 0
1752 0
1799 0
1825 0
1856 0
1889 0
1908 0
1937 0
1966 0
2059 0
2106 0
2138 0
2168 0
2256 0
2265 0
2334 0
2375 0
2430 0
2442 0
2456 0
2497 0
2564 0
2597 0
2620 0
2663 0
2730 0
2760 0
2780 0
2793 0
2855 0
2876 0
2950 0
2965 0
3058 0
3078 0
3115 0
3158 0
3263 0
3282 0
3307 0
3327 0
3351 0
3386 0
3428 0
3456 0
3534 0
3539 0
3557 0
3615 0
3665 0
3679 0
3698 0
3781 0
3812 0
3830 0
3952 0
4028 0
4098 0
4171 0
4184 0
4208 0
4232 0
4308 0
4416 0
4510 0
4525 0
4543 0
4618 0
4651 0
4664 0
4741 0
4765 0
4791 0
4822 0
4830 0
4905 0
