319 0
423 0
470 0
524 0
533 0
552 0
666 0
681 0
720 0
740 0
798 0
821 0
852 0
903 0
923 0
956 0
1052 0
1067 0
1121 0
1181 0
1202 0
1303 0
1310 0
1403 0
1418 0
1483 0
1504 0
1586 0
1647 0
1655 0
1697 0
1724 0
1757 0
1804 0
1882 0
1907 0
1930 0
1946 0
1971 0
2121 0
2178 0
2284 0
2300 0
2417 0
2441 0
2464 0
2469 0
2510 0
2535 0
2551 0
2579 0
2641 0
2654 0
2678 0
2714 0
2750 0
2759 0
2779 0
2792 0
2910 0
2939 0
3040 0
3105 0
3255 0
3276 0
3285 0
3307 0
3342 0
3413 0
3462 0
3489 0
3531 0
3558 0
3576 0
3624 0
3714 0
3725 0
3804 0
3822 0
3903 0
3921 0
4021 0
4045 0
4098 0
4161 0
4169 0
4257 0
4286 0
4304 0
4354 0
4396 0
4427 0
4474 0
4500 0
4523 0
4544 0
4666 0
4681 0
4699 0
4748 0
4810 0
4897 0
