327 0
364 0
400 0
422 0
525 0
631 0
707 0
718 0
732 0
815 0
836 0
919 0
965 0
985 0
992 0
1005 0
1042 0
1065 0
1130 0
1143 0
1215 0
1338 0
1359 0
1364 0
1434 0
1509 0
1595 0
1672 0
1692 0
1718 0
1800 0
1820 0
1844 0
1857 0
1879 0
1915 0
1945 0
1965 0
2022 0
2041 0
2067 0
2136 0
2182 0
2241 0
2274 0
2280 0
2336 0
2357 0
2532 0
2538 0
2685 0
2701 0
2860 0
2878 0
2936 0
2946 0
2985 0
3039 0
3080 0
3152 0
3176 0
3206 0
3258 0
3278 0
3306 0
3347 0
3358 0
3371 0
3389 0
3418 0
3487 0
3526 0
3551 0
3635 0
3714 0
3786 0
3851 0
3860 0
3891 0
4000 0
4067 0
4087 0
4154 0
4167 0
4215 0
4226 0
4248 0
4263 0
4287 0
4371 0
4417 0
4481 0
4496 0
4509 0
4580 0
4700 0
4801 0
4820 0
4858 0
4889 0
