309 0
434 0
503 0
516 0
548 0
634 0
676 0
691 0
711 0
734 0
755 0
831 0
835 0
862 0
894 0
954 0
1066 0
1089 0
1119 0
1221 0
1230 0
1268 0
1291 0
1334 0
1365 0
1405 0
1475 0
1570 0
1588 0
1620 0
1678 0
1711 0
1835 0
1874 0
1888 0
1907 0
1932 0
1945 0
2002 0
2111 0
2134 0
2197 0
2262 0
2337 0
2412 0
2419 0
2444 0
2491 0
2552 0
2573 0
2644 0
2655 0
2732 0
2787 0
2802 0
2820 0
2884 0
2953 0
3011 0
3090 0
3095 0
3224 0
3269 0
3288 0
3308 0
3331 0
3336 0
3391 0
3512 0
3552 0
3588 0
3633 0
3640 0
3745 0
3816 0
3856 0
3885 0
3928 0
3948 0
3983 0
4008 0
4104 0
4126 0
4152 0
4261 0
4319 0
4368 0
4383 0
4390 0
4457 0
4473 0
4515 0
4531 0
4552 0
4580 0
4671 0
4707 0
4719 0
4785 0
4905 0
