308 0
335 0
415 0
501 0
637 0
727 0
766 0
791 0
848 0
854 0
907 0
954 0
994 0
1025 0
1069 0
1085 0
1123 0
1217 0
1366 0
1385 0
1401 0
1414 0
1433 0
1488 0
1511 0
1524 0
1554 0
1587 0
1599 0
1627 0
1653 0
1685 0
1714 0
1727 0
1808 0
1829 0
1932 0
2007 0
2054 0
2067 0
2175 0
2232 0
2255 0
2282 0
2425 0
2445 0
2456 0
2497 0
2512 0
2539 0
2678 0
2713 0
2726 0
2756 0
2776 0
2792 0
2932 0
2971 0
2980 0
3050 0
3154 0
3164 0
3202 0
3284 0
3398 0
3416 0
3490 0
3518 0
3522 0
3557 0
3589 0
3615 0
3634 0
3663 0
3696 0
3716 0
3729 0
3781 0
3794 0
3817 0
3830 0
3856 0
3999 0
4095 0
4137 0
4153 0
4191 0
4218 0
4257 0
4309 0
4362 0
4373 0
4432 0
4439 0
4503 0
4579 0
4722 0
4810 0
4886 0
4910 0
