322 0
325 0
353 0
466 0
503 0
514 0
634 0
675 0
729 0
749 0
830 0
844 0
856 0
916 0
943 0
1013 0
1031 0
1073 0
1093 0
1108 0
1236 0
1272 0
1299 0
1314 0
1363 0
1410 0
1464 0
1516 0
1537 0
1557 0
1576 0
1674 0
1687 0
1716 0
1817 0
1845 0
1858 0
1872 0
1929 0
2002 0
2082 0
2208 0
2214 0
2256 0
2390 0
2405 0
2452 0
2466 0
2485 0
2528 0
2574 0
2649 0
2688 0
2728 0
2740 0
2763 0
2806 0
2837 0
2971 0
2993 0
3020 0
3138 0
3229 0
3293 0
3336 0
3354 0
3372 0
3403 0
3510 0
3526 0
3547 0
3654 0
3658 0
3686 0
3695 0
3749 0
3818 0
3853 0
3898 0
3922 0
3945 0
3987 0
4111 0
4121 0
4135 0
4191 0
4214 0
4283 0
4311 0
4356 0
4380 0
4395 0
4470 0
4491 0
4547 0
4580 0
4698 0
4723 0
4753 0
4864 0
4882 0
4901 0
