358 0
379 0
395 0
525 0
617 0
632 0
681 0
773 0
811 0
912 0
939 0
954 0
1025 0
1044 0
1098 0
1111 0
1138 0
1153 0
1206 0
1299 0
1324 0
1338 0
1354 0
1424 0
1436 0
1467 0
1485 0
1515 0
1664 0
1726 0
1780 0
1825 0
1850 0
1888 0
1917 0
1982 0
1992 0
2010 0
2138 0
2147 0
2168 0
2234 0
2246 0
2262 0
2310 0
2353 0
2430 0
2469 0
2508 0
2573 0
2644 0
2710 0
2745 0
2800 0
2861 0
2908 0
2957 0
2965 0
2988 0
3052 0
3071 0
3092 0
3204 0
3223 0
3241 0
3302 0
3316 0
3379 0
3389 0
3436 0
3487 0
3569 0
3695 0
3732 0
3741 0
3789 0
3804 0
3861 0
3882 0
3904 0
3926 0
4020 0
4073 0
4082 0
4104 0
4120 0
4168 0
4198 0
4255 0
4280 0
4315 0
4411 0
4446 0
4528 0
4576 0
4591 0
4701 0
4825 0
4841 0
4850 0
