343 0
400 0
426 0
549 0
688 0
786 0
800 0
819 0
866 0
924 0
950 0
966 0
988 0
1021 0
1096 0
1115 0
1182 0
1192 0
1223 0
1269 0
1282 0
1374 0
1383 0
1467 0
1510 0
1525 0
1577 0
1608 0
1635 0
1664 0
1694 0
1767 0
1778 0
1824 0
1839 0
1864 0
1874 0
1928 0
1969 0
2087 0
2097 0
2110 0
2239 0
2254 0
2286 0
2357 0
2384 0
2430 0
2479 0
2551 0
2656 0
2753 0
2790 0
2837 0
2866 0
2925 0
2974 0
2983 0
3105 0
3123 0
3135 0
3252 0
3293 0
3336 0
3352 0
3375 0
3391 0
3447 0
3453 0
3530 0
3563 0
3577 0
3617 0
3643 0
3698 0
3714 0
3746 0
3839 0
3848 0
3935 0
3960 0
4007 0
4019 0
4039 0
4102 0
4125 0
4190 0
4229 0
4251 0
4270 0
4293 0
4355 0
4394 0
4413 0
4436 0
4526 0
4674 0
4782 0
4825 0
4868 0
