317 0
333 0
396 0
412 0
434 0
496 0
511 0
575 0
628 0
671 0
780 0
979 0
1010 0
1051 0
1067 0
1083 0
1104 0
1174 0
1253 0
1335 0
1349 0
1398 0
1422 0
1436 0
1478 0
1523 0
1561 0
1587 0
1696 0
1728 0
1760 0
1772 0
1875 0
1897 0
1979 0
1995 0
2022 0
2045 0
2069 0
2105 0
2124 0
2140 0
2199 0
2219 0
2282 0
2365 0
2395 0
2432 0
2477 0
2498 0
2564 0
2577 0
2589 0
2628 0
2636 0
2655 0
2735 0
2739 0
2783 0
2829 0
2850 0
2937 0
3003 0
3021 0
3082 0
3095 0
3126 0
3147 0
3165 0
3198 0
3224 0
3239 0
3328 0
3335 0
3450 0
3455 0
3491 0
3526 0
3634 0
3657 0
3694 0
3749 0
3788 0
3793 0
3823 0
3866 0
3889 0
3977 0
4039 0
4118 0
4145 0
4164 0
4171 0
4214 0
4245 0
4446 0
4547 0
4591 0
4644 0
4703 0
4714 0
4779 0
4807 0
4818 0
4891 0
4911 0
