337 0
345 0
385 0
404 0
414 0
450 0
492 0
502 0
512 0
639 0
647 0
667 0
716 0
734 0
761 0
832 0
859 0
912 0
1069 0
1135 0
1143 0
1198 0
1223 0
1226 0
1354 0
1397 0
1416 0
1470 0
1488 0
1500 0
1591 0
1614 0
1689 0
1703 0
1828 0
1842 0
1886 0
1951 0
1965 0
1991 0
2089 0
2101 0
2127 0
2163 0
2187 0
2224 0
2239 0
2303 0
2345 0
2394 0
2492 0
2505 0
2591 0
2632 0
2714 0
2722 0
2825 0
2883 0
2916 0
2991 0
3006 0
3027 0
3053 0
3079 0
3123 0
3135 0
3229 0
3250 0
3276 0
3337 0
3379 0
3394 0
3512 0
3531 0
3617 0
3636 0
3708 0
3724 0
3756 0
3793 0
3815 0
3863 0
3979 0
4010 0
4022 0
4064 0
4086 0
4163 0
4317 0
4357 0
4400 0
4464 0
4477 0
4501 0
4555 0
4564 0
4582 0
4700 0
4711 0
4742 0
4774 0
4800 0
4812 0
4843 0
4866 0
4890 0
