364 0
379 0
394 0
419 0
492 0
535 0
688 0
698 0
733 0
849 0
910 0
937 0
965 0
983 0
990 0
1115 0
1127 0
1221 0
1240 0
1248 0
1273 0
1277 0
1301 0
1314 0
1353 0
1364 0
1378 0
1414 0
1441 0
1474 0
1482 0
1519 0
1595 0
1662 0
1674 0
1709 0
1792 0
1847 0
1861 0
1873 0
1909 0
1947 0
1967 0
2003 0
2016 0
2100 0
2120 0
2135 0
2148 0
2184 0
2195 0
2241 0
2248 0
2264 0
2343 0
2354 0
2381 0
2406 0
2444 0
2468 0
2493 0
2556 0
2569 0
2639 0
2655 0
2730 0
2745 0
2780 0
2810 0
2838 0
2857 0
2875 0
2950 0
2966 0
2979 0
3025 0
3028 0
3072 0
3080 0
3100 0
3122 0
3206 0
3229 0
3252 0
3278 0
3305 0
3345 0
3357 0
3377 0
3421 0
3515 0
3550 0
3556 0
3622 0
3699 0
3735 0
3748 0
3783 0
3798 0
3838 0
3844 0
3863 0
3898 0
3921 0
3928 0
3959 0
3964 0
3984 0
4009 0
4085 0
4103 0
4220 0
4235 0
4258 0
4280 0
4312 0
4383 0
4484 0
4515 0
4527 0
4679 0
4732 0
4807 0
4820 0
4840 0
4850 0
