324 0
361 0
441 0
472 0
478 0
503 0
572 0
632 0
668 0
681 0
722 0
798 0
828 0
945 0
972 0
999 0
1025 0
1061 0
1121 0
1137 0
1198 0
1231 0
1250 0
1268 0
1330 0
1375 0
1378 0
1416 0
1434 0
1483 0
1503 0
1519 0
1538 0
1702 0
1752 0
1798 0
1873 0
1980 0
2013 0
2103 0
2140 0
2196 0
2249 0
2291 0
2311 0
2340 0
2349 0
2385 0
2427 0
2455 0
2560 0
2593 0
2627 0
2664 0
2764 0
2799 0
2838 0
2864 0
2886 0
2922 0
2931 0
2959 0
3018 0
3090 0
3117 0
3209 0
3236 0
3336 0
3418 0
3453 0
3512 0
3674 0
3703 0
3713 0
3732 0
3788 0
3797 0
3834 0
3849 0
3879 0
3948 0
3972 0
3986 0
4024 0
4082 0
4108 0
4154 0
4187 0
4224 0
4234 0
4274 0
4401 0
4431 0
4490 0
4527 0
4548 0
4579 0
4645 0
4721 0
4734 0
4745 0
4783 0
4855 0
4880 0
