311 0
356 0
367 0
381 0
426 0
457 0
478 0
507 0
523 0
653 0
685 0
754 0
774 0
841 0
899 0
995 0
1021 0
1087 0
1119 0
1132 0
1218 0
1290 0
1298 0
1331 0
1353 0
1473 0
1577 0
1604 0
1631 0
1691 0
1718 0
1777 0
1814 0
1837 0
1915 0
1924 0
1996 0
2022 0
2081 0
2169 0
2223 0
2235 0
2265 0
2292 0
2304 0
2345 0
2347 0
2405 0
2489 0
2511 0
2719 0
2721 0
2818 0
2867 0
2881 0
2921 0
2935 0
2951 0
2981 0
3001 0
3045 0
3144 0
3203 0
3221 0
3292 0
3312 0
3367 0
3403 0
3447 0
3498 0
3524 0
3599 0
3607 0
3647 0
3747 0
3874 0
3884 0
3920 0
3929 0
4000 0
4094 0
4106 0
4134 0
4194 0
4231 0
4329 0
4375 0
4450 0
4465 0
4526 0
4564 0
4703 0
4713 0
4736 0
4774 0
4785 0
4834 0
4854 0
4877 0
4899 0
