328 0
514 0
553 0
577 0
601 0
628 0
670 0
689 0
698 0
742 0
865 0
905 0
933 0
1002 0
1047 0
1056 0
1078 0
1101 0
1136 0
1187 0
1199 0
1253 0
1261 0
1303 0
1348 0
1364 0
1418 0
1466 0
1522 0
1599 0
1618 0
1719 0
1769 0
1787 0
1852 0
1859 0
1884 0
1948 0
1958 0
2001 0
2123 0
2149 0
2189 0
2222 0
2238 0
2269 0
2288 0
2358 0
2408 0
2434 0
2507 0
2538 0
2563 0
2657 0
2675 0
2711 0
2783 0
2806 0
2860 0
2932 0
2948 0
2980 0
3007 0
3042 0
3074 0
3103 0
3215 0
3260 0
3268 0
3338 0
3357 0
3376 0
3424 0
3449 0
3486 0
3597 0
3611 0
3701 0
3748 0
3804 0
3856 0
3866 0
3925 0
3953 0
3969 0
4018 0
4040 0
4086 0
4118 0
4144 0
4160 0
4174 0
4217 0
4286 0
4304 0
4368 0
4477 0
4509 0
4535 0
4541 0
4598 0
4616 0
4650 0
4673 0
4697 0
4880 0
