355 0
371 0
418 0
509 0
548 0
570 0
599 0
613 0
677 0
693 0
737 0
785 0
858 0
895 0
959 0
970 0
1002 0
1018 0
1042 0
1117 0
1196 0
1219 0
1261 0
1320 0
1358 0
1361 0
1510 0
1518 0
1567 0
1606 0
1679 0
1693 0
1778 0
1808 0
1835 0
1841 0
1862 0
1878 0
1974 0
2020 0
2094 0
2119 0
2129 0
2190 0
2266 0
2310 0
2338 0
2395 0
2443 0
2502 0
2541 0
2583 0
2642 0
2685 0
2713 0
2786 0
2833 0
2875 0
2908 0
2944 0
3042 0
3088 0
3096 0
3121 0
3211 0
3241 0
3333 0
3352 0
3371 0
3396 0
3416 0
3441 0
3524 0
3538 0
3608 0
3647 0
3692 0
3719 0
3847 0
3868 0
3895 0
3960 0
3999 0
4026 0
4106 0
4179 0
4202 0
4227 0
4237 0
4257 0
4331 0
4366 0
4433 0
4474 0
4530 0
4551 0
4595 0
4617 0
4644 0
4660 0
4717 0
4795 0
4857 0
4877 0
