336 0
352 0
376 0
423 0
450 0
479 0
507 0
521 0
532 0
602 0
683 0
701 0
728 0
750 0
781 0
787 0
817 0
906 0
938 0
968 0
1014 0
1067 0
1075 0
1100 0
1131 0
1174 0
1298 0
1333 0
1371 0
1379 0
1424 0
1476 0
1504 0
1520 0
1535 0
1642 0
1679 0
1771 0
1905 0
2014 0
2058 0
2104 0
2123 0
2148 0
2198 0
2288 0
2309 0
2344 0
2355 0
2384 0
2495 0
2519 0
2589 0
2631 0
2687 0
2722 0
2837 0
2864 0
2885 0
2910 0
2930 0
3017 0
3075 0
3101 0
3115 0
3156 0
3204 0
3309 0
3448 0
3548 0
3577 0
3678 0
3698 0
3719 0
3742 0
3793 0
3839 0
3848 0
3892 0
3925 0
4038 0
4087 0
4129 0
4139 0
4150 0
4204 0
4262 0
4281 0
4304 0
4399 0
4430 0
4451 0
4463 0
4495 0
4508 0
4524 0
4618 0
4681 0
4697 0
4720 0
4741 0
4767 0
4808 0
4829 0
4866 0
4881 0
