387 0
417 0
427 0
486 0
508 0
511 0
532 0
556 0
611 0
634 0
726 0
766 0
790 0
808 0
950 0
977 0
1022 0
1048 0
1068 0
1216 0
1276 0
1322 0
1387 0
1397 0
1476 0
1485 0
1559 0
1622 0
1653 0
1671 0
1710 0
1754 0
1769 0
1828 0
1874 0
1895 0
1932 0
1962 0
2008 0
2095 0
2149 0
2191 0
2219 0
2269 0
2294 0
2429 0
2511 0
2519 0
2561 0
2576 0
2651 0
2663 0
2687 0
2707 0
2795 0
2933 0
2944 0
3005 0
3034 0
3076 0
3113 0
3198 0
3259 0
3284 0
3329 0
3337 0
3394 0
3449 0
3461 0
3515 0
3544 0
3555 0
3593 0
3658 0
3728 0
3752 0
3814 0
3830 0
3900 0
3936 0
4007 0
4162 0
4176 0
4195 0
4249 0
4270 0
4406 0
4432 0
4443 0
4499 0
4587 0
4612 0
4668 0
4683 0
4693 0
4713 0
4728 0
4780 0
4809 0
4842 0
