453 0
498 0
531 0
620 0
670 0
703 0
729 0
741 0
838 0
859 0
929 0
1000 0
1026 0
1040 0
1101 0
1193 0
1297 0
1341 0
1356 0
1383 0
1401 0
1491 0
1520 0
1597 0
1602 0
1640 0
1731 0
1783 0
1803 0
1822 0
1840 0
1923 0
1984 0
2046 0
2071 0
2077 0
2117 0
2126 0
2152 0
2161 0
2240 0
2260 0
2355 0
2396 0
2421 0
2462 0
2466 0
2488 0
2536 0
2599 0
2629 0
2679 0
2724 0
2745 0
2767 0
2797 0
2829 0
2868 0
2970 0
2990 0
3057 0
3076 0
3088 0
3102 0
3134 0
3149 0
3164 0
3244 0
3290 0
3371 0
3384 0
3415 0
3450 0
3501 0
3580 0
3605 0
3624 0
3700 0
3737 0
3817 0
3840 0
3864 0
3883 0
3918 0
4015 0
4118 0
4180 0
4193 0
4217 0
4298 0
4365 0
4380 0
4474 0
4490 0
4510 0
4555 0
4600 0
4691 0
4711 0
4773 0
