383 0
399 0
419 0
465 0
507 0
531 0
602 0
628 0
649 0
744 0
769 0
791 0
839 0
893 0
946 0
973 0
996 0
1009 0
1069 0
1078 0
1107 0
1186 0
1221 0
1291 0
1345 0
1423 0
1464 0
1557 0
1578 0
1640 0
1690 0
1790 0
1854 0
1930 0
1959 0
2004 0
2014 0
2048 0
2086 0
2100 0
2174 0
2179 0
2217 0
2280 0
2356 0
2408 0
2421 0
2529 0
2576 0
2649 0
2692 0
2800 0
2820 0
2864 0
2928 0
3001 0
3028 0
3049 0
3125 0
3140 0
3167 0
3208 0
3228 0
3248 0
3292 0
3357 0
3426 0
3532 0
3571 0
3640 0
3666 0
3744 0
3794 0
3871 0
3938 0
4005 0
4044 0
4099 0
4141 0
4164 0
4211 0
4231 0
4247 0
4274 0
4321 0
4382 0
4435 0
4439 0
4475 0
4567 0
4604 0
4608 0
4686 0
4723 0
4748 0
4801 0
4812 0
4844 0
