337 0
352 0
411 0
441 0
453 0
532 0
601 0
639 0
676 0
681 0
719 0
733 0
796 0
925 0
940 0
963 0
1074 0
1106 0
1136 0
1145 0
1177 0
1206 0
1210 0
1272 0
1310 0
1336 0
1352 0
1365 0
1401 0
1439 0
1469 0
1484 0
1511 0
1532 0
1610 0
1624 0
1706 0
1720 0
1806 0
1852 0
1867 0
1910 0
1934 0
2150 0
2162 0
2209 0
2280 0
2330 0
2356 0
2394 0
2402 0
2497 0
2571 0
2638 0
2725 0
2812 0
2835 0
2871 0
2887 0
2935 0
3024 0
3049 0
3063 0
3290 0
3308 0
3357 0
3370 0
3405 0
3490 0
3503 0
3591 0
3611 0
3683 0
3714 0
3732 0
3752 0
3785 0
3809 0
3852 0
3866 0
3892 0
3907 0
3950 0
3997 0
4020 0
4033 0
4071 0
4089 0
4110 0
4134 0
4262 0
4274 0
4300 0
4428 0
4486 0
4495 0
4538 0
4548 0
4586 0
4617 0
4689 0
4769 0
4785 0
4805 0
4868 0
4880 0
