373 0
397 0
451 0
461 0
490 0
532 0
569 0
647 0
666 0
704 0
728 0
752 0
809 0
930 0
948 0
978 0
1102 0
1155 0
1204 0
1214 0
1251 0
1283 0
1375 0
1423 0
1478 0
1501 0
1538 0
1560 0
1618 0
1653 0
1752 0
1783 0
1789 0
1850 0
1863 0
1926 0
2082 0
2130 0
2166 0
2284 0
2304 0
2332 0
2352 0
2399 0
2452 0
2481 0
2510 0
2541 0
2572 0
2644 0
2671 0
2711 0
2743 0
2765 0
2810 0
2870 0
2877 0
2919 0
2928 0
3051 0
3083 0
3129 0
3293 0
3359 0
3368 0
3424 0
3447 0
3457 0
3564 0
3603 0
3668 0
3681 0
3718 0
3742 0
3807 0
3843 0
3936 0
3968 0
4006 0
4016 0
4076 0
4123 0
4248 0
4268 0
4287 0
4413 0
4463 0
4490 0
4521 0
4552 0
4571 0
4648 0
4686 0
4741 0
4746 0
4762 0
4821 0
4851 0
