314 0
364 0
424 0
431 0
488 0
541 0
628 0
635 0
736 0
795 0
807 0
826 0
932 0
939 0
960 0
984 0
988 0
1006 0
1031 0
1078 0
1138 0
1239 0
1270 0
1334 0
1474 0
1522 0
1575 0
1596 0
1601 0
1663 0
1671 0
1723 0
1766 0
1781 0
1821 0
1842 0
1856 0
1929 0
2062 0
2173 0
2220 0
2248 0
2302 0
2350 0
2394 0
2438 0
2521 0
2545 0
2551 0
2570 0
2593 0
2632 0
2647 0
2656 0
2671 0
2699 0
2780 0
2825 0
2863 0
2920 0
2968 0
3008 0
3057 0
3154 0
3290 0
3360 0
3369 0
3387 0
3436 0
3467 0
3501 0
3539 0
3558 0
3612 0
3631 0
3645 0
3703 0
3741 0
3884 0
3958 0
3987 0
4094 0
4138 0
4184 0
4211 0
4222 0
4238 0
4260 0
4282 0
4300 0
4391 0
4419 0
4430 0
4472 0
4579 0
4598 0
4687 0
4731 0
4778 0
4796 0
4858 0
4906 0
