320 0
363 0
384 0
393 0
451 0
509 0
523 0
573 0
687 0
708 0
727 0
736 0
771 0
784 0
803 0
889 0
914 0
1044 0
1066 0
1086 0
1106 0
1124 0
1150 0
1177 0
1334 0
1374 0
1399 0
1505 0
1528 0
1542 0
1648 0
1656 0
1674 0
1687 0
1758 0
1782 0
1796 0
1821 0
1842 0
1964 0
1982 0
2048 0
2123 0
2151 0
2173 0
2246 0
2367 0
2402 0
2432 0
2491 0
2547 0
2578 0
2599 0
2629 0
2642 0
2678 0
2734 0
2784 0
2813 0
2854 0
2972 0
3050 0
3072 0
3103 0
3164 0
3246 0
3249 0
3367 0
3394 0
3431 0
3438 0
3454 0
3524 0
3537 0
3560 0
3580 0
3676 0
3705 0
3714 0
3816 0
3853 0
3879 0
4042 0
4066 0
4095 0
4110 0
4137 0
4157 0
4177 0
4315 0
4326 0
4414 0
4434 0
4452 0
4481 0
4490 0
4521 0
4530 0
4653 0
4697 0
4717 0
4761 0
4814 0
4841 0
4855 0
4902 0
