343 0
362 0
387 0
457 0
477 0
522 0
689 0
736 0
768 0
786 0
900 0
913 0
955 0
987 0
1028 0
1051 0
1061 0
1114 0
1152 0
1188 0
1204 0
1216 0
1265 0
1304 0
1370 0
1474 0
1529 0
1548 0
1578 0
1611 0
1770 0
1946 0
1968 0
1975 0
2001 0
2010 0
2081 0
2097 0
2129 0
2145 0
2194 0
2224 0
2238 0
2253 0
2337 0
2374 0
2413 0
2453 0
2477 0
2577 0
2638 0
2752 0
2763 0
2819 0
2840 0
2883 0
2967 0
2983 0
2995 0
3015 0
3065 0
3090 0
3118 0
3143 0
3203 0
3229 0
3235 0
3260 0
3265 0
3443 0
3618 0
3648 0
3663 0
3695 0
3742 0
3848 0
3912 0
3955 0
3999 0
4028 0
4036 0
4068 0
4107 0
4162 0
4172 0
4198 0
4231 0
4259 0
4314 0
4319 0
4429 0
4448 0
4474 0
4532 0
4703 0
4741 0
4761 0
4833 0
4855 0
4864 0
