321 0
486 0
514 0
530 0
692 0
720 0
740 0
786 0
849 0
888 0
949 0
1036 0
1040 0
1061 0
1134 0
1149 0
1197 0
1208 0
1246 0
1262 0
1289 0
1392 0
1407 0
1437 0
1485 0
1579 0
1588 0
1601 0
1699 0
1730 0
1764 0
1809 0
1908 0
1926 0
1949 0
1999 0
2071 0
2078 0
2094 0
2117 0
2199 0
2228 0
2249 0
2276 0
2374 0
2388 0
2452 0
2495 0
2515 0
2556 0
2596 0
2629 0
2665 0
2706 0
2728 0
2760 0
2832 0
2840 0
2949 0
2973 0
2987 0
3016 0
3104 0
3113 0
3133 0
3158 0
3218 0
3268 0
3290 0
3311 0
3403 0
3462 0
3491 0
3526 0
3606 0
3625 0
3647 0
3738 0
3781 0
3810 0
3841 0
3928 0
3956 0
3974 0
4005 0
4023 0
4071 0
4093 0
4149 0
4175 0
4194 0
4283 0
4333 0
4384 0
4427 0
4476 0
4496 0
4531 0
4685 0
4703 0
4741 0
4902 0
