370 0
396 0
426 0
483 0
560 0
565 0
596 0
623 0
696 0
722 0
752 0
805 0
818 0
864 0
956 0
996 0
1016 0
1045 0
1080 0
1120 0
1176 0
1196 0
1269 0
1336 0
1355 0
1382 0
1395 0
1480 0
1516 0
1541 0
1627 0
1733 0
1755 0
1784 0
1831 0
1854 0
1884 0
1910 0
1930 0
1958 0
2046 0
2113 0
2127 0
2204 0
2230 0
2259 0
2334 0
2427 0
2537 0
2573 0
2640 0
2677 0
2798 0
2886 0
2968 0
2984 0
3022 0
3092 0
3110 0
3167 0
3263 0
3289 0
3313 0
3336 0
3354 0
3389 0
3445 0
3452 0
3500 0
3603 0
3683 0
3691 0
3737 0
3809 0
3834 0
3871 0
3890 0
3955 0
4020 0
4035 0
4104 0
4139 0
4169 0
4213 0
4232 0
4263 0
4365 0
4402 0
4409 0
4461 0
4489 0
4526 0
4602 0
4609 0
4651 0
4662 0
4727 0
4786 0
4813 0
4859 0
