345 0
373 0
375 0
478 0
505 0
541 0
551 0
615 0
682 0
722 0
797 0
832 0
902 0
924 0
939 0
985 0
1000 0
1044 0
1120 0
1180 0
1263 0
1385 0
1396 0
1470 0
1526 0
1534 0
1554 0
1576 0
1601 0
1651 0
1805 0
1833 0
1844 0
1868 0
1942 0
1971 0
1982 0
2096 0
2138 0
2165 0
2190 0
2235 0
2273 0
2282 0
2343 0
2386 0
2424 0
2474 0
2495 0
2592 0
2622 0
2722 0
2742 0
2801 0
2831 0
2889 0
2940 0
2952 0
2981 0
3036 0
3051 0
3086 0
3114 0
3243 0
3249 0
3276 0
3353 0
3369 0
3384 0
3407 0
3564 0
3605 0
3640 0
3660 0
3679 0
3704 0
3752 0
3824 0
3836 0
3959 0
4031 0
4105 0
4174 0
4230 0
4237 0
4278 0
4285 0
4306 0
4389 0
4430 0
4489 0
4534 0
4596 0
4671 0
4679 0
4711 0
4740 0
4837 0
4857 0
4865 0
