311 0
433 0
452 0
463 0
485 0
538 0
551 0
626 0
657 0
668 0
686 0
733 0
778 0
814 0
832 0
985 0
996 0
1042 0
1069 0
1125 0
1188 0
1200 0
1215 0
1244 0
1299 0
1327 0
1349 0
1391 0
1413 0
1474 0
1487 0
1518 0
1543 0
1617 0
1687 0
1731 0
1788 0
1831 0
1892 0
1919 0
1985 0
2129 0
2224 0
2307 0
2343 0
2359 0
2386 0
2425 0
2433 0
2458 0
2485 0
2599 0
2626 0
2734 0
2769 0
2784 0
2798 0
2823 0
2868 0
2884 0
2909 0
3007 0
3084 0
3243 0
3302 0
3318 0
3385 0
3426 0
3486 0
3528 0
3593 0
3680 0
3705 0
3727 0
3742 0
3798 0
3839 0
3860 0
3888 0
3913 0
3976 0
4001 0
4021 0
4037 0
4082 0
4158 0
4172 0
4227 0
4237 0
4391 0
4415 0
4451 0
4477 0
4523 0
4552 0
4567 0
4605 0
4664 0
4685 0
4729 0
4756 0
4764 0
4785 0
4897 0
