321 0
373 0
405 0
417 0
438 0
461 0
496 0
618 0
632 0
660 0
712 0
808 0
852 0
996 0
1011 0
1070 0
1085 0
1095 0
1127 0
1212 0
1226 0
1278 0
1313 0
1356 0
1392 0
1419 0
1444 0
1469 0
1516 0
1555 0
1620 0
1687 0
1726 0
1793 0
1834 0
1866 0
1961 0
2049 0
2058 0
2119 0
2135 0
2161 0
2234 0
2406 0
2505 0
2543 0
2562 0
2574 0
2585 0
2626 0
2640 0
2664 0
2676 0
2719 0
2807 0
2978 0
3052 0
3078 0
3098 0
3160 0
3169 0
3253 0
3361 0
3394 0
3419 0
3501 0
3529 0
3593 0
3662 0
3702 0
3754 0
3775 0
3793 0
3830 0
3872 0
3904 0
3930 0
3992 0
4003 0
4087 0
4127 0
4145 0
4160 0
4207 0
4222 0
4356 0
4411 0
4512 0
4568 0
4574 0
4593 0
4719 0
4751 0
4782 0
4807 0
4820 0
4847 0
4907 0
