317 0
403 0
482 0
518 0
599 0
620 0
665 0
687 0
740 0
749 0
830 0
861 0
906 0
948 0
1030 0
1051 0
1057 0
1112 0
1290 0
1302 0
1325 0
1373 0
1420 0
1440 0
1488 0
1503 0
1621 0
1633 0
1664 0
1695 0
1703 0
1725 0
1767 0
1803 0
1827 0
1881 0
1948 0
1961 0
1994 0
2008 0
2063 0
2079 0
2093 0
2117 0
2155 0
2179 0
2311 0
2339 0
2428 0
2454 0
2487 0
2532 0
2687 0
2722 0
2769 0
2802 0
2879 0
2915 0
3040 0
3073 0
3097 0
3112 0
3143 0
3156 0
3197 0
3228 0
3257 0
3275 0
3339 0
3385 0
3404 0
3465 0
3499 0
3514 0
3522 0
3568 0
3578 0
3593 0
3722 0
3730 0
3789 0
3801 0
3858 0
3897 0
3911 0
3930 0
4101 0
4151 0
4173 0
4197 0
4283 0
4311 0
4357 0
4402 0
4468 0
4483 0
4532 0
4543 0
4605 0
4610 0
4703 0
4731 0
4826 0
4900 0
