335 0
349 0
410 0
445 0
619 0
688 0
728 0
737 0
752 0
798 0
845 0
914 0
941 0
953 0
989 0
1049 0
1078 0
1099 0
1318 0
1353 0
1414 0
1444 0
1471 0
1524 0
1551 0
1571 0
1610 0
1682 0
1732 0
1767 0
1814 0
1925 0
1944 0
1999 0
2019 0
2043 0
2072 0
2178 0
2202 0
2228 0
2299 0
2352 0
2364 0
2428 0
2443 0
2464 0
2506 0
2519 0
2555 0
2660 0
2689 0
2705 0
2764 0
2778 0
2803 0
2850 0
2862 0
2912 0
2987 0
3020 0
3041 0
3159 0
3170 0
3200 0
3224 0
3278 0
3290 0
3415 0
3458 0
3500 0
3550 0
3611 0
3651 0
3661 0
3691 0
3741 0
3782 0
3796 0
3862 0
3895 0
4117 0
4138 0
4178 0
4226 0
4259 0
4279 0
4312 0
4379 0
4424 0
4470 0
4477 0
4493 0
4524 0
4605 0
4772 0
4795 0
4868 0
4884 0
