314 0
337 0
413 0
427 0
457 0
470 0
530 0
622 0
691 0
700 0
745 0
808 0
831 0
851 0
893 0
947 0
975 0
987 0
1099 0
1107 0
1143 0
1235 0
1245 0
1325 0
1417 0
1436 0
1503 0
1536 0
1549 0
1572 0
1594 0
1620 0
1799 0
1822 0
1857 0
1956 0
1983 0
2052 0
2066 0
2123 0
2153 0
2183 0
2216 0
2311 0
2379 0
2393 0
2419 0
2467 0
2490 0
2514 0
2591 0
2620 0
2719 0
2733 0
2740 0
2797 0
2827 0
2847 0
2910 0
3004 0
3037 0
3074 0
3107 0
3155 0
3171 0
3240 0
3261 0
3356 0
3387 0
3429 0
3597 0
3633 0
3654 0
3666 0
3674 0
3720 0
3788 0
3799 0
3894 0
3972 0
3993 0
4076 0
4100 0
4129 0
4222 0
4249 0
4271 0
4328 0
4368 0
4397 0
4404 0
4475 0
4517 0
4529 0
4604 0
4677 0
4758 0
4766 0
4781 0
4807 0
4888 0
4899 0
