317 0
349 0
370 0
377 0
406 0
432 0
478 0
499 0
539 0
562 0
641 0
702 0
738 0
786 0
830 0
836 0
894 0
941 0
971 0
1021 0
1101 0
1240 0
1269 0
1298 0
1321 0
1368 0
1399 0
1426 0
1437 0
1486 0
1583 0
1644 0
1677 0
1713 0
1778 0
1814 0
1886 0
1987 0
1995 0
2043 0
2181 0
2226 0
2234 0
2303 0
2333 0
2368 0
2381 0
2495 0
2508 0
2527 0
2574 0
2596 0
2625 0
2641 0
2700 0
2715 0
2724 0
2830 0
2841 0
2888 0
2912 0
2982 0
2998 0
3035 0
3178 0
3229 0
3231 0
3341 0
3412 0
3448 0
3516 0
3538 0
3571 0
3632 0
3733 0
3775 0
3800 0
3824 0
3852 0
3906 0
3913 0
3950 0
3983 0
4122 0
4183 0
4244 0
4271 0
4328 0
4384 0
4390 0
4431 0
4476 0
4514 0
4576 0
4654 0
4678 0
4715 0
4734 0
4781 0
4821 0
4830 0
4860 0
4863 0
4910 0
