327 0
362 0
533 0
715 0
737 0
778 0
803 0
828 0
836 0
887 0
981 0
1002 0
1005 0
1085 0
1093 0
1179 0
1219 0
1252 0
1341 0
1370 0
1407 0
1420 0
1435 0
1534 0
1553 0
1569 0
1600 0
1665 0
1675 0
1708 0
1775 0
1787 0
1808 0
1822 0
1861 0
1897 0
1909 0
1950 0
2003 0
2054 0
2141 0
2144 0
2172 0
2268 0
2307 0
2349 0
2379 0
2443 0
2455 0
2513 0
2522 0
2551 0
2660 0
2698 0
2714 0
2769 0
2772 0
2853 0
2869 0
2917 0
2945 0
3057 0
3069 0
3089 0
3163 0
3226 0
3280 0
3299 0
3318 0
3359 0
3385 0
3408 0
3421 0
3445 0
3504 0
3547 0
3563 0
3613 0
3646 0
3658 0
3685 0
3782 0
3797 0
3818 0
3844 0
3887 0
3962 0
4004 0
4032 0
4129 0
4138 0
4211 0
4220 0
4243 0
4329 0
4380 0
4389 0
4405 0
4451 0
4481 0
4501 0
4680 0
4858 0
4885 0
