344 0
379 0
403 0
451 0
526 0
538 0
552 0
564 0
640 0
647 0
717 0
744 0
760 0
803 0
855 0
889 0
963 0
1009 0
1081 0
1119 0
1210 0
1279 0
1383 0
1423 0
1441 0
1472 0
1487 0
1508 0
1543 0
1575 0
1614 0
1641 0
1673 0
1719 0
1754 0
1781 0
1862 0
1895 0
1939 0
2021 0
2051 0
2058 0
2106 0
2132 0
2158 0
2169 0
2206 0
2422 0
2462 0
2487 0
2510 0
2563 0
2594 0
2622 0
2657 0
2717 0
2721 0
2761 0
2800 0
3014 0
3058 0
3071 0
3090 0
3125 0
3152 0
3163 0
3210 0
3270 0
3317 0
3352 0
3443 0
3459 0
3487 0
3539 0
3579 0
3620 0
3646 0
3678 0
3710 0
3733 0
3752 0
3783 0
3795 0
3837 0
3943 0
4002 0
4104 0
4145 0
4203 0
4265 0
4334 0
4360 0
4417 0
4461 0
4482 0
4498 0
4568 0
4575 0
4657 0
4663 0
4690 0
4694 0
4769 0
4818 0
4840 0
4870 0
