360 0
384 0
473 0
494 0
514 0
546 0
610 0
634 0
656 0
687 0
740 0
752 0
767 0
815 0
847 0
853 0
912 0
920 0
975 0
995 0
1040 0
1095 0
1196 0
1211 0
1238 0
1300 0
1331 0
1544 0
1571 0
1592 0
1635 0
1662 0
1681 0
1716 0
1722 0
1835 0
1949 0
1976 0
2002 0
2041 0
2165 0
2192 0
2195 0
2214 0
2236 0
2264 0
2289 0
2340 0
2348 0
2388 0
2545 0
2678 0
2828 0
2860 0
2885 0
2931 0
2944 0
2981 0
3005 0
3013 0
3035 0
3057 0
3172 0
3226 0
3244 0
3276 0
3387 0
3501 0
3503 0
3540 0
3558 0
3580 0
3627 0
3649 0
3679 0
3877 0
3912 0
3983 0
4010 0
4024 0
4116 0
4171 0
4217 0
4243 0
4297 0
4309 0
4366 0
4373 0
4414 0
4442 0
4464 0
4484 0
4531 0
4557 0
4575 0
4623 0
4667 0
4699 0
4711 0
4759 0
4831 0
4855 0
