362 0
416 0
445 0
465 0
506 0
538 0
573 0
643 0
657 0
716 0
783 0
854 0
892 0
910 0
919 0
990 0
1015 0
1053 0
1078 0
1137 0
1145 0
1206 0
1255 0
1286 0
1351 0
1387 0
1467 0
1485 0
1545 0
1556 0
1636 0
1725 0
1795 0
1878 0
1903 0
1907 0
1952 0
2013 0
2065 0
2160 0
2255 0
2361 0
2382 0
2402 0
2454 0
2472 0
2493 0
2560 0
2570 0
2598 0
2628 0
2639 0
2664 0
2727 0
2746 0
2769 0
2816 0
2835 0
2857 0
2973 0
3052 0
3150 0
3207 0
3270 0
3313 0
3331 0
3342 0
3425 0
3501 0
3581 0
3668 0
3678 0
3732 0
3750 0
3833 0
3871 0
3940 0
3976 0
4022 0
4078 0
4094 0
4147 0
4175 0
4201 0
4228 0
4288 0
4312 0
4321 0
4364 0
4423 0
4494 0
4558 0
4582 0
4644 0
4680 0
4722 0
4752 0
4775 0
4802 0
4851 0
