311 0
349 0
401 0
423 0
470 0
517 0
556 0
565 0
660 0
670 0
812 0
832 0
957 0
1000 0
1053 0
1113 0
1131 0
1185 0
1192 0
1257 0
1279 0
1358 0
1383 0
1425 0
1431 0
1489 0
1511 0
1589 0
1605 0
1624 0
1704 0
1811 0
1823 0
1863 0
1903 0
1917 0
1943 0
1967 0
1983 0
1990 0
2048 0
2061 0
2117 0
2138 0
2173 0
2177 0
2297 0
2330 0
2375 0
2386 0
2417 0
2503 0
2531 0
2580 0
2640 0
2692 0
2710 0
2800 0
2830 0
2853 0
2886 0
2916 0
3028 0
3049 0
3090 0
3101 0
3155 0
3163 0
3216 0
3232 0
3254 0
3265 0
3309 0
3327 0
3363 0
3387 0
3409 0
3516 0
3600 0
3614 0
3624 0
3711 0
3734 0
3789 0
3797 0
3827 0
3863 0
3930 0
3977 0
4017 0
4039 0
4093 0
4101 0
4166 0
4231 0
4264 0
4387 0
4408 0
4549 0
4567 0
4655 0
4670 0
4703 0
4749 0
4798 0
4812 0
4875 0
4911 0
