350 0
361 0
399 0
409 0
457 0
496 0
519 0
551 0
598 0
642 0
760 0
805 0
907 0
988 0
1021 0
1041 0
1062 0
1085 0
1118 0
1232 0
1333 0
1356 0
1412 0
1433 0
1472 0
1481 0
1500 0
1529 0
1560 0
1607 0
1633 0
1657 0
1705 0
1720 0
1833 0
1968 0
1997 0
2016 0
2088 0
2126 0
2170 0
2180 0
2195 0
2284 0
2393 0
2413 0
2458 0
2470 0
2493 0
2554 0
2591 0
2623 0
2658 0
2735 0
2753 0
2756 0
2816 0
2829 0
2932 0
3019 0
3027 0
3057 0
3084 0
3134 0
3200 0
3227 0
3259 0
3389 0
3501 0
3509 0
3564 0
3576 0
3618 0
3660 0
3699 0
3714 0
3727 0
3741 0
3789 0
3796 0
3862 0
3884 0
3989 0
4098 0
4141 0
4159 0
4178 0
4194 0
4232 0
4304 0
4417 0
4461 0
4578 0
4619 0
4669 0
4694 0
4724 0
4769 0
4804 0
4814 0
4846 0
4878 0
