319 0
328 0
369 0
457 0
469 0
492 0
504 0
534 0
632 0
654 0
703 0
726 0
766 0
831 0
899 0
905 0
1010 0
1062 0
1077 0
1133 0
1180 0
1223 0
1243 0
1300 0
1313 0
1429 0
1517 0
1639 0
1651 0
1714 0
1725 0
1762 0
1793 0
1823 0
1839 0
1920 0
1951 0
1973 0
2049 0
2105 0
2184 0
2197 0
2220 0
2249 0
2273 0
2306 0
2349 0
2404 0
2443 0
2508 0
2531 0
2552 0
2594 0
2634 0
2663 0
2701 0
2707 0
2777 0
2815 0
2869 0
2911 0
2951 0
2965 0
2998 0
3014 0
3037 0
3113 0
3177 0
3244 0
3272 0
3299 0
3379 0
3395 0
3422 0
3455 0
3497 0
3510 0
3566 0
3584 0
3692 0
3780 0
3908 0
3920 0
3964 0
4006 0
4034 0
4082 0
4132 0
4159 0
4213 0
4316 0
4321 0
4399 0
4449 0
4493 0
4506 0
4562 0
4589 0
4684 0
4715 0
4736 0
4759 0
4765 0
4859 0
4891 0
4909 0
