321 0
354 0
452 0
528 0
565 0
599 0
732 0
762 0
768 0
812 0
912 0
919 0
941 0
981 0
1042 0
1079 0
1090 0
1120 0
1142 0
1206 0
1212 0
1233 0
1311 0
1371 0
1419 0
1486 0
1521 0
1543 0
1556 0
1612 0
1638 0
1688 0
1712 0
1760 0
1780 0
1800 0
1860 0
1886 0
1905 0
1940 0
2000 0
2096 0
2111 0
2135 0
2201 0
2221 0
2251 0
2279 0
2472 0
2519 0
2543 0
2590 0
2628 0
2680 0
2688 0
2743 0
2926 0
2971 0
2999 0
3025 0
3089 0
3098 0
3125 0
3216 0
3273 0
3309 0
3338 0
3359 0
3433 0
3441 0
3464 0
3507 0
3535 0
3574 0
3616 0
3669 0
3679 0
3700 0
3726 0
3792 0
3856 0
3898 0
3986 0
3999 0
4025 0
4079 0
4109 0
4128 0
4139 0
4178 0
4238 0
4282 0
4295 0
4310 0
4407 0
4439 0
4463 0
4472 0
4619 0
4646 0
4681 0
4770 0
4876 0
4897 0
