399 0
423 0
462 0
488 0
603 0
617 0
674 0
727 0
796 0
832 0
845 0
851 0
894 0
913 0
1039 0
1102 0
1114 0
1147 0
1239 0
1274 0
1289 0
1304 0
1356 0
1367 0
1416 0
1483 0
1514 0
1542 0
1575 0
1587 0
1642 0
1716 0
1731 0
1770 0
1902 0
1935 0
1954 0
1956 0
2084 0
2098 0
2143 0
2199 0
2280 0
2341 0
2394 0
2407 0
2421 0
2469 0
2500 0
2578 0
2648 0
2704 0
2753 0
2794 0
2820 0
2834 0
2880 0
2930 0
3011 0
3065 0
3127 0
3139 0
3255 0
3270 0
3292 0
3330 0
3448 0
3499 0
3512 0
3573 0
3628 0
3649 0
3684 0
3697 0
3729 0
3792 0
3847 0
3872 0
3912 0
3937 0
3955 0
3987 0
4067 0
4106 0
4126 0
4172 0
4316 0
4328 0
4357 0
4380 0
4399 0
4423 0
4502 0
4540 0
4598 0
4619 0
4740 0
4751 0
4798 0
4827 0
