326 0
368 0
430 0
488 0
500 0
559 0
633 0
670 0
703 0
767 0
791 0
817 0
841 0
891 0
999 0
1023 0
1053 0
1153 0
1189 0
1205 0
1209 0
1314 0
1405 0
1431 0
1464 0
1508 0
1556 0
1569 0
1588 0
1659 0
1669 0
1701 0
1721 0
1849 0
1878 0
1987 0
2084 0
2131 0
2174 0
2187 0
2226 0
2231 0
2246 0
2372 0
2466 0
2507 0
2530 0
2549 0
2563 0
2668 0
2678 0
2699 0
2708 0
2740 0
2849 0
2966 0
2976 0
3007 0
3032 0
3056 0
3087 0
3131 0
3237 0
3334 0
3372 0
3500 0
3514 0
3540 0
3564 0
3635 0
3647 0
3660 0
3708 0
3746 0
3778 0
3813 0
3903 0
4004 0
4014 0
4030 0
4074 0
4172 0
4195 0
4220 0
4330 0
4376 0
4394 0
4429 0
4449 0
4516 0
4540 0
4579 0
4667 0
4713 0
4740 0
4789 0
4860 0
4890 0
