309 0
356 0
368 0
414 0
474 0
501 0
528 0
546 0
625 0
650 0
670 0
754 0
781 0
785 0
848 0
896 0
907 0
967 0
1008 0
1022 0
1081 0
1109 0
1249 0
1390 0
1421 0
1499 0
1536 0
1592 0
1647 0
1662 0
1699 0
1722 0
1796 0
1837 0
1877 0
1897 0
1978 0
2019 0
2054 0
2100 0
2113 0
2268 0
2290 0
2362 0
2376 0
2386 0
2423 0
2433 0
2469 0
2489 0
2536 0
2684 0
2724 0
2740 0
2784 0
2798 0
2827 0
2847 0
2870 0
2929 0
2942 0
3098 0
3117 0
3177 0
3204 0
3237 0
3324 0
3347 0
3367 0
3419 0
3487 0
3523 0
3567 0
3576 0
3633 0
3681 0
3709 0
3805 0
3828 0
3976 0
4102 0
4143 0
4196 0
4208 0
4261 0
4307 0
4322 0
4380 0
4424 0
4452 0
4470 0
4544 0
4564 0
4597 0
4673 0
4677 0
4722 0
4748 0
4808 0
4861 0
4873 0
4906 0
