381 0
402 0
433 0
448 0
468 0
488 0
525 0
548 0
566 0
600 0
657 0
715 0
745 0
805 0
840 0
950 0
974 0
996 0
1044 0
1074 0
1176 0
1197 0
1232 0
1264 0
1304 0
1331 0
1364 0
1404 0
1441 0
1497 0
1572 0
1592 0
1607 0
1670 0
1698 0
1782 0
1812 0
1835 0
1862 0
1890 0
1967 0
2008 0
2073 0
2093 0
2242 0
2270 0
2286 0
2305 0
2407 0
2435 0
2463 0
2540 0
2568 0
2636 0
2678 0
2767 0
2777 0
2819 0
2909 0
2930 0
2952 0
2990 0
3119 0
3159 0
3206 0
3261 0
3317 0
3365 0
3384 0
3405 0
3443 0
3535 0
3541 0
3618 0
3623 0
3649 0
3718 0
3788 0
3815 0
3847 0
3878 0
3918 0
3953 0
3994 0
4022 0
4033 0
4143 0
4179 0
4231 0
4240 0
4268 0
4380 0
4404 0
4475 0
4504 0
4570 0
4613 0
4645 0
4667 0
4695 0
4742 0
4758 0
4766 0
4782 0
4825 0
4838 0
