332 0
471 0
479 0
523 0
555 0
598 0
639 0
676 0
687 0
711 0
729 0
742 0
769 0
790 0
801 0
915 0
964 0
996 0
1106 0
1137 0
1147 0
1181 0
1191 0
1269 0
1311 0
1373 0
1401 0
1472 0
1524 0
1546 0
1590 0
1638 0
1653 0
1724 0
1760 0
1839 0
1868 0
1888 0
1911 0
1997 0
2065 0
2122 0
2138 0
2185 0
2225 0
2250 0
2361 0
2377 0
2458 0
2473 0
2527 0
2593 0
2620 0
2695 0
2740 0
2761 0
2853 0
2861 0
2966 0
3008 0
3038 0
3091 0
3095 0
3155 0
3218 0
3300 0
3321 0
3353 0
3376 0
3463 0
3486 0
3564 0
3584 0
3637 0
3684 0
3693 0
3746 0
3814 0
3847 0
3906 0
3945 0
4016 0
4031 0
4074 0
4087 0
4106 0
4224 0
4266 0
4315 0
4413 0
4426 0
4445 0
4485 0
4492 0
4518 0
4533 0
4554 0
4576 0
4612 0
4674 0
4705 0
4728 0
4755 0
4880 0
