468 0
503 0
523 0
531 0
547 0
636 0
652 0
718 0
739 0
750 0
804 0
827 0
842 0
958 0
978 0
1023 0
1038 0
1070 0
1107 0
1137 0
1183 0
1278 0
1307 0
1330 0
1434 0
1484 0
1526 0
1562 0
1568 0
1631 0
1642 0
1667 0
1724 0
1827 0
1843 0
1881 0
2156 0
2208 0
2212 0
2256 0
2289 0
2335 0
2395 0
2440 0
2450 0
2466 0
2494 0
2510 0
2530 0
2555 0
2588 0
2629 0
2666 0
2695 0
2719 0
2726 0
2738 0
2769 0
2779 0
2825 0
2875 0
2933 0
2965 0
3004 0
3017 0
3071 0
3344 0
3370 0
3392 0
3498 0
3538 0
3574 0
3594 0
3648 0
3660 0
3695 0
3735 0
3781 0
3892 0
3920 0
3932 0
4037 0
4091 0
4109 0
4154 0
4178 0
4191 0
4241 0
4254 0
4385 0
4401 0
4407 0
4455 0
4479 0
4490 0
4563 0
4576 0
4659 0
4678 0
4697 0
4711 0
4758 0
