328 0
343 0
414 0
437 0
472 0
480 0
524 0
538 0
554 0
616 0
659 0
783 0
802 0
859 0
955 0
990 0
1035 0
1111 0
1123 0
1189 0
1219 0
1284 0
1302 0
1357 0
1371 0
1435 0
1512 0
1516 0
1545 0
1602 0
1661 0
1696 0
1731 0
1762 0
1770 0
1850 0
1863 0
1890 0
1909 0
1944 0
2082 0
2105 0
2117 0
2129 0
2294 0
2298 0
2386 0
2409 0
2436 0
2496 0
2515 0
2569 0
2594 0
2620 0
2638 0
2704 0
2732 0
2787 0
2812 0
2835 0
2913 0
2934 0
3078 0
3107 0
3119 0
3140 0
3275 0
3314 0
3323 0
3353 0
3376 0
3437 0
3457 0
3486 0
3530 0
3563 0
3606 0
3675 0
3704 0
3711 0
3789 0
3858 0
3861 0
3921 0
3935 0
3996 0
4042 0
4096 0
4098 0
4191 0
4218 0
4264 0
4355 0
4405 0
4424 0
4567 0
4604 0
4664 0
4684 0
4704 0
4736 0
4754 0
4790 0
4795 0
4878 0
4887 0
