338 0
354 0
369 0
401 0
458 0
478 0
515 0
535 0
598 0
656 0
706 0
796 0
815 0
840 0
909 0
997 0
1015 0
1044 0
1075 0
1115 0
1152 0
1214 0
1246 0
1368 0
1474 0
1500 0
1571 0
1584 0
1679 0
1699 0
1731 0
1833 0
1891 0
1907 0
1945 0
1961 0
2082 0
2191 0
2195 0
2219 0
2233 0
2251 0
2265 0
2306 0
2331 0
2379 0
2386 0
2412 0
2415 0
2529 0
2575 0
2594 0
2627 0
2637 0
2698 0
2801 0
2810 0
2832 0
2853 0
2877 0
2911 0
2951 0
2971 0
2981 0
3000 0
3012 0
3040 0
3139 0
3258 0
3273 0
3311 0
3331 0
3393 0
3501 0
3534 0
3550 0
3623 0
3649 0
3719 0
3748 0
3855 0
3976 0
4000 0
4078 0
4109 0
4132 0
4169 0
4213 0
4226 0
4314 0
4375 0
4419 0
4431 0
4513 0
4571 0
4616 0
4677 0
4693 0
4733 0
4769 0
4823 0
4853 0
4868 0
4889 0
