333 0
379 0
445 0
473 0
492 0
550 0
634 0
669 0
717 0
786 0
827 0
849 0
885 0
926 0
949 0
990 0
1065 0
1081 0
1091 0
1226 0
1282 0
1307 0
1335 0
1348 0
1381 0
1438 0
1503 0
1551 0
1597 0
1630 0
1638 0
1654 0
1726 0
1807 0
1828 0
1849 0
1901 0
1996 0
2101 0
2140 0
2192 0
2204 0
2223 0
2245 0
2361 0
2372 0
2434 0
2492 0
2517 0
2535 0
2681 0
2699 0
2726 0
2772 0
2855 0
2867 0
2959 0
2997 0
3011 0
3035 0
3091 0
3124 0
3220 0
3327 0
3368 0
3398 0
3414 0
3490 0
3568 0
3577 0
3603 0
3630 0
3665 0
3714 0
3784 0
3829 0
3865 0
3890 0
3917 0
3932 0
3989 0
4127 0
4141 0
4150 0
4219 0
4273 0
4298 0
4330 0
4385 0
4401 0
4424 0
4489 0
4553 0
4575 0
4672 0
4738 0
4744 0
4767 0
4834 0
4888 0
