332 0
345 0
364 0
433 0
475 0
479 0
503 0
524 0
562 0
719 0
737 0
810 0
853 0
907 0
950 0
1002 0
1051 0
1063 0
1186 0
1200 0
1209 0
1256 0
1276 0
1299 0
1320 0
1364 0
1419 0
1499 0
1577 0
1625 0
1638 0
1664 0
1690 0
1812 0
1825 0
1856 0
1884 0
1899 0
1913 0
1939 0
1988 0
2002 0
2183 0
2256 0
2264 0
2304 0
2330 0
2358 0
2399 0
2421 0
2457 0
2532 0
2693 0
2769 0
2800 0
2808 0
2865 0
2877 0
2912 0
2945 0
2967 0
3038 0
3229 0
3243 0
3273 0
3303 0
3316 0
3336 0
3356 0
3391 0
3402 0
3525 0
3563 0
3574 0
3601 0
3649 0
3718 0
3795 0
3856 0
3904 0
3915 0
3942 0
3973 0
3996 0
4018 0
4042 0
4163 0
4172 0
4224 0
4276 0
4305 0
4360 0
4405 0
4487 0
4491 0
4644 0
4697 0
4710 0
4739 0
4749 0
4793 0
4853 0
4864 0
4886 0
