317 0
328 0
426 0
496 0
574 0
684 0
704 0
724 0
742 0
756 0
771 0
794 0
808 0
853 0
932 0
947 0
955 0
991 0
1027 0
1056 0
1237 0
1255 0
1269 0
1284 0
1348 0
1364 0
1505 0
1540 0
1552 0
1585 0
1606 0
1647 0
1656 0
1711 0
1718 0
1789 0
1856 0
1899 0
1968 0
1996 0
2015 0
2055 0
2097 0
2115 0
2158 0
2167 0
2241 0
2271 0
2368 0
2492 0
2564 0
2575 0
2648 0
2655 0
2728 0
2855 0
2952 0
2984 0
3044 0
3063 0
3096 0
3125 0
3170 0
3206 0
3227 0
3263 0
3322 0
3353 0
3426 0
3487 0
3517 0
3557 0
3582 0
3617 0
3637 0
3669 0
3682 0
3709 0
3857 0
3869 0
3938 0
3948 0
3962 0
3985 0
4162 0
4191 0
4222 0
4258 0
4269 0
4295 0
4353 0
4414 0
4436 0
4444 0
4458 0
4477 0
4502 0
4507 0
4535 0
4647 0
4714 0
4792 0
4883 0
4906 0
