325 0
405 0
467 0
522 0
624 0
687 0
724 0
831 0
864 0
926 0
939 0
980 0
995 0
1016 0
1081 0
1095 0
1155 0
1234 0
1242 0
1274 0
1290 0
1354 0
1366 0
1385 0
1431 0
1464 0
1526 0
1569 0
1614 0
1626 0
1640 0
1689 0
1729 0
1759 0
1795 0
1869 0
1881 0
1892 0
1913 0
1923 0
1951 0
1956 0
2004 0
2051 0
2117 0
2183 0
2264 0
2288 0
2344 0
2386 0
2435 0
2778 0
2837 0
2886 0
2937 0
2946 0
3032 0
3096 0
3163 0
3229 0
3249 0
3276 0
3285 0
3301 0
3330 0
3342 0
3354 0
3428 0
3459 0
3488 0
3525 0
3583 0
3598 0
3613 0
3639 0
3699 0
3744 0
3778 0
3832 0
3857 0
3861 0
3943 0
3949 0
3969 0
3981 0
4079 0
4123 0
4134 0
4200 0
4230 0
4240 0
4272 0
4288 0
4366 0
4401 0
4492 0
4532 0
4606 0
4697 0
4753 0
4820 0
4880 0
