367 0
377 0
395 0
423 0
431 0
458 0
483 0
540 0
562 0
790 0
814 0
827 0
895 0
907 0
964 0
1002 0
1064 0
1072 0
1148 0
1176 0
1228 0
1248 0
1297 0
1335 0
1356 0
1366 0
1389 0
1421 0
1464 0
1502 0
1534 0
1552 0
1652 0
1676 0
1684 0
1797 0
1837 0
1859 0
1920 0
2009 0
2071 0
2144 0
2177 0
2219 0
2231 0
2255 0
2267 0
2293 0
2357 0
2412 0
2460 0
2488 0
2546 0
2598 0
2626 0
2685 0
2723 0
2767 0
2819 0
2860 0
2933 0
2952 0
2961 0
2977 0
2999 0
3030 0
3070 0
3146 0
3210 0
3308 0
3361 0
3370 0
3422 0
3523 0
3538 0
3558 0
3656 0
3681 0
3722 0
3755 0
3795 0
3839 0
3853 0
3874 0
3888 0
3919 0
3966 0
3984 0
4031 0
4069 0
4147 0
4151 0
4218 0
4260 0
4314 0
4322 0
4396 0
4416 0
4421 0
4653 0
4690 0
4732 0
4770 0
4784 0
4795 0
4827 0
4841 0
4850 0
