319 0
352 0
389 0
448 0
524 0
530 0
548 0
619 0
635 0
650 0
683 0
796 0
824 0
852 0
885 0
923 0
956 0
983 0
1013 0
1052 0
1112 0
1239 0
1260 0
1276 0
1322 0
1329 0
1421 0
1434 0
1470 0
1582 0
1624 0
1645 0
1706 0
1729 0
1781 0
1788 0
1816 0
1844 0
1915 0
2049 0
2153 0
2161 0
2179 0
2214 0
2259 0
2286 0
2333 0
2356 0
2467 0
2544 0
2566 0
2568 0
2639 0
2662 0
2674 0
2744 0
2868 0
2884 0
2927 0
2964 0
2997 0
3030 0
3052 0
3074 0
3170 0
3311 0
3372 0
3401 0
3422 0
3448 0
3499 0
3518 0
3571 0
3590 0
3626 0
3749 0
3780 0
3805 0
3884 0
3898 0
3940 0
3947 0
3982 0
4110 0
4172 0
4203 0
4244 0
4260 0
4290 0
4332 0
4355 0
4390 0
4429 0
4538 0
4564 0
4574 0
4603 0
4667 0
4686 0
4708 0
4763 0
4829 0
4877 0
4906 0
