318 0
329 0
342 0
407 0
423 0
450 0
473 0
598 0
642 0
656 0
740 0
764 0
780 0
810 0
905 0
951 0
1014 0
1073 0
1148 0
1205 0
1235 0
1283 0
1294 0
1312 0
1347 0
1427 0
1488 0
1501 0
1532 0
1557 0
1576 0
1582 0
1690 0
1762 0
1808 0
1851 0
1875 0
1903 0
1916 0
1947 0
2071 0
2090 0
2115 0
2181 0
2206 0
2212 0
2269 0
2342 0
2423 0
2483 0
2578 0
2587 0
2634 0
2642 0
2729 0
2791 0
2886 0
2953 0
2998 0
3010 0
3029 0
3110 0
3132 0
3147 0
3277 0
3309 0
3325 0
3338 0
3375 0
3408 0
3463 0
3522 0
3635 0
3645 0
3663 0
3687 0
3711 0
3724 0
3804 0
3873 0
3902 0
3917 0
3942 0
3980 0
4020 0
4077 0
4132 0
4203 0
4270 0
4316 0
4405 0
4450 0
4464 0
4479 0
4572 0
4584 0
4612 0
4759 0
4766 0
4796 0
4823 0
4871 0
4886 0
4897 0
