358 0
400 0
497 0
520 0
532 0
656 0
683 0
699 0
756 0
791 0
830 0
893 0
907 0
1015 0
1033 0
1078 0
1116 0
1123 0
1184 0
1203 0
1211 0
1272 0
1361 0
1393 0
1430 0
1474 0
1493 0
1498 0
1565 0
1660 0
1715 0
1721 0
1755 0
1796 0
1810 0
1832 0
1868 0
1962 0
2145 0
2169 0
2218 0
2258 0
2332 0
2396 0
2445 0
2477 0
2486 0
2551 0
2572 0
2597 0
2633 0
2646 0
2653 0
2733 0
2741 0
2787 0
2824 0
2883 0
2967 0
2998 0
3050 0
3075 0
3260 0
3359 0
3385 0
3412 0
3426 0
3459 0
3499 0
3509 0
3563 0
3649 0
3719 0
3729 0
3741 0
3787 0
3829 0
3849 0
3955 0
4001 0
4024 0
4044 0
4081 0
4104 0
4146 0
4185 0
4203 0
4309 0
4329 0
4396 0
4424 0
4470 0
4518 0
4523 0
4559 0
4684 0
4707 0
4711 0
4818 0
4858 0
