324 0
397 0
411 0
429 0
489 0
505 0
521 0
604 0
664 0
735 0
770 0
785 0
829 0
858 0
905 0
984 0
991 0
1027 0
1079 0
1111 0
1123 0
1184 0
1253 0
1288 0
1362 0
1392 0
1401 0
1490 0
1522 0
1534 0
1548 0
1604 0
1663 0
1685 0
1733 0
1798 0
1889 0
1920 0
2010 0
2042 0
2095 0
2148 0
2251 0
2289 0
2300 0
2356 0
2400 0
2416 0
2462 0
2486 0
2506 0
2558 0
2656 0
2717 0
2730 0
2755 0
2794 0
2812 0
2861 0
2908 0
2930 0
2963 0
3070 0
3124 0
3164 0
3206 0
3307 0
3318 0
3418 0
3501 0
3530 0
3568 0
3610 0
3667 0
3685 0
3698 0
3731 0
3811 0
3836 0
3844 0
3935 0
3962 0
4042 0
4088 0
4104 0
4137 0
4195 0
4228 0
4243 0
4315 0
4366 0
4398 0
4436 0
4440 0
4472 0
4548 0
4622 0
4702 0
4720 0
4734 0
4790 0
4797 0
4827 0
4886 0
