320 0
356 0
401 0
445 0
465 0
515 0
539 0
596 0
631 0
649 0
667 0
695 0
742 0
859 0
899 0
1068 0
1089 0
1112 0
1199 0
1295 0
1325 0
1336 0
1434 0
1525 0
1535 0
1558 0
1571 0
1629 0
1647 0
1659 0
1689 0
1794 0
1835 0
1885 0
1893 0
1951 0
2077 0
2198 0
2222 0
2235 0
2253 0
2274 0
2310 0
2339 0
2444 0
2517 0
2545 0
2564 0
2588 0
2621 0
2665 0
2684 0
2692 0
2772 0
2885 0
2914 0
2947 0
2968 0
2976 0
3004 0
3025 0
3136 0
3266 0
3319 0
3342 0
3389 0
3426 0
3531 0
3568 0
3578 0
3598 0
3651 0
3671 0
3677 0
3695 0
3776 0
3884 0
3900 0
3911 0
4023 0
4111 0
4120 0
4161 0
4326 0
4363 0
4477 0
4530 0
4542 0
4569 0
4578 0
4608 0
4680 0
4708 0
4758 0
4761 0
4820 0
4864 0
4910 0
