342 0
378 0
404 0
420 0
473 0
530 0
569 0
638 0
673 0
803 0
830 0
898 0
994 0
1012 0
1036 0
1124 0
1151 0
1186 0
1236 0
1252 0
1297 0
1361 0
1403 0
1443 0
1471 0
1487 0
1512 0
1536 0
1558 0
1596 0
1646 0
1688 0
1727 0
1786 0
1821 0
1850 0
1883 0
1930 0
1983 0
1993 0
2046 0
2166 0
2235 0
2246 0
2274 0
2304 0
2332 0
2456 0
2510 0
2556 0
2663 0
2708 0
2768 0
2877 0
2908 0
2949 0
2961 0
2991 0
3058 0
3176 0
3219 0
3234 0
3290 0
3337 0
3374 0
3394 0
3418 0
3500 0
3533 0
3574 0
3634 0
3656 0
3688 0
3714 0
3729 0
3742 0
3782 0
3821 0
3851 0
3920 0
3975 0
3981 0
4036 0
4079 0
4089 0
4192 0
4202 0
4223 0
4324 0
4391 0
4404 0
4551 0
4583 0
4653 0
4685 0
4750 0
4805 0
4816 0
4843 0
4864 0
