326 0
393 0
430 0
508 0
534 0
604 0
624 0
844 0
864 0
923 0
983 0
1004 0
1033 0
1053 0
1064 0
1078 0
1103 0
1180 0
1221 0
1271 0
1315 0
1355 0
1362 0
1399 0
1438 0
1464 0
1490 0
1506 0
1520 0
1544 0
1579 0
1614 0
1691 0
1730 0
1769 0
1835 0
1889 0
1946 0
1999 0
2045 0
2065 0
2090 0
2170 0
2225 0
2239 0
2298 0
2375 0
2422 0
2440 0
2479 0
2561 0
2574 0
2651 0
2660 0
2739 0
2785 0
2795 0
2845 0
2911 0
2976 0
2998 0
3048 0
3140 0
3159 0
3171 0
3219 0
3269 0
3319 0
3393 0
3442 0
3486 0
3526 0
3617 0
3642 0
3675 0
3694 0
3722 0
3738 0
3742 0
3789 0
3817 0
3848 0
3863 0
3896 0
3946 0
4008 0
4040 0
4126 0
4139 0
4164 0
4167 0
4191 0
4214 0
4237 0
4294 0
4360 0
4383 0
4606 0
4613 0
4676 0
4719 0
4786 0
4819 0
4882 0
