347 0
401 0
422 0
465 0
487 0
509 0
512 0
615 0
650 0
696 0
746 0
770 0
827 0
895 0
902 0
926 0
967 0
1111 0
1135 0
1153 0
1252 0
1263 0
1293 0
1339 0
1398 0
1437 0
1472 0
1490 0
1526 0
1604 0
1699 0
1709 0
1725 0
1756 0
1801 0
1831 0
1857 0
1896 0
1905 0
1931 0
1966 0
2097 0
2117 0
2232 0
2285 0
2413 0
2458 0
2496 0
2548 0
2572 0
2640 0
2671 0
2728 0
2765 0
2818 0
2928 0
2981 0
3109 0
3123 0
3256 0
3285 0
3303 0
3328 0
3359 0
3390 0
3432 0
3457 0
3492 0
3516 0
3520 0
3619 0
3702 0
3727 0
3756 0
3790 0
3823 0
3886 0
3922 0
3948 0
3972 0
4077 0
4087 0
4107 0
4252 0
4289 0
4313 0
4329 0
4390 0
4438 0
4483 0
4529 0
4570 0
4593 0
4704 0
4717 0
4732 0
4745 0
4809 0
4812 0
4871 0
