336 0
361 0
433 0
475 0
520 0
532 0
673 0
695 0
706 0
753 0
803 0
846 0
971 0
990 0
1050 0
1103 0
1150 0
1188 0
1259 0
1297 0
1320 0
1350 0
1391 0
1427 0
1468 0
1493 0
1532 0
1559 0
1601 0
1616 0
1698 0
1730 0
1810 0
1826 0
1847 0
1944 0
1984 0
2016 0
2051 0
2103 0
2111 0
2130 0
2189 0
2203 0
2267 0
2342 0
2372 0
2462 0
2538 0
2575 0
2647 0
2680 0
2770 0
2853 0
2877 0
2956 0
3025 0
3038 0
3085 0
3099 0
3118 0
3164 0
3199 0
3234 0
3272 0
3381 0
3385 0
3401 0
3487 0
3526 0
3592 0
3610 0
3664 0
3682 0
3738 0
3748 0
3802 0
3830 0
3863 0
3909 0
3920 0
3957 0
4030 0
4072 0
4115 0
4167 0
4222 0
4249 0
4377 0
4410 0
4468 0
4507 0
4525 0
4543 0
4691 0
4695 0
4756 0
4778 0
4853 0
4884 0
