345 0
395 0
421 0
452 0
465 0
484 0
602 0
708 0
733 0
762 0
770 0
794 0
809 0
887 0
961 0
1015 0
1021 0
1050 0
1093 0
1111 0
1220 0
1302 0
1369 0
1389 0
1431 0
1478 0
1486 0
1502 0
1542 0
1561 0
1654 0
1669 0
1730 0
1769 0
1839 0
1861 0
1906 0
1964 0
1995 0
2069 0
2099 0
2170 0
2226 0
2241 0
2246 0
2265 0
2331 0
2355 0
2374 0
2407 0
2522 0
2572 0
2596 0
2631 0
2641 0
2700 0
2813 0
2841 0
2859 0
2888 0
2948 0
2961 0
2979 0
2994 0
3049 0
3125 0
3153 0
3217 0
3252 0
3305 0
3360 0
3368 0
3446 0
3493 0
3538 0
3554 0
3669 0
3687 0
3716 0
3730 0
3751 0
3789 0
3837 0
3849 0
3924 0
4003 0
4107 0
4123 0
4167 0
4183 0
4207 0
4257 0
4324 0
4410 0
4428 0
4453 0
4460 0
4480 0
4510 0
4621 0
4736 0
4758 0
4774 0
4803 0
4812 0
4875 0
