365 0
378 0
406 0
409 0
515 0
537 0
550 0
610 0
613 0
674 0
716 0
739 0
846 0
889 0
966 0
976 0
1155 0
1183 0
1194 0
1264 0
1288 0
1359 0
1481 0
1542 0
1602 0
1667 0
1703 0
1730 0
1755 0
1793 0
1849 0
1856 0
1919 0
1994 0
2068 0
2151 0
2164 0
2217 0
2260 0
2276 0
2290 0
2345 0
2381 0
2463 0
2468 0
2488 0
2507 0
2564 0
2588 0
2624 0
2663 0
2705 0
2735 0
2738 0
2770 0
2831 0
2883 0
2939 0
2957 0
2970 0
3001 0
3045 0
3071 0
3152 0
3223 0
3305 0
3350 0
3381 0
3420 0
3463 0
3488 0
3511 0
3549 0
3614 0
3679 0
3739 0
3864 0
3930 0
3946 0
4016 0
4035 0
4072 0
4247 0
4266 0
4319 0
4375 0
4479 0
4501 0
4550 0
4592 0
4612 0
4674 0
4688 0
4706 0
4802 0
4817 0
4837 0
4852 0
