327 0
385 0
474 0
501 0
513 0
567 0
636 0
654 0
681 0
700 0
820 0
846 0
885 0
917 0
1009 0
1067 0
1103 0
1233 0
1243 0
1388 0
1442 0
1505 0
1517 0
1570 0
1647 0
1662 0
1678 0
1684 0
1754 0
1866 0
1898 0
1945 0
1961 0
1998 0
2051 0
2076 0
2101 0
2128 0
2151 0
2166 0
2205 0
2218 0
2266 0
2282 0
2345 0
2377 0
2387 0
2443 0
2467 0
2508 0
2521 0
2541 0
2684 0
2690 0
2719 0
2740 0
2772 0
2831 0
2851 0
2884 0
2931 0
2945 0
3003 0
3010 0
3046 0
3069 0
3091 0
3124 0
3134 0
3167 0
3216 0
3258 0
3277 0
3327 0
3353 0
3452 0
3520 0
3538 0
3567 0
3576 0
3643 0
3693 0
3722 0
3789 0
3830 0
3970 0
3992 0
4120 0
4161 0
4203 0
4306 0
4334 0
4379 0
4389 0
4518 0
4527 0
4558 0
4581 0
4649 0
4693 0
4715 0
4748 0
4830 0
4894 0
