351 0
437 0
465 0
553 0
679 0
683 0
702 0
760 0
796 0
800 0
831 0
930 0
944 0
990 0
1018 0
1118 0
1129 0
1155 0
1225 0
1243 0
1268 0
1440 0
1478 0
1484 0
1548 0
1583 0
1619 0
1640 0
1724 0
1814 0
1822 0
1863 0
1874 0
1888 0
1953 0
1964 0
2017 0
2044 0
2105 0
2226 0
2257 0
2284 0
2310 0
2354 0
2369 0
2390 0
2425 0
2479 0
2551 0
2571 0
2638 0
2660 0
2753 0
2802 0
2832 0
2846 0
2868 0
2917 0
2936 0
2964 0
2996 0
3116 0
3171 0
3198 0
3254 0
3274 0
3321 0
3336 0
3350 0
3392 0
3416 0
3496 0
3582 0
3588 0
3634 0
3662 0
3726 0
3754 0
3787 0
3949 0
3969 0
3985 0
4072 0
4086 0
4101 0
4201 0
4219 0
4282 0
4300 0
4391 0
4405 0
4427 0
4460 0
4519 0
4535 0
4555 0
4674 0
4751 0
4786 0
4867 0
