319 0
401 0
422 0
431 0
453 0
468 0
531 0
569 0
695 0
736 0
769 0
792 0
822 0
910 0
990 0
1091 0
1152 0
1218 0
1243 0
1322 0
1342 0
1378 0
1404 0
1425 0
1433 0
1495 0
1548 0
1629 0
1642 0
1655 0
1678 0
1686 0
1776 0
1803 0
1828 0
1923 0
1985 0
2013 0
2095 0
2119 0
2155 0
2217 0
2246 0
2283 0
2339 0
2428 0
2439 0
2451 0
2565 0
2667 0
2764 0
2779 0
2793 0
2875 0
2934 0
2961 0
3000 0
3075 0
3110 0
3115 0
3204 0
3234 0
3292 0
3396 0
3414 0
3440 0
3521 0
3542 0
3563 0
3577 0
3592 0
3664 0
3736 0
3789 0
3797 0
3824 0
3835 0
3877 0
3897 0
3969 0
4006 0
4075 0
4128 0
4226 0
4302 0
4389 0
4425 0
4453 0
4480 0
4528 0
4642 0
4684 0
4749 0
4771 0
4784 0
4799 0
4814 0
4910 0
