328 0
440 0
444 0
468 0
541 0
555 0
614 0
639 0
679 0
686 0
806 0
885 0
916 0
956 0
993 0
1017 0
1048 0
1066 0
1098 0
1125 0
1203 0
1236 0
1286 0
1333 0
1361 0
1386 0
1409 0
1417 0
1444 0
1539 0
1629 0
1648 0
1670 0
1861 0
1934 0
1945 0
1999 0
2061 0
2109 0
2201 0
2233 0
2274 0
2340 0
2376 0
2386 0
2455 0
2470 0
2503 0
2541 0
2553 0
2581 0
2641 0
2653 0
2677 0
2714 0
2739 0
2767 0
2836 0
2844 0
2877 0
2950 0
2981 0
3024 0
3108 0
3147 0
3225 0
3274 0
3294 0
3351 0
3541 0
3579 0
3603 0
3675 0
3789 0
3801 0
3815 0
3827 0
3855 0
3882 0
3932 0
3981 0
4016 0
4091 0
4127 0
4155 0
4166 0
4213 0
4232 0
4254 0
4306 0
4320 0
4404 0
4529 0
4552 0
4589 0
4602 0
4672 0
4680 0
4747 0
4768 0
4780 0
4892 0
