331 0
394 0
422 0
435 0
533 0
556 0
572 0
625 0
653 0
729 0
771 0
808 0
855 0
933 0
978 0
994 0
1009 0
1049 0
1092 0
1135 0
1140 0
1179 0
1252 0
1259 0
1297 0
1311 0
1368 0
1443 0
1463 0
1485 0
1549 0
1567 0
1595 0
1631 0
1644 0
1673 0
1775 0
1793 0
1831 0
1900 0
1988 0
2181 0
2204 0
2279 0
2345 0
2357 0
2441 0
2457 0
2520 0
2538 0
2682 0
2691 0
2762 0
2777 0
2872 0
2876 0
2934 0
3015 0
3029 0
3236 0
3323 0
3390 0
3426 0
3438 0
3541 0
3585 0
3596 0
3633 0
3640 0
3666 0
3733 0
3753 0
3784 0
3857 0
3900 0
3921 0
3946 0
3974 0
4043 0
4071 0
4081 0
4125 0
4169 0
4209 0
4221 0
4248 0
4297 0
4365 0
4417 0
4447 0
4504 0
4567 0
4599 0
4645 0
4667 0
4687 0
4778 0
4801 0
4825 0
4894 0
