321 0
342 0
360 0
381 0
397 0
522 0
557 0
569 0
622 0
668 0
942 0
972 0
994 0
1026 0
1047 0
1075 0
1093 0
1186 0
1238 0
1252 0
1277 0
1329 0
1400 0
1418 0
1465 0
1501 0
1540 0
1589 0
1614 0
1644 0
1662 0
1704 0
1752 0
1897 0
1911 0
1985 0
2056 0
2065 0
2106 0
2134 0
2162 0
2181 0
2228 0
2284 0
2307 0
2391 0
2464 0
2468 0
2505 0
2543 0
2599 0
2620 0
2670 0
2719 0
2741 0
2761 0
2831 0
2921 0
2931 0
2987 0
3032 0
3052 0
3082 0
3112 0
3160 0
3164 0
3239 0
3312 0
3328 0
3458 0
3505 0
3562 0
3575 0
3606 0
3632 0
3682 0
3722 0
3746 0
3803 0
3819 0
3881 0
3933 0
3975 0
3985 0
4042 0
4123 0
4133 0
4171 0
4183 0
4228 0
4237 0
4278 0
4542 0
4602 0
4651 0
4662 0
4694 0
4820 0
4844 0
4853 0
4865 0
4897 0
