369 0
455 0
486 0
516 0
541 0
551 0
656 0
681 0
802 0
828 0
855 0
1007 0
1026 0
1076 0
1121 0
1135 0
1149 0
1196 0
1253 0
1282 0
1344 0
1392 0
1396 0
1436 0
1478 0
1482 0
1536 0
1569 0
1646 0
1729 0
1761 0
1783 0
1830 0
1878 0
1944 0
1994 0
2049 0
2160 0
2179 0
2229 0
2272 0
2284 0
2311 0
2359 0
2475 0
2511 0
2525 0
2535 0
2588 0
2620 0
2670 0
2693 0
2718 0
2750 0
2864 0
2921 0
2931 0
2951 0
2991 0
3032 0
3045 0
3165 0
3229 0
3268 0
3341 0
3396 0
3448 0
3462 0
3491 0
3575 0
3649 0
3688 0
3724 0
3742 0
3787 0
3812 0
3841 0
3871 0
3929 0
3962 0
4015 0
4071 0
4089 0
4111 0
4132 0
4192 0
4204 0
4355 0
4387 0
4418 0
4533 0
4560 0
4669 0
4681 0
4697 0
4733 0
4775 0
4858 0
