307 0
346 0
361 0
456 0
481 0
495 0
513 0
568 0
605 0
615 0
648 0
678 0
757 0
934 0
970 0
1017 0
1027 0
1101 0
1141 0
1222 0
1238 0
1253 0
1264 0
1312 0
1356 0
1364 0
1387 0
1412 0
1529 0
1550 0
1578 0
1591 0
1636 0
1657 0
1799 0
1805 0
1830 0
1900 0
1905 0
1979 0
2104 0
2114 0
2198 0
2217 0
2260 0
2275 0
2331 0
2402 0
2418 0
2463 0
2559 0
2594 0
2626 0
2661 0
2760 0
2798 0
2818 0
2874 0
2945 0
2964 0
3006 0
3021 0
3095 0
3120 0
3240 0
3309 0
3316 0
3397 0
3407 0
3429 0
3563 0
3583 0
3636 0
3641 0
3664 0
3703 0
3807 0
3834 0
3855 0
3871 0
3895 0
3947 0
3972 0
3984 0
3996 0
4069 0
4126 0
4190 0
4209 0
4247 0
4287 0
4470 0
4545 0
4571 0
4602 0
4618 0
4655 0
4707 0
4710 0
4733 0
4769 0
4850 0
4870 0
4912 0
