347 0
361 0
386 0
397 0
428 0
523 0
560 0
600 0
645 0
658 0
670 0
690 0
715 0
744 0
916 0
921 0
965 0
1115 0
1153 0
1256 0
1329 0
1405 0
1413 0
1493 0
1505 0
1594 0
1635 0
1660 0
1707 0
1723 0
1759 0
1805 0
1821 0
1840 0
1884 0
1910 0
1954 0
1990 0
2067 0
2151 0
2177 0
2212 0
2234 0
2273 0
2331 0
2352 0
2385 0
2407 0
2456 0
2537 0
2676 0
2770 0
2814 0
2837 0
2867 0
2881 0
2953 0
2991 0
2999 0
3028 0
3073 0
3150 0
3229 0
3273 0
3301 0
3346 0
3372 0
3385 0
3407 0
3463 0
3494 0
3507 0
3561 0
3583 0
3632 0
3708 0
3737 0
3794 0
3813 0
3878 0
3962 0
4070 0
4101 0
4260 0
4298 0
4309 0
4482 0
4496 0
4529 0
4552 0
4568 0
4578 0
4622 0
4670 0
4705 0
4786 0
4827 0
4833 0
4855 0
4866 0
