314 0
335 0
370 0
379 0
405 0
415 0
474 0
519 0
636 0
829 0
838 0
905 0
967 0
995 0
1025 0
1096 0
1112 0
1192 0
1249 0
1285 0
1315 0
1333 0
1395 0
1414 0
1432 0
1484 0
1567 0
1590 0
1662 0
1682 0
1715 0
1727 0
1767 0
1791 0
1803 0
1874 0
1914 0
1940 0
1968 0
1977 0
1996 0
2053 0
2098 0
2110 0
2133 0
2147 0
2197 0
2216 0
2365 0
2530 0
2593 0
2624 0
2702 0
2842 0
2997 0
3013 0
3073 0
3086 0
3104 0
3118 0
3173 0
3222 0
3241 0
3257 0
3277 0
3313 0
3340 0
3404 0
3431 0
3452 0
3489 0
3503 0
3538 0
3563 0
3628 0
3641 0
3731 0
3775 0
3798 0
3812 0
3884 0
3898 0
3939 0
3964 0
4025 0
4113 0
4122 0
4193 0
4225 0
4251 0
4307 0
4380 0
4399 0
4583 0
4706 0
4756 0
4799 0
4826 0
4836 0
4857 0
4888 0
4903 0
