337 0
400 0
420 0
494 0
534 0
548 0
616 0
658 0
668 0
725 0
762 0
781 0
852 0
906 0
942 0
975 0
987 0
1057 0
1082 0
1104 0
1117 0
1251 0
1330 0
1355 0
1388 0
1442 0
1469 0
1491 0
1557 0
1594 0
1599 0
1647 0
1699 0
1721 0
1794 0
1945 0
1974 0
2012 0
2115 0
2127 0
2175 0
2199 0
2232 0
2258 0
2276 0
2281 0
2296 0
2332 0
2395 0
2442 0
2449 0
2490 0
2580 0
2638 0
2733 0
2765 0
2776 0
2829 0
2885 0
2912 0
2926 0
2954 0
2969 0
2976 0
3012 0
3058 0
3083 0
3098 0
3210 0
3238 0
3279 0
3422 0
3491 0
3531 0
3575 0
3612 0
3635 0
3656 0
3739 0
3755 0
3782 0
3834 0
3870 0
3883 0
3967 0
4107 0
4128 0
4144 0
4163 0
4228 0
4240 0
4269 0
4302 0
4365 0
4449 0
4458 0
4490 0
4549 0
4565 0
4605 0
4673 0
4681 0
4711 0
4807 0
4822 0
4886 0
