355 0
380 0
420 0
446 0
475 0
477 0
517 0
553 0
626 0
638 0
664 0
724 0
767 0
863 0
919 0
940 0
997 0
1028 0
1086 0
1098 0
1184 0
1194 0
1237 0
1243 0
1323 0
1336 0
1369 0
1520 0
1546 0
1688 0
1702 0
1773 0
1811 0
1843 0
1859 0
1949 0
1999 0
2020 0
2073 0
2122 0
2151 0
2181 0
2206 0
2250 0
2296 0
2451 0
2475 0
2484 0
2513 0
2559 0
2657 0
2714 0
2735 0
2746 0
2770 0
2922 0
2959 0
3025 0
3032 0
3067 0
3104 0
3148 0
3212 0
3222 0
3267 0
3357 0
3381 0
3411 0
3439 0
3504 0
3530 0
3678 0
3698 0
3851 0
3877 0
3897 0
3974 0
3980 0
4026 0
4039 0
4125 0
4139 0
4189 0
4217 0
4270 0
4300 0
4364 0
4452 0
4490 0
4553 0
4577 0
4597 0
4673 0
4695 0
4740 0
4756 0
4771 0
4798 0
4835 0
4874 0
