311 0
355 0
388 0
437 0
446 0
468 0
495 0
533 0
607 0
690 0
713 0
759 0
841 0
941 0
961 0
982 0
1049 0
1109 0
1132 0
1194 0
1215 0
1265 0
1294 0
1315 0
1358 0
1388 0
1420 0
1442 0
1659 0
1688 0
1824 0
1839 0
1859 0
1885 0
1950 0
1957 0
1983 0
2022 0
2047 0
2088 0
2104 0
2134 0
2194 0
2250 0
2396 0
2401 0
2415 0
2467 0
2525 0
2582 0
2647 0
2693 0
2750 0
2791 0
2806 0
2837 0
2962 0
3010 0
3089 0
3124 0
3142 0
3170 0
3209 0
3231 0
3249 0
3267 0
3341 0
3353 0
3374 0
3390 0
3524 0
3561 0
3783 0
3794 0
3833 0
3870 0
3898 0
3911 0
3948 0
4005 0
4028 0
4094 0
4103 0
4174 0
4244 0
4258 0
4279 0
4385 0
4456 0
4519 0
4532 0
4612 0
4687 0
4719 0
4750 0
4761 0
4780 0
4844 0
4875 0
4902 0
