341 0
363 0
432 0
457 0
475 0
530 0
610 0
631 0
658 0
664 0
688 0
736 0
928 0
968 0
982 0
990 0
1017 0
1072 0
1134 0
1178 0
1240 0
1264 0
1294 0
1384 0
1486 0
1521 0
1532 0
1580 0
1590 0
1628 0
1680 0
1689 0
1721 0
1762 0
1778 0
1851 0
1866 0
1871 0
1957 0
1984 0
2058 0
2093 0
2130 0
2149 0
2237 0
2308 0
2342 0
2369 0
2443 0
2459 0
2474 0
2497 0
2551 0
2659 0
2735 0
2743 0
2767 0
2773 0
2847 0
2884 0
2909 0
2982 0
3070 0
3092 0
3112 0
3148 0
3242 0
3258 0
3335 0
3353 0
3367 0
3448 0
3456 0
3499 0
3523 0
3551 0
3595 0
3632 0
3644 0
3688 0
3701 0
3730 0
3830 0
3924 0
3957 0
3994 0
4041 0
4089 0
4143 0
4215 0
4217 0
4241 0
4254 0
4295 0
4476 0
4524 0
4545 0
4564 0
4577 0
4622 0
4683 0
4744 0
4764 0
4789 0
4855 0
4875 0
