326 0
358 0
380 0
435 0
483 0
502 0
559 0
635 0
691 0
701 0
733 0
763 0
775 0
798 0
853 0
896 0
951 0
984 0
987 0
1045 0
1102 0
1131 0
1143 0
1211 0
1354 0
1400 0
1504 0
1533 0
1559 0
1573 0
1622 0
1645 0
1667 0
1697 0
1711 0
1733 0
1767 0
1833 0
1909 0
1940 0
1958 0
2059 0
2088 0
2094 0
2158 0
2185 0
2250 0
2330 0
2390 0
2452 0
2538 0
2683 0
2770 0
2826 0
2884 0
2971 0
3033 0
3069 0
3126 0
3136 0
3148 0
3252 0
3272 0
3308 0
3396 0
3463 0
3487 0
3510 0
3535 0
3547 0
3576 0
3601 0
3641 0
3670 0
3682 0
3713 0
3811 0
3866 0
3996 0
4073 0
4081 0
4120 0
4168 0
4232 0
4237 0
4275 0
4331 0
4365 0
4436 0
4441 0
4460 0
4485 0
4516 0
4524 0
4578 0
4662 0
4714 0
4727 0
4784 0
4836 0
4856 0
4895 0
