318 0
343 0
430 0
455 0
478 0
519 0
567 0
657 0
673 0
717 0
771 0
840 0
858 0
941 0
964 0
997 0
1064 0
1136 0
1217 0
1259 0
1281 0
1337 0
1363 0
1393 0
1406 0
1426 0
1472 0
1482 0
1507 0
1543 0
1583 0
1604 0
1671 0
1692 0
1759 0
1769 0
1811 0
1863 0
1903 0
1917 0
1992 0
2021 0
2088 0
2116 0
2175 0
2191 0
2203 0
2302 0
2351 0
2393 0
2420 0
2490 0
2543 0
2681 0
2728 0
2789 0
2835 0
2865 0
2912 0
3018 0
3033 0
3055 0
3100 0
3144 0
3205 0
3223 0
3302 0
3327 0
3364 0
3407 0
3435 0
3454 0
3534 0
3544 0
3617 0
3632 0
3681 0
3708 0
3733 0
3752 0
3806 0
3824 0
3828 0
3853 0
3888 0
3929 0
3957 0
4002 0
4086 0
4157 0
4220 0
4261 0
4269 0
4363 0
4378 0
4440 0
4495 0
4544 0
4564 0
4654 0
4699 0
4742 0
4770 0
4786 0
4877 0
4907 0
