319 0
339 0
342 0
447 0
531 0
596 0
616 0
637 0
651 0
757 0
784 0
860 0
894 0
958 0
1044 0
1058 0
1127 0
1154 0
1204 0
1210 0
1262 0
1297 0
1334 0
1356 0
1375 0
1386 0
1410 0
1511 0
1522 0
1532 0
1575 0
1602 0
1669 0
1688 0
1710 0
1765 0
1795 0
1874 0
1899 0
1943 0
1980 0
1996 0
2047 0
2065 0
2138 0
2255 0
2301 0
2334 0
2369 0
2411 0
2455 0
2509 0
2552 0
2656 0
2715 0
2770 0
2811 0
2848 0
2876 0
2919 0
2971 0
3088 0
3146 0
3169 0
3219 0
3241 0
3269 0
3317 0
3335 0
3427 0
3455 0
3505 0
3535 0
3544 0
3610 0
3639 0
3679 0
3704 0
3719 0
3821 0
3841 0
3853 0
3864 0
3882 0
3911 0
3953 0
4002 0
4015 0
4066 0
4081 0
4150 0
4172 0
4266 0
4326 0
4356 0
4421 0
4468 0
4566 0
4579 0
4605 0
4620 0
4689 0
4768 0
4863 0
4888 0
4898 0
