326 0
344 0
393 0
421 0
426 0
454 0
469 0
566 0
610 0
668 0
754 0
773 0
906 0
1010 0
1091 0
1113 0
1137 0
1145 0
1191 0
1236 0
1261 0
1376 0
1404 0
1420 0
1487 0
1511 0
1531 0
1659 0
1677 0
1724 0
1752 0
1774 0
1832 0
1847 0
1935 0
1964 0
1974 0
2010 0
2148 0
2239 0
2292 0
2308 0
2375 0
2393 0
2406 0
2445 0
2463 0
2520 0
2690 0
2756 0
2780 0
2811 0
2827 0
2850 0
2916 0
2926 0
2982 0
3061 0
3201 0
3243 0
3251 0
3297 0
3376 0
3391 0
3435 0
3463 0
3497 0
3551 0
3559 0
3685 0
3715 0
3731 0
3803 0
3819 0
3857 0
3946 0
3994 0
4022 0
4079 0
4093 0
4106 0
4119 0
4200 0
4313 0
4450 0
4455 0
4553 0
4610 0
4649 0
4746 0
4776 0
4792 0
4798 0
4816 0
4869 0
4885 0
