341 0
367 0
513 0
557 0
576 0
634 0
674 0
688 0
712 0
726 0
837 0
895 0
950 0
987 0
1012 0
1066 0
1078 0
1104 0
1115 0
1181 0
1231 0
1280 0
1366 0
1379 0
1499 0
1521 0
1544 0
1631 0
1724 0
1772 0
1798 0
1820 0
1842 0
1915 0
1929 0
1953 0
1975 0
2149 0
2163 0
2196 0
2212 0
2240 0
2345 0
2389 0
2424 0
2434 0
2504 0
2541 0
2551 0
2588 0
2630 0
2661 0
2674 0
2719 0
2785 0
2789 0
2826 0
2886 0
2980 0
3004 0
3020 0
3052 0
3067 0
3236 0
3271 0
3285 0
3312 0
3381 0
3393 0
3429 0
3442 0
3495 0
3600 0
3688 0
3704 0
3713 0
3836 0
3844 0
3931 0
3984 0
4032 0
4109 0
4118 0
4140 0
4155 0
4210 0
4229 0
4272 0
4320 0
4385 0
4490 0
4513 0
4531 0
4540 0
4577 0
4644 0
4667 0
4698 0
4858 0
4876 0
