314 0
325 0
388 0
421 0
434 0
443 0
487 0
520 0
600 0
675 0
681 0
733 0
832 0
863 0
912 0
955 0
992 0
1096 0
1134 0
1180 0
1260 0
1325 0
1368 0
1403 0
1565 0
1592 0
1644 0
1654 0
1679 0
1755 0
1809 0
1829 0
1862 0
1917 0
1973 0
2113 0
2161 0
2214 0
2250 0
2273 0
2288 0
2339 0
2361 0
2365 0
2401 0
2421 0
2508 0
2555 0
2595 0
2634 0
2657 0
2711 0
2803 0
2806 0
2852 0
2862 0
2887 0
2933 0
2956 0
2960 0
3003 0
3048 0
3098 0
3240 0
3310 0
3360 0
3386 0
3402 0
3466 0
3537 0
3566 0
3585 0
3629 0
3647 0
3815 0
3853 0
3908 0
3945 0
4032 0
4090 0
4126 0
4218 0
4257 0
4315 0
4355 0
4395 0
4478 0
4530 0
4554 0
4617 0
4700 0
4742 0
4763 0
4788 0
4806 0
4834 0
4881 0
4897 0
