373 0
415 0
436 0
457 0
524 0
549 0
562 0
624 0
660 0
742 0
764 0
801 0
823 0
837 0
865 0
890 0
925 0
937 0
960 0
985 0
1013 0
1024 0
1040 0
1218 0
1366 0
1466 0
1576 0
1654 0
1675 0
1707 0
1730 0
1771 0
1791 0
1867 0
1872 0
1911 0
1950 0
1963 0
2022 0
2086 0
2101 0
2113 0
2140 0
2172 0
2272 0
2281 0
2338 0
2360 0
2442 0
2455 0
2519 0
2596 0
2629 0
2690 0
2757 0
2772 0
2864 0
2878 0
2926 0
2944 0
3048 0
3090 0
3110 0
3115 0
3129 0
3208 0
3251 0
3266 0
3304 0
3341 0
3363 0
3420 0
3450 0
3490 0
3503 0
3542 0
3562 0
3642 0
3742 0
3848 0
3997 0
4178 0
4186 0
4206 0
4241 0
4261 0
4282 0
4296 0
4321 0
4366 0
4375 0
4396 0
4406 0
4463 0
4486 0
4572 0
4601 0
4648 0
4671 0
4707 0
4774 0
4793 0
4804 0
4850 0
