321 0
328 0
399 0
435 0
466 0
676 0
739 0
791 0
847 0
917 0
981 0
1004 0
1022 0
1108 0
1132 0
1144 0
1185 0
1193 0
1235 0
1245 0
1306 0
1349 0
1407 0
1472 0
1498 0
1535 0
1562 0
1587 0
1665 0
1721 0
1817 0
1828 0
1882 0
1892 0
1948 0
1978 0
1990 0
2009 0
2068 0
2092 0
2150 0
2199 0
2222 0
2266 0
2287 0
2310 0
2389 0
2421 0
2441 0
2479 0
2486 0
2734 0
2753 0
2784 0
2799 0
2830 0
2921 0
2925 0
2953 0
3005 0
3014 0
3070 0
3126 0
3152 0
3207 0
3223 0
3245 0
3270 0
3318 0
3344 0
3388 0
3416 0
3491 0
3555 0
3636 0
3671 0
3679 0
3707 0
3751 0
3815 0
3875 0
3916 0
3975 0
3981 0
4023 0
4041 0
4066 0
4092 0
4103 0
4189 0
4200 0
4237 0
4317 0
4382 0
4423 0
4479 0
4550 0
4747 0
4793 0
4818 0
4885 0
4906 0
