321 0
422 0
481 0
499 0
537 0
573 0
649 0
676 0
689 0
705 0
750 0
794 0
827 0
907 0
926 0
962 0
1050 0
1070 0
1109 0
1148 0
1217 0
1236 0
1297 0
1344 0
1385 0
1396 0
1489 0
1501 0
1579 0
1594 0
1629 0
1635 0
1656 0
1695 0
1781 0
1800 0
1810 0
1830 0
1857 0
1884 0
1896 0
1920 0
2012 0
2068 0
2132 0
2228 0
2294 0
2345 0
2366 0
2497 0
2520 0
2542 0
2683 0
2688 0
2733 0
2847 0
2883 0
2933 0
2987 0
3079 0
3159 0
3209 0
3307 0
3325 0
3333 0
3361 0
3398 0
3402 0
3433 0
3441 0
3531 0
3556 0
3576 0
3598 0
3634 0
3643 0
3715 0
3738 0
3824 0
3831 0
3860 0
3915 0
3988 0
4009 0
4068 0
4106 0
4158 0
4177 0
4264 0
4297 0
4312 0
4400 0
4425 0
4460 0
4509 0
4533 0
4541 0
4557 0
4649 0
4686 0
4723 0
4739 0
4800 0
4901 0
