363 0
402 0
410 0
489 0
513 0
534 0
608 0
677 0
834 0
856 0
916 0
932 0
965 0
993 0
1114 0
1183 0
1197 0
1219 0
1235 0
1257 0
1261 0
1381 0
1409 0
1430 0
1507 0
1526 0
1542 0
1591 0
1647 0
1702 0
1756 0
1774 0
1801 0
1871 0
1900 0
1923 0
1980 0
2060 0
2106 0
2188 0
2214 0
2234 0
2283 0
2308 0
2336 0
2365 0
2394 0
2408 0
2427 0
2490 0
2505 0
2582 0
2636 0
2708 0
2736 0
2799 0
2817 0
2837 0
2841 0
2882 0
2923 0
2935 0
2977 0
3004 0
3040 0
3112 0
3149 0
3234 0
3282 0
3322 0
3347 0
3431 0
3446 0
3461 0
3504 0
3574 0
3637 0
3673 0
3695 0
3717 0
3789 0
3814 0
3832 0
3952 0
3974 0
3992 0
3999 0
4021 0
4032 0
4110 0
4225 0
4261 0
4289 0
4317 0
4356 0
4379 0
4541 0
4614 0
4680 0
4694 0
4742 0
4801 0
4814 0
4858 0
