331 0
373 0
412 0
481 0
505 0
537 0
559 0
600 0
687 0
699 0
746 0
798 0
825 0
834 0
890 0
913 0
925 0
1016 0
1048 0
1090 0
1233 0
1264 0
1287 0
1422 0
1532 0
1686 0
1706 0
1722 0
1755 0
1799 0
1861 0
1939 0
1968 0
1974 0
2042 0
2060 0
2115 0
2141 0
2152 0
2223 0
2245 0
2290 0
2375 0
2393 0
2401 0
2417 0
2446 0
2544 0
2680 0
2785 0
2789 0
2813 0
2834 0
2846 0
2929 0
2968 0
2993 0
3072 0
3079 0
3103 0
3161 0
3168 0
3231 0
3249 0
3277 0
3355 0
3428 0
3461 0
3499 0
3518 0
3534 0
3683 0
3800 0
3940 0
3959 0
3994 0
4128 0
4166 0
4204 0
4297 0
4305 0
4327 0
4384 0
4390 0
4426 0
4487 0
4515 0
4525 0
4621 0
4669 0
4678 0
4719 0
4730 0
4801 0
4860 0
4881 0
