308 0
396 0
411 0
494 0
534 0
632 0
667 0
761 0
792 0
831 0
861 0
950 0
968 0
999 0
1017 0
1061 0
1106 0
1124 0
1185 0
1194 0
1220 0
1231 0
1273 0
1284 0
1332 0
1351 0
1393 0
1399 0
1469 0
1539 0
1550 0
1569 0
1583 0
1606 0
1643 0
1801 0
1902 0
1905 0
2088 0
2115 0
2154 0
2174 0
2198 0
2229 0
2284 0
2296 0
2348 0
2513 0
2579 0
2589 0
2621 0
2643 0
2716 0
2863 0
2923 0
2938 0
2990 0
3010 0
3054 0
3067 0
3098 0
3136 0
3300 0
3319 0
3423 0
3581 0
3613 0
3624 0
3640 0
3656 0
3677 0
3744 0
3815 0
3833 0
3875 0
3880 0
3937 0
3959 0
3991 0
4007 0
4026 0
4031 0
4085 0
4108 0
4154 0
4212 0
4224 0
4264 0
4274 0
4353 0
4392 0
4433 0
4468 0
4550 0
4576 0
4687 0
4710 0
4810 0
4813 0
4906 0
