324 0
386 0
514 0
599 0
622 0
681 0
700 0
727 0
818 0
858 0
947 0
967 0
994 0
1007 0
1095 0
1144 0
1250 0
1272 0
1291 0
1321 0
1349 0
1364 0
1387 0
1465 0
1509 0
1529 0
1573 0
1609 0
1650 0
1671 0
1687 0
1765 0
1813 0
1826 0
1876 0
1897 0
1913 0
1926 0
1988 0
2050 0
2072 0
2080 0
2143 0
2175 0
2197 0
2353 0
2364 0
2433 0
2496 0
2511 0
2541 0
2565 0
2663 0
2677 0
2718 0
2733 0
2787 0
2849 0
2862 0
3020 0
3049 0
3070 0
3140 0
3148 0
3175 0
3242 0
3290 0
3304 0
3329 0
3337 0
3394 0
3415 0
3453 0
3526 0
3551 0
3554 0
3606 0
3646 0
3705 0
3717 0
3744 0
3827 0
3858 0
3862 0
3904 0
3942 0
3948 0
3974 0
4075 0
4127 0
4206 0
4217 0
4264 0
4278 0
4359 0
4394 0
4490 0
4510 0
4531 0
4606 0
4622 0
4706 0
4834 0
4889 0
