333 0
348 0
379 0
420 0
521 0
536 0
560 0
563 0
609 0
662 0
695 0
699 0
773 0
800 0
820 0
857 0
903 0
972 0
1030 0
1084 0
1153 0
1212 0
1291 0
1310 0
1431 0
1527 0
1543 0
1622 0
1643 0
1659 0
1671 0
1706 0
1771 0
1789 0
1821 0
1850 0
1910 0
2000 0
2050 0
2065 0
2093 0
2124 0
2147 0
2166 0
2256 0
2403 0
2426 0
2441 0
2487 0
2500 0
2552 0
2653 0
2719 0
2729 0
2779 0
2800 0
2812 0
2970 0
3054 0
3061 0
3109 0
3127 0
3152 0
3175 0
3228 0
3301 0
3372 0
3388 0
3429 0
3438 0
3509 0
3546 0
3565 0
3575 0
3593 0
3688 0
3691 0
3785 0
3909 0
3942 0
4008 0
4066 0
4132 0
4197 0
4249 0
4310 0
4364 0
4388 0
4418 0
4444 0
4515 0
4525 0
4560 0
4615 0
4647 0
4659 0
4682 0
4701 0
4808 0
4836 0
4877 0
4881 0
