356 0
359 0
384 0
397 0
412 0
466 0
519 0
575 0
630 0
752 0
795 0
827 0
922 0
1021 0
1063 0
1121 0
1130 0
1145 0
1199 0
1212 0
1249 0
1261 0
1293 0
1381 0
1490 0
1498 0
1514 0
1567 0
1587 0
1602 0
1725 0
1767 0
1850 0
1875 0
1893 0
1912 0
1922 0
1940 0
1968 0
2050 0
2080 0
2104 0
2117 0
2191 0
2221 0
2408 0
2416 0
2479 0
2512 0
2553 0
2661 0
2708 0
2744 0
2792 0
2811 0
2993 0
3034 0
3106 0
3125 0
3141 0
3177 0
3253 0
3276 0
3291 0
3300 0
3324 0
3343 0
3381 0
3455 0
3489 0
3607 0
3634 0
3639 0
3705 0
3712 0
3728 0
3830 0
3926 0
3947 0
3970 0
3996 0
4018 0
4072 0
4084 0
4100 0
4159 0
4197 0
4294 0
4394 0
4426 0
4461 0
4578 0
4642 0
4708 0
4756 0
4796 0
4816 0
4832 0
4856 0
4871 0
