324 0
356 0
379 0
422 0
472 0
478 0
516 0
536 0
568 0
642 0
670 0
690 0
703 0
715 0
831 0
845 0
852 0
1030 0
1049 0
1092 0
1116 0
1152 0
1238 0
1266 0
1333 0
1352 0
1414 0
1468 0
1494 0
1514 0
1558 0
1583 0
1663 0
1678 0
1797 0
1833 0
1937 0
2067 0
2171 0
2187 0
2257 0
2293 0
2309 0
2396 0
2403 0
2419 0
2446 0
2474 0
2552 0
2574 0
2595 0
2634 0
2646 0
2659 0
2742 0
2780 0
2801 0
2817 0
2837 0
2908 0
2938 0
2970 0
3039 0
3045 0
3150 0
3295 0
3387 0
3425 0
3539 0
3564 0
3629 0
3662 0
3690 0
3732 0
3746 0
3794 0
3861 0
3889 0
3948 0
3989 0
4071 0
4101 0
4120 0
4175 0
4196 0
4364 0
4385 0
4388 0
4494 0
4508 0
4532 0
4548 0
4577 0
4650 0
4680 0
4707 0
4729 0
4754 0
4810 0
4841 0
4872 0
4887 0
