328 0
523 0
533 0
602 0
631 0
673 0
726 0
759 0
783 0
824 0
991 0
1017 0
1032 0
1070 0
1097 0
1125 0
1182 0
1249 0
1261 0
1331 0
1356 0
1370 0
1406 0
1443 0
1488 0
1518 0
1546 0
1613 0
1623 0
1793 0
1817 0
1863 0
1875 0
1932 0
1981 0
1995 0
2008 0
2050 0
2063 0
2111 0
2155 0
2163 0
2212 0
2243 0
2256 0
2286 0
2457 0
2479 0
2492 0
2521 0
2600 0
2634 0
2692 0
2724 0
2745 0
2767 0
2937 0
2961 0
2984 0
3008 0
3051 0
3066 0
3105 0
3146 0
3169 0
3202 0
3223 0
3237 0
3292 0
3337 0
3350 0
3416 0
3421 0
3589 0
3611 0
3675 0
3695 0
3734 0
3782 0
3821 0
3857 0
3868 0
3877 0
3958 0
3963 0
4034 0
4082 0
4115 0
4155 0
4185 0
4209 0
4225 0
4402 0
4424 0
4460 0
4489 0
4552 0
4584 0
4617 0
4685 0
4703 0
4888 0
