321 0
336 0
433 0
452 0
475 0
536 0
545 0
687 0
744 0
763 0
815 0
900 0
967 0
1017 0
1028 0
1063 0
1075 0
1094 0
1199 0
1217 0
1262 0
1295 0
1355 0
1385 0
1441 0
1467 0
1521 0
1567 0
1625 0
1677 0
1719 0
1754 0
1769 0
1825 0
1844 0
1881 0
1928 0
2018 0
2102 0
2151 0
2163 0
2212 0
2294 0
2339 0
2360 0
2419 0
2444 0
2494 0
2505 0
2531 0
2536 0
2575 0
2593 0
2620 0
2645 0
2684 0
2700 0
2709 0
2727 0
2784 0
2792 0
2865 0
2881 0
2929 0
3004 0
3050 0
3066 0
3126 0
3207 0
3291 0
3347 0
3380 0
3386 0
3441 0
3452 0
3489 0
3537 0
3598 0
3647 0
3702 0
3754 0
3775 0
3828 0
3874 0
3912 0
3957 0
4007 0
4017 0
4128 0
4133 0
4151 0
4195 0
4215 0
4257 0
4324 0
4413 0
4468 0
4483 0
4530 0
4674 0
4677 0
4751 0
4767 0
4780 0
4893 0
4911 0
