312 0
463 0
515 0
577 0
608 0
643 0
665 0
736 0
756 0
805 0
851 0
911 0
960 0
975 0
1015 0
1056 0
1119 0
1133 0
1195 0
1231 0
1324 0
1374 0
1469 0
1487 0
1500 0
1531 0
1592 0
1629 0
1682 0
1726 0
1786 0
1834 0
1878 0
1891 0
1974 0
2001 0
2019 0
2054 0
2068 0
2215 0
2242 0
2262 0
2359 0
2375 0
2382 0
2462 0
2485 0
2505 0
2541 0
2674 0
2715 0
2723 0
2770 0
2831 0
2847 0
2860 0
2943 0
2986 0
2996 0
3158 0
3174 0
3204 0
3216 0
3236 0
3324 0
3346 0
3388 0
3432 0
3489 0
3550 0
3595 0
3633 0
3682 0
3712 0
3726 0
3751 0
3852 0
3896 0
3990 0
4013 0
4081 0
4104 0
4157 0
4205 0
4245 0
4263 0
4303 0
4368 0
4411 0
4455 0
4476 0
4546 0
4582 0
4613 0
4650 0
4696 0
4758 0
4906 0
