367 0
487 0
501 0
532 0
575 0
643 0
667 0
687 0
717 0
750 0
787 0
829 0
891 0
902 0
948 0
968 0
1011 0
1041 0
1068 0
1083 0
1124 0
1179 0
1195 0
1210 0
1270 0
1358 0
1522 0
1569 0
1591 0
1600 0
1706 0
1755 0
1803 0
1861 0
1883 0
1937 0
1953 0
1957 0
1983 0
2071 0
2086 0
2215 0
2260 0
2269 0
2345 0
2354 0
2385 0
2409 0
2435 0
2479 0
2594 0
2631 0
2746 0
2777 0
2819 0
2832 0
2868 0
2874 0
2943 0
2973 0
3002 0
3134 0
3149 0
3236 0
3259 0
3267 0
3285 0
3337 0
3365 0
3407 0
3453 0
3511 0
3611 0
3633 0
3653 0
3702 0
3865 0
3953 0
4010 0
4017 0
4045 0
4084 0
4138 0
4161 0
4174 0
4214 0
4260 0
4268 0
4309 0
4321 0
4402 0
4421 0
4466 0
4491 0
4528 0
4543 0
4575 0
4650 0
4680 0
4724 0
4740 0
4857 0
