384 0
439 0
444 0
485 0
498 0
548 0
622 0
648 0
678 0
696 0
719 0
734 0
789 0
817 0
990 0
1028 0
1047 0
1060 0
1103 0
1110 0
1211 0
1244 0
1267 0
1327 0
1421 0
1503 0
1580 0
1657 0
1714 0
1721 0
1755 0
1828 0
1837 0
1892 0
1906 0
1931 0
1968 0
1979 0
1997 0
2009 0
2041 0
2135 0
2150 0
2172 0
2255 0
2276 0
2495 0
2502 0
2543 0
2568 0
2589 0
2620 0
2650 0
2676 0
2717 0
2731 0
2949 0
2970 0
3059 0
3071 0
3081 0
3177 0
3212 0
3219 0
3240 0
3248 0
3296 0
3301 0
3319 0
3379 0
3385 0
3465 0
3494 0
3515 0
3565 0
3652 0
3714 0
3805 0
3885 0
3956 0
3964 0
3999 0
4110 0
4120 0
4152 0
4166 0
4198 0
4224 0
4398 0
4433 0
4473 0
4499 0
4523 0
4549 0
4563 0
4596 0
4665 0
4715 0
4734 0
4763 0
4781 0
4844 0
