320 0
336 0
378 0
511 0
529 0
699 0
795 0
830 0
885 0
937 0
1053 0
1068 0
1101 0
1132 0
1179 0
1211 0
1231 0
1272 0
1302 0
1328 0
1423 0
1433 0
1505 0
1514 0
1555 0
1575 0
1638 0
1702 0
1755 0
1818 0
1820 0
1849 0
1892 0
1928 0
1946 0
2065 0
2106 0
2127 0
2166 0
2206 0
2250 0
2376 0
2390 0
2403 0
2467 0
2510 0
2525 0
2545 0
2558 0
2572 0
2641 0
2657 0
2673 0
2694 0
2718 0
2748 0
2815 0
2825 0
2846 0
2971 0
3019 0
3050 0
3086 0
3127 0
3159 0
3276 0
3285 0
3321 0
3381 0
3384 0
3402 0
3464 0
3509 0
3571 0
3642 0
3657 0
3697 0
3715 0
3777 0
3800 0
3888 0
3916 0
3945 0
3989 0
4011 0
4037 0
4095 0
4120 0
4159 0
4169 0
4276 0
4325 0
4387 0
4436 0
4514 0
4687 0
4700 0
4832 0
4892 0
4898 0
