324 0
348 0
430 0
445 0
503 0
523 0
611 0
712 0
721 0
750 0
771 0
828 0
855 0
914 0
928 0
949 0
972 0
1029 0
1042 0
1069 0
1079 0
1231 0
1284 0
1364 0
1489 0
1505 0
1535 0
1566 0
1678 0
1713 0
1753 0
1784 0
1848 0
1871 0
1897 0
1913 0
1941 0
1970 0
1997 0
2020 0
2053 0
2075 0
2103 0
2131 0
2173 0
2350 0
2385 0
2456 0
2501 0
2531 0
2549 0
2590 0
2628 0
2685 0
2693 0
2718 0
2762 0
2831 0
2870 0
3048 0
3081 0
3119 0
3131 0
3178 0
3205 0
3218 0
3255 0
3266 0
3312 0
3318 0
3339 0
3378 0
3438 0
3466 0
3516 0
3539 0
3644 0
3688 0
3719 0
3724 0
3852 0
3928 0
3989 0
4147 0
4153 0
4171 0
4194 0
4243 0
4268 0
4292 0
4304 0
4360 0
4391 0
4438 0
4457 0
4494 0
4519 0
4609 0
4693 0
4718 0
4762 0
4790 0
4876 0
4885 0
