312 0
337 0
382 0
428 0
503 0
529 0
551 0
562 0
603 0
640 0
710 0
715 0
779 0
794 0
809 0
854 0
974 0
1200 0
1227 0
1245 0
1270 0
1327 0
1350 0
1424 0
1504 0
1566 0
1592 0
1614 0
1618 0
1658 0
1667 0
1712 0
1758 0
1772 0
1850 0
1856 0
1895 0
1982 0
1994 0
2041 0
2069 0
2124 0
2198 0
2229 0
2250 0
2265 0
2309 0
2386 0
2424 0
2523 0
2593 0
2621 0
2697 0
2803 0
2834 0
2919 0
2956 0
2969 0
2980 0
3018 0
3098 0
3147 0
3168 0
3229 0
3231 0
3328 0
3356 0
3372 0
3443 0
3456 0
3507 0
3550 0
3565 0
3588 0
3606 0
3624 0
3646 0
3713 0
3792 0
3867 0
3888 0
3946 0
3966 0
3982 0
4023 0
4245 0
4361 0
4410 0
4433 0
4453 0
4498 0
4516 0
4585 0
4609 0
4657 0
4669 0
4679 0
4716 0
4790 0
4831 0
4893 0
4906 0
