347 0
365 0
397 0
423 0
461 0
554 0
622 0
641 0
691 0
745 0
855 0
990 0
1042 0
1069 0
1081 0
1096 0
1119 0
1201 0
1250 0
1272 0
1302 0
1390 0
1396 0
1418 0
1434 0
1478 0
1492 0
1499 0
1540 0
1630 0
1714 0
1811 0
1835 0
1865 0
1894 0
1907 0
1961 0
1976 0
2000 0
2059 0
2122 0
2128 0
2214 0
2236 0
2492 0
2515 0
2538 0
2565 0
2575 0
2638 0
2654 0
2676 0
2716 0
2726 0
2976 0
3007 0
3083 0
3108 0
3147 0
3225 0
3245 0
3263 0
3301 0
3317 0
3358 0
3396 0
3414 0
3516 0
3596 0
3684 0
3719 0
3738 0
3741 0
3785 0
3795 0
3824 0
3828 0
3916 0
3946 0
3968 0
4021 0
4107 0
4127 0
4138 0
4157 0
4176 0
4232 0
4360 0
4475 0
4527 0
4583 0
4593 0
4665 0
4756 0
4806 0
4822 0
4861 0
4863 0
