347 0
372 0
400 0
414 0
479 0
494 0
523 0
552 0
606 0
634 0
677 0
717 0
739 0
764 0
784 0
837 0
897 0
980 0
1058 0
1110 0
1153 0
1181 0
1204 0
1276 0
1373 0
1392 0
1435 0
1505 0
1526 0
1551 0
1595 0
1661 0
1676 0
1809 0
1842 0
1908 0
1957 0
2022 0
2120 0
2140 0
2145 0
2168 0
2177 0
2243 0
2275 0
2303 0
2404 0
2461 0
2479 0
2493 0
2585 0
2621 0
2729 0
2753 0
2767 0
2810 0
2923 0
2956 0
2985 0
3027 0
3045 0
3066 0
3089 0
3097 0
3203 0
3248 0
3313 0
3375 0
3403 0
3545 0
3561 0
3637 0
3656 0
3703 0
3710 0
3789 0
3839 0
3848 0
3929 0
4013 0
4041 0
4065 0
4100 0
4162 0
4241 0
4322 0
4380 0
4423 0
4456 0
4483 0
4492 0
4554 0
4580 0
4620 0
4670 0
4696 0
4714 0
4742 0
4803 0
4817 0
4856 0
4864 0
