369 0
390 0
421 0
444 0
465 0
525 0
609 0
616 0
726 0
742 0
770 0
832 0
890 0
943 0
962 0
991 0
1072 0
1090 0
1153 0
1197 0
1217 0
1340 0
1355 0
1368 0
1380 0
1407 0
1429 0
1478 0
1523 0
1535 0
1643 0
1697 0
1732 0
1787 0
1846 0
1874 0
1920 0
1980 0
2013 0
2071 0
2136 0
2180 0
2198 0
2256 0
2264 0
2333 0
2400 0
2415 0
2484 0
2526 0
2580 0
2651 0
2688 0
2727 0
2798 0
2811 0
2878 0
2952 0
2960 0
3013 0
3029 0
3078 0
3161 0
3204 0
3231 0
3309 0
3337 0
3370 0
3423 0
3494 0
3526 0
3575 0
3683 0
3703 0
3748 0
3787 0
3820 0
3836 0
3851 0
3875 0
3886 0
3997 0
4027 0
4068 0
4123 0
4138 0
4227 0
4252 0
4283 0
4330 0
4402 0
4441 0
4486 0
4494 0
4604 0
4617 0
4698 0
4757 0
4762 0
4795 0
4844 0
4856 0
