324 0
361 0
381 0
434 0
458 0
473 0
478 0
504 0
552 0
640 0
676 0
709 0
716 0
856 0
1045 0
1069 0
1084 0
1150 0
1198 0
1221 0
1290 0
1295 0
1336 0
1415 0
1470 0
1545 0
1563 0
1574 0
1663 0
1667 0
1687 0
1781 0
1896 0
1910 0
1937 0
1943 0
1957 0
2069 0
2097 0
2138 0
2156 0
2186 0
2196 0
2218 0
2253 0
2289 0
2300 0
2345 0
2403 0
2449 0
2531 0
2700 0
2766 0
2809 0
2876 0
2916 0
2926 0
2963 0
3007 0
3022 0
3033 0
3071 0
3083 0
3127 0
3157 0
3255 0
3267 0
3290 0
3302 0
3321 0
3449 0
3526 0
3550 0
3558 0
3651 0
3658 0
3688 0
3742 0
3794 0
3881 0
3923 0
3942 0
4005 0
4021 0
4076 0
4139 0
4149 0
4167 0
4357 0
4494 0
4512 0
4541 0
4588 0
4669 0
4718 0
4733 0
4746 0
4775 0
4781 0
4840 0
4858 0
4884 0
