313 0
327 0
502 0
552 0
655 0
710 0
722 0
733 0
753 0
788 0
845 0
857 0
936 0
958 0
1005 0
1028 0
1050 0
1085 0
1110 0
1133 0
1195 0
1215 0
1237 0
1272 0
1276 0
1304 0
1379 0
1471 0
1558 0
1568 0
1597 0
1640 0
1671 0
1730 0
1762 0
1771 0
1814 0
1838 0
1871 0
1908 0
1970 0
2020 0
2055 0
2090 0
2164 0
2368 0
2476 0
2511 0
2517 0
2695 0
2713 0
2743 0
2854 0
3049 0
3139 0
3167 0
3202 0
3258 0
3314 0
3345 0
3369 0
3408 0
3435 0
3453 0
3499 0
3539 0
3578 0
3630 0
3645 0
3660 0
3750 0
3840 0
3920 0
3935 0
3946 0
3990 0
4001 0
4015 0
4093 0
4107 0
4134 0
4176 0
4197 0
4211 0
4257 0
4283 0
4355 0
4371 0
4434 0
4462 0
4481 0
4504 0
4511 0
4557 0
4674 0
4711 0
4888 0
4904 0
