335 0
368 0
375 0
428 0
472 0
480 0
558 0
571 0
643 0
678 0
696 0
710 0
741 0
771 0
810 0
819 0
837 0
940 0
956 0
983 0
1005 0
1048 0
1100 0
1118 0
1148 0
1186 0
1285 0
1303 0
1486 0
1499 0
1527 0
1560 0
1593 0
1676 0
1708 0
1874 0
1888 0
1909 0
1952 0
2005 0
2061 0
2107 0
2110 0
2143 0
2179 0
2220 0
2284 0
2331 0
2386 0
2429 0
2481 0
2486 0
2506 0
2713 0
2735 0
2753 0
2790 0
2826 0
2879 0
2930 0
3001 0
3040 0
3070 0
3097 0
3113 0
3146 0
3218 0
3277 0
3309 0
3322 0
3347 0
3504 0
3545 0
3633 0
3669 0
3704 0
3717 0
3726 0
3915 0
3928 0
4043 0
4079 0
4103 0
4115 0
4172 0
4213 0
4242 0
4260 0
4272 0
4372 0
4398 0
4410 0
4442 0
4481 0
4511 0
4530 0
4550 0
4577 0
4646 0
4672 0
4737 0
4746 0
4790 0
4832 0
4861 0
4886 0
