370 0
423 0
428 0
475 0
488 0
521 0
596 0
619 0
639 0
677 0
682 0
709 0
734 0
866 0
915 0
1024 0
1072 0
1093 0
1206 0
1227 0
1242 0
1296 0
1319 0
1350 0
1406 0
1417 0
1430 0
1480 0
1501 0
1527 0
1554 0
1570 0
1583 0
1611 0
1641 0
1676 0
1694 0
1704 0
1800 0
1831 0
1907 0
1942 0
1962 0
2012 0
2145 0
2191 0
2194 0
2237 0
2253 0
2366 0
2425 0
2479 0
2515 0
2546 0
2676 0
2717 0
2750 0
2792 0
2848 0
2974 0
2985 0
3011 0
3033 0
3073 0
3201 0
3262 0
3270 0
3314 0
3397 0
3427 0
3505 0
3532 0
3544 0
3585 0
3609 0
3627 0
3649 0
3665 0
3691 0
3720 0
3730 0
3788 0
3804 0
3824 0
3868 0
3894 0
3917 0
3972 0
3993 0
4024 0
4115 0
4135 0
4197 0
4306 0
4361 0
4487 0
4509 0
4536 0
4551 0
4575 0
4603 0
4614 0
4697 0
4739 0
4750 0
4778 0
4809 0
4861 0
