388 0
429 0
455 0
474 0
499 0
538 0
547 0
573 0
607 0
676 0
708 0
716 0
740 0
753 0
768 0
800 0
831 0
944 0
981 0
989 0
1095 0
1273 0
1293 0
1355 0
1371 0
1387 0
1398 0
1464 0
1528 0
1563 0
1618 0
1637 0
1695 0
1840 0
1879 0
1936 0
1945 0
2002 0
2017 0
2041 0
2061 0
2098 0
2119 0
2209 0
2267 0
2297 0
2332 0
2438 0
2486 0
2572 0
2637 0
2728 0
2781 0
2874 0
2914 0
2957 0
3023 0
3095 0
3123 0
3155 0
3171 0
3200 0
3227 0
3269 0
3282 0
3348 0
3372 0
3520 0
3573 0
3602 0
3662 0
3697 0
3744 0
3813 0
3839 0
3845 0
3867 0
3925 0
3957 0
4118 0
4224 0
4247 0
4282 0
4401 0
4406 0
4446 0
4459 0
4485 0
4489 0
4507 0
4555 0
4620 0
4650 0
4665 0
4677 0
4725 0
4747 0
4775 0
4788 0
4833 0
