322 0
454 0
464 0
482 0
541 0
640 0
661 0
702 0
772 0
837 0
853 0
948 0
962 0
1031 0
1051 0
1086 0
1155 0
1192 0
1225 0
1247 0
1300 0
1330 0
1390 0
1422 0
1435 0
1474 0
1618 0
1633 0
1689 0
1759 0
1779 0
1812 0
1828 0
1841 0
1885 0
1889 0
1916 0
1990 0
2055 0
2095 0
2126 0
2175 0
2220 0
2238 0
2247 0
2297 0
2410 0
2418 0
2433 0
2490 0
2514 0
2566 0
2661 0
2715 0
2724 0
2782 0
2791 0
2819 0
2913 0
2972 0
2978 0
3000 0
3044 0
3081 0
3122 0
3167 0
3221 0
3314 0
3317 0
3347 0
3379 0
3389 0
3410 0
3448 0
3455 0
3534 0
3584 0
3597 0
3752 0
3776 0
3798 0
3833 0
3887 0
3915 0
3974 0
3984 0
4015 0
4073 0
4146 0
4173 0
4183 0
4254 0
4283 0
4357 0
4372 0
4450 0
4520 0
4563 0
4581 0
4679 0
4736 0
4746 0
4765 0
4897 0
