312 0
331 0
359 0
387 0
486 0
528 0
742 0
789 0
805 0
818 0
848 0
925 0
960 0
970 0
1134 0
1204 0
1270 0
1282 0
1302 0
1342 0
1352 0
1382 0
1436 0
1473 0
1483 0
1501 0
1516 0
1583 0
1611 0
1625 0
1633 0
1816 0
1862 0
1882 0
1902 0
1949 0
1963 0
2083 0
2147 0
2272 0
2282 0
2305 0
2345 0
2352 0
2381 0
2424 0
2504 0
2540 0
2565 0
2597 0
2626 0
2655 0
2676 0
2708 0
2803 0
2833 0
2858 0
2877 0
2908 0
2940 0
2947 0
3073 0
3133 0
3257 0
3268 0
3331 0
3344 0
3354 0
3413 0
3572 0
3598 0
3611 0
3629 0
3699 0
3720 0
3724 0
3746 0
3788 0
3840 0
3875 0
3886 0
3914 0
3935 0
3947 0
4021 0
4092 0
4235 0
4251 0
4292 0
4374 0
4402 0
4409 0
4434 0
4474 0
4677 0
4735 0
4844 0
4859 0
4885 0
4911 0
