344 0
382 0
453 0
472 0
479 0
528 0
603 0
614 0
686 0
724 0
777 0
796 0
832 0
913 0
934 0
936 0
961 0
1006 0
1099 0
1154 0
1235 0
1277 0
1307 0
1347 0
1408 0
1463 0
1507 0
1560 0
1586 0
1646 0
1682 0
1766 0
1788 0
1861 0
1896 0
2061 0
2076 0
2105 0
2114 0
2141 0
2154 0
2201 0
2237 0
2283 0
2298 0
2376 0
2411 0
2472 0
2501 0
2528 0
2696 0
2714 0
2751 0
2813 0
2842 0
2918 0
2931 0
2987 0
3022 0
3061 0
3092 0
3097 0
3115 0
3137 0
3159 0
3322 0
3365 0
3419 0
3462 0
3551 0
3571 0
3623 0
3668 0
3712 0
3748 0
3818 0
3861 0
3925 0
3941 0
3987 0
4066 0
4122 0
4211 0
4257 0
4269 0
4299 0
4317 0
4391 0
4424 0
4451 0
4489 0
4533 0
4597 0
4619 0
4676 0
4735 0
4750 0
4768 0
4830 0
4873 0
