338 0
386 0
404 0
468 0
480 0
503 0
599 0
657 0
706 0
733 0
806 0
862 0
927 0
937 0
980 0
1011 0
1068 0
1074 0
1101 0
1109 0
1154 0
1189 0
1198 0
1236 0
1339 0
1375 0
1403 0
1533 0
1556 0
1597 0
1616 0
1707 0
1778 0
1788 0
1854 0
1874 0
1932 0
1950 0
1963 0
2012 0
2054 0
2069 0
2099 0
2157 0
2217 0
2248 0
2263 0
2281 0
2335 0
2438 0
2565 0
2653 0
2782 0
2887 0
2926 0
2953 0
2962 0
2995 0
3074 0
3122 0
3151 0
3169 0
3209 0
3262 0
3271 0
3285 0
3337 0
3351 0
3418 0
3443 0
3509 0
3589 0
3624 0
3668 0
3681 0
3815 0
3850 0
3888 0
3981 0
4027 0
4042 0
4066 0
4108 0
4123 0
4132 0
4155 0
4214 0
4239 0
4269 0
4292 0
4367 0
4417 0
4482 0
4512 0
4562 0
4616 0
4718 0
4728 0
4757 0
4814 0
4839 0
4889 0
