343 0
395 0
457 0
460 0
484 0
654 0
682 0
728 0
772 0
809 0
836 0
865 0
896 0
993 0
1047 0
1084 0
1119 0
1200 0
1212 0
1239 0
1254 0
1359 0
1372 0
1383 0
1395 0
1420 0
1477 0
1563 0
1587 0
1609 0
1628 0
1686 0
1704 0
1767 0
1773 0
1813 0
1831 0
1868 0
1888 0
1952 0
1999 0
2046 0
2082 0
2152 0
2170 0
2208 0
2230 0
2245 0
2309 0
2398 0
2488 0
2578 0
2596 0
2628 0
2648 0
2722 0
2814 0
2912 0
2974 0
2983 0
3018 0
3045 0
3072 0
3139 0
3172 0
3224 0
3274 0
3320 0
3357 0
3398 0
3412 0
3436 0
3467 0
3510 0
3523 0
3601 0
3616 0
3634 0
3660 0
3749 0
3793 0
3815 0
3835 0
3845 0
3873 0
3972 0
3983 0
4011 0
4024 0
4112 0
4138 0
4181 0
4219 0
4320 0
4360 0
4385 0
4416 0
4449 0
4494 0
4523 0
4567 0
4736 0
4754 0
4775 0
4825 0
4871 0
