322 0
364 0
410 0
481 0
523 0
531 0
547 0
712 0
724 0
789 0
801 0
832 0
892 0
904 0
931 0
980 0
1095 0
1131 0
1175 0
1265 0
1287 0
1308 0
1318 0
1443 0
1537 0
1563 0
1594 0
1604 0
1669 0
1719 0
1794 0
1841 0
1874 0
1919 0
1937 0
1946 0
2003 0
2019 0
2099 0
2120 0
2151 0
2196 0
2211 0
2259 0
2283 0
2375 0
2442 0
2454 0
2469 0
2541 0
2672 0
2752 0
2762 0
2782 0
2844 0
2939 0
2971 0
3004 0
3019 0
3069 0
3098 0
3125 0
3200 0
3223 0
3267 0
3295 0
3299 0
3347 0
3368 0
3423 0
3492 0
3547 0
3612 0
3633 0
3665 0
3673 0
3785 0
3902 0
3923 0
3933 0
3947 0
4043 0
4086 0
4123 0
4248 0
4287 0
4314 0
4323 0
4391 0
4407 0
4430 0
4499 0
4519 0
4670 0
4678 0
4706 0
4741 0
4798 0
4854 0
4903 0
