412 0
447 0
504 0
540 0
642 0
662 0
683 0
709 0
716 0
797 0
804 0
820 0
941 0
957 0
1000 0
1032 0
1061 0
1089 0
1150 0
1176 0
1222 0
1229 0
1248 0
1283 0
1322 0
1335 0
1466 0
1528 0
1531 0
1589 0
1656 0
1689 0
1703 0
1765 0
1770 0
1880 0
1925 0
1997 0
2066 0
2092 0
2112 0
2132 0
2171 0
2199 0
2246 0
2276 0
2309 0
2334 0
2446 0
2481 0
2537 0
2557 0
2668 0
2678 0
2750 0
2773 0
2880 0
2920 0
2955 0
2962 0
3020 0
3051 0
3078 0
3103 0
3114 0
3151 0
3219 0
3291 0
3343 0
3438 0
3464 0
3509 0
3530 0
3561 0
3627 0
3685 0
3704 0
3749 0
3882 0
3897 0
3935 0
3973 0
3985 0
3997 0
4044 0
4069 0
4124 0
4164 0
4183 0
4221 0
4254 0
4280 0
4390 0
4416 0
4434 0
4498 0
4506 0
4528 0
4567 0
4585 0
4687 0
4720 0
4767 0
4807 0
