309 0
330 0
351 0
376 0
426 0
490 0
503 0
553 0
577 0
613 0
654 0
725 0
781 0
791 0
852 0
944 0
984 0
996 0
1079 0
1089 0
1129 0
1217 0
1306 0
1345 0
1397 0
1505 0
1527 0
1541 0
1600 0
1701 0
1723 0
1759 0
1772 0
1786 0
1805 0
1843 0
1886 0
1909 0
1957 0
2004 0
2056 0
2103 0
2127 0
2150 0
2211 0
2283 0
2357 0
2370 0
2443 0
2457 0
2471 0
2532 0
2554 0
2592 0
2631 0
2667 0
2702 0
2742 0
2765 0
2774 0
2848 0
2866 0
2932 0
3003 0
3067 0
3081 0
3126 0
3175 0
3216 0
3248 0
3302 0
3340 0
3381 0
3416 0
3429 0
3436 0
3458 0
3494 0
3512 0
3606 0
3685 0
3700 0
3714 0
3821 0
3873 0
3914 0
4001 0
4085 0
4124 0
4146 0
4230 0
4236 0
4276 0
4356 0
4425 0
4447 0
4495 0
4569 0
4606 0
4642 0
4660 0
4715 0
4730 0
4787 0
4833 0
4869 0
4882 0
4911 0
