336 0
349 0
358 0
395 0
467 0
512 0
556 0
571 0
611 0
619 0
651 0
778 0
824 0
896 0
926 0
968 0
974 0
1034 0
1041 0
1069 0
1091 0
1300 0
1376 0
1405 0
1442 0
1482 0
1613 0
1687 0
1762 0
1778 0
1789 0
1854 0
1895 0
1951 0
1986 0
1995 0
2087 0
2105 0
2178 0
2200 0
2230 0
2289 0
2330 0
2358 0
2412 0
2434 0
2498 0
2504 0
2522 0
2689 0
2718 0
2733 0
2781 0
2813 0
2861 0
2879 0
2933 0
2980 0
3025 0
3027 0
3124 0
3143 0
3214 0
3245 0
3270 0
3327 0
3354 0
3426 0
3448 0
3455 0
3524 0
3613 0
3726 0
3789 0
3822 0
3846 0
3919 0
4123 0
4156 0
4180 0
4198 0
4234 0
4255 0
4294 0
4325 0
4387 0
4444 0
4565 0
4592 0
4618 0
4645 0
4663 0
4699 0
4757 0
4813 0
4857 0
4863 0
4887 0
