361 0
381 0
439 0
455 0
477 0
509 0
709 0
750 0
803 0
848 0
857 0
885 0
962 0
982 0
1002 0
1094 0
1124 0
1213 0
1233 0
1320 0
1340 0
1390 0
1414 0
1468 0
1508 0
1535 0
1554 0
1566 0
1646 0
1675 0
1698 0
1728 0
1760 0
1796 0
1804 0
1848 0
1886 0
1941 0
1963 0
2157 0
2167 0
2192 0
2206 0
2229 0
2283 0
2371 0
2403 0
2428 0
2442 0
2503 0
2540 0
2577 0
2637 0
2681 0
2713 0
2775 0
2801 0
2813 0
2853 0
2937 0
2978 0
3023 0
3041 0
3050 0
3076 0
3263 0
3272 0
3334 0
3376 0
3415 0
3420 0
3456 0
3489 0
3528 0
3551 0
3581 0
3641 0
3661 0
3686 0
3714 0
3750 0
3807 0
3826 0
3883 0
3899 0
3992 0
4005 0
4086 0
4119 0
4224 0
4245 0
4254 0
4334 0
4367 0
4378 0
4413 0
4459 0
4512 0
4723 0
4730 0
4772 0
4787 0
4834 0
4850 0
