326 0
371 0
475 0
504 0
534 0
573 0
604 0
687 0
716 0
752 0
796 0
815 0
829 0
841 0
934 0
960 0
984 0
987 0
1057 0
1185 0
1226 0
1289 0
1319 0
1350 0
1420 0
1509 0
1518 0
1566 0
1605 0
1701 0
1723 0
1769 0
1811 0
1829 0
1925 0
1969 0
1974 0
1996 0
2126 0
2179 0
2206 0
2252 0
2333 0
2360 0
2366 0
2454 0
2467 0
2487 0
2594 0
2629 0
2733 0
2751 0
2758 0
2844 0
2872 0
2874 0
2965 0
3025 0
3041 0
3079 0
3222 0
3231 0
3259 0
3291 0
3396 0
3402 0
3445 0
3488 0
3506 0
3611 0
3649 0
3698 0
3716 0
3798 0
3871 0
3898 0
3928 0
3984 0
4040 0
4154 0
4219 0
4246 0
4254 0
4300 0
4374 0
4396 0
4411 0
4422 0
4469 0
4499 0
4538 0
4620 0
4654 0
4686 0
4723 0
4752 0
4849 0
4891 0
