309 0
363 0
385 0
429 0
451 0
517 0
558 0
611 0
626 0
716 0
760 0
771 0
909 0
922 0
947 0
982 0
1000 0
1048 0
1121 0
1131 0
1145 0
1231 0
1323 0
1351 0
1364 0
1390 0
1409 0
1499 0
1537 0
1631 0
1641 0
1687 0
1761 0
1817 0
1847 0
1875 0
1911 0
1923 0
2020 0
2061 0
2086 0
2123 0
2143 0
2167 0
2272 0
2300 0
2369 0
2394 0
2409 0
2433 0
2464 0
2527 0
2543 0
2551 0
2660 0
2682 0
2691 0
2765 0
2780 0
2807 0
2836 0
2849 0
2919 0
2942 0
3059 0
3068 0
3100 0
3141 0
3149 0
3198 0
3289 0
3304 0
3336 0
3379 0
3409 0
3454 0
3530 0
3571 0
3603 0
3675 0
3714 0
3824 0
3828 0
3852 0
3871 0
3899 0
3982 0
4069 0
4092 0
4112 0
4174 0
4230 0
4237 0
4275 0
4289 0
4311 0
4451 0
4459 0
4501 0
4605 0
4618 0
4671 0
4700 0
4771 0
4787 0
4829 0
4848 0
4903 0
