333 0
407 0
480 0
515 0
535 0
559 0
570 0
643 0
688 0
698 0
736 0
754 0
793 0
809 0
819 0
887 0
919 0
946 0
995 0
1028 0
1064 0
1212 0
1302 0
1338 0
1374 0
1441 0
1638 0
1673 0
1765 0
1780 0
1804 0
1883 0
1891 0
1930 0
1953 0
1961 0
1982 0
2050 0
2078 0
2122 0
2209 0
2215 0
2228 0
2291 0
2345 0
2371 0
2395 0
2426 0
2442 0
2454 0
2478 0
2564 0
2589 0
2627 0
2654 0
2745 0
2760 0
2778 0
2799 0
2834 0
2844 0
2883 0
2940 0
2977 0
3006 0
3021 0
3107 0
3129 0
3166 0
3242 0
3248 0
3269 0
3292 0
3331 0
3346 0
3413 0
3442 0
3466 0
3543 0
3576 0
3776 0
3848 0
3892 0
3925 0
4008 0
4151 0
4193 0
4221 0
4276 0
4288 0
4325 0
4396 0
4407 0
4428 0
4459 0
4485 0
4507 0
4523 0
4584 0
4642 0
4669 0
4684 0
4700 0
4733 0
4824 0
4884 0
