387 0
392 0
458 0
467 0
508 0
524 0
554 0
630 0
716 0
741 0
762 0
827 0
842 0
856 0
906 0
967 0
1072 0
1101 0
1184 0
1295 0
1352 0
1373 0
1378 0
1396 0
1426 0
1469 0
1504 0
1529 0
1552 0
1566 0
1624 0
1669 0
1687 0
1731 0
1755 0
1791 0
1803 0
1914 0
2077 0
2109 0
2175 0
2182 0
2195 0
2254 0
2307 0
2373 0
2445 0
2497 0
2504 0
2551 0
2667 0
2717 0
2736 0
2777 0
2844 0
2921 0
2961 0
3014 0
3038 0
3050 0
3110 0
3136 0
3313 0
3412 0
3430 0
3460 0
3494 0
3521 0
3543 0
3588 0
3651 0
3658 0
3704 0
3716 0
3756 0
3792 0
3824 0
3830 0
3853 0
3871 0
3913 0
4033 0
4118 0
4147 0
4258 0
4313 0
4362 0
4376 0
4398 0
4457 0
4476 0
4489 0
4579 0
4673 0
4701 0
4715 0
4747 0
4767 0
4824 0
4838 0
