319 0
337 0
348 0
390 0
393 0
419 0
440 0
464 0
488 0
610 0
623 0
668 0
709 0
774 0
832 0
847 0
928 0
941 0
977 0
1075 0
1093 0
1107 0
1178 0
1199 0
1236 0
1328 0
1359 0
1524 0
1562 0
1589 0
1672 0
1720 0
1763 0
1845 0
1891 0
1915 0
2019 0
2083 0
2147 0
2163 0
2212 0
2242 0
2251 0
2331 0
2376 0
2394 0
2415 0
2437 0
2458 0
2477 0
2507 0
2555 0
2654 0
2716 0
2743 0
2763 0
2787 0
2792 0
2825 0
2846 0
2874 0
2962 0
2978 0
3008 0
3050 0
3066 0
3139 0
3202 0
3313 0
3326 0
3369 0
3460 0
3492 0
3537 0
3636 0
3666 0
3701 0
3864 0
3877 0
3982 0
4028 0
4044 0
4113 0
4119 0
4146 0
4234 0
4276 0
4287 0
4370 0
4392 0
4447 0
4512 0
4555 0
4603 0
4615 0
4732 0
4750 0
4788 0
4803 0
4824 0
4836 0
4863 0
4884 0
4910 0
