321 0
339 0
383 0
402 0
499 0
520 0
531 0
575 0
625 0
639 0
657 0
703 0
721 0
760 0
801 0
893 0
905 0
936 0
1045 0
1081 0
1150 0
1212 0
1305 0
1364 0
1427 0
1500 0
1577 0
1651 0
1686 0
1771 0
1801 0
1842 0
1865 0
1892 0
1908 0
1932 0
1956 0
2019 0
2068 0
2162 0
2192 0
2218 0
2271 0
2301 0
2331 0
2358 0
2389 0
2407 0
2435 0
2456 0
2483 0
2599 0
2629 0
2735 0
2760 0
2785 0
2817 0
2830 0
2858 0
2878 0
2915 0
2944 0
2996 0
3031 0
3052 0
3155 0
3202 0
3252 0
3289 0
3307 0
3325 0
3351 0
3382 0
3432 0
3446 0
3528 0
3565 0
3648 0
3717 0
3797 0
3855 0
3922 0
4011 0
4067 0
4132 0
4170 0
4278 0
4310 0
4321 0
4416 0
4465 0
4490 0
4510 0
4562 0
4580 0
4591 0
4657 0
4677 0
4706 0
4716 0
4815 0
4829 0
4887 0
4908 0
