329 0
342 0
372 0
383 0
407 0
420 0
438 0
484 0
497 0
609 0
634 0
678 0
737 0
774 0
885 0
925 0
973 0
1000 0
1101 0
1184 0
1203 0
1211 0
1302 0
1375 0
1400 0
1420 0
1478 0
1483 0
1521 0
1541 0
1554 0
1621 0
1642 0
1758 0
1778 0
1837 0
1920 0
1940 0
1975 0
2045 0
2058 0
2088 0
2124 0
2140 0
2163 0
2213 0
2271 0
2306 0
2341 0
2424 0
2456 0
2472 0
2500 0
2709 0
2740 0
2763 0
2793 0
2880 0
2913 0
2957 0
2994 0
3044 0
3088 0
3106 0
3133 0
3155 0
3165 0
3240 0
3265 0
3309 0
3370 0
3449 0
3463 0
3578 0
3594 0
3657 0
3678 0
3690 0
3734 0
3744 0
3807 0
3820 0
3855 0
3920 0
4002 0
4015 0
4031 0
4115 0
4220 0
4240 0
4299 0
4324 0
4440 0
4482 0
4540 0
4587 0
4620 0
4719 0
4740 0
4788 0
4803 0
4826 0
4831 0
4857 0
4863 0
4884 0
