349 0
360 0
375 0
483 0
505 0
575 0
597 0
628 0
647 0
705 0
752 0
857 0
967 0
1029 0
1082 0
1104 0
1142 0
1177 0
1205 0
1218 0
1299 0
1311 0
1359 0
1361 0
1386 0
1402 0
1424 0
1620 0
1640 0
1677 0
1695 0
1716 0
1764 0
1775 0
1814 0
1930 0
1970 0
1978 0
2088 0
2114 0
2141 0
2151 0
2214 0
2229 0
2305 0
2350 0
2389 0
2426 0
2453 0
2519 0
2563 0
2660 0
2695 0
2755 0
2801 0
2824 0
2866 0
2908 0
2985 0
2997 0
3062 0
3091 0
3100 0
3137 0
3240 0
3262 0
3282 0
3405 0
3440 0
3467 0
3511 0
3525 0
3543 0
3573 0
3601 0
3792 0
3813 0
3831 0
3856 0
3863 0
3904 0
3913 0
4010 0
4019 0
4031 0
4070 0
4124 0
4133 0
4188 0
4259 0
4367 0
4457 0
4521 0
4562 0
4598 0
4612 0
4657 0
4722 0
4741 0
4842 0
4855 0
4866 0
