317 0
401 0
448 0
560 0
576 0
607 0
656 0
729 0
790 0
840 0
853 0
991 0
1016 0
1022 0
1057 0
1082 0
1089 0
1147 0
1213 0
1252 0
1274 0
1339 0
1404 0
1425 0
1568 0
1624 0
1648 0
1730 0
1792 0
1845 0
1907 0
1950 0
1976 0
2048 0
2085 0
2096 0
2126 0
2162 0
2180 0
2251 0
2277 0
2287 0
2335 0
2367 0
2411 0
2439 0
2455 0
2500 0
2518 0
2553 0
2579 0
2642 0
2653 0
2695 0
2716 0
2765 0
2783 0
2819 0
2841 0
2889 0
2935 0
2953 0
2966 0
3032 0
3053 0
3092 0
3116 0
3137 0
3166 0
3232 0
3268 0
3314 0
3371 0
3424 0
3498 0
3573 0
3602 0
3642 0
3795 0
3821 0
3890 0
3953 0
3962 0
4010 0
4064 0
4116 0
4141 0
4160 0
4191 0
4202 0
4231 0
4368 0
4381 0
4425 0
4502 0
4565 0
4609 0
4651 0
4672 0
4764 0
4817 0
4897 0
