382 0
402 0
415 0
546 0
604 0
623 0
641 0
686 0
702 0
727 0
750 0
800 0
864 0
938 0
998 0
1017 0
1097 0
1111 0
1130 0
1194 0
1222 0
1244 0
1325 0
1370 0
1382 0
1401 0
1491 0
1509 0
1545 0
1550 0
1607 0
1631 0
1765 0
1784 0
1792 0
1812 0
1832 0
1998 0
2010 0
2058 0
2080 0
2135 0
2191 0
2231 0
2277 0
2371 0
2384 0
2496 0
2512 0
2561 0
2586 0
2631 0
2661 0
2708 0
2728 0
2833 0
2843 0
2945 0
2977 0
3038 0
3093 0
3141 0
3148 0
3208 0
3215 0
3390 0
3416 0
3426 0
3439 0
3461 0
3597 0
3619 0
3664 0
3673 0
3720 0
3729 0
3810 0
3834 0
3843 0
3898 0
3964 0
4003 0
4027 0
4088 0
4108 0
4129 0
4212 0
4217 0
4281 0
4359 0
4415 0
4458 0
4493 0
4514 0
4537 0
4575 0
4606 0
4620 0
4663 0
4800 0
4821 0
4836 0
