387 0
416 0
474 0
490 0
495 0
534 0
608 0
632 0
657 0
678 0
703 0
794 0
801 0
820 0
916 0
974 0
1135 0
1189 0
1194 0
1215 0
1293 0
1314 0
1339 0
1352 0
1409 0
1414 0
1469 0
1490 0
1536 0
1595 0
1600 0
1623 0
1681 0
1729 0
1856 0
1903 0
1960 0
2045 0
2065 0
2149 0
2199 0
2237 0
2247 0
2282 0
2364 0
2416 0
2461 0
2523 0
2561 0
2576 0
2592 0
2624 0
2645 0
2663 0
2687 0
2768 0
2795 0
2841 0
2929 0
2966 0
2978 0
3022 0
3070 0
3159 0
3168 0
3259 0
3325 0
3354 0
3486 0
3540 0
3598 0
3611 0
3627 0
3681 0
3735 0
3743 0
3798 0
3823 0
3862 0
3892 0
3904 0
3923 0
4004 0
4013 0
4033 0
4092 0
4243 0
4306 0
4400 0
4409 0
4429 0
4508 0
4550 0
4564 0
4585 0
4620 0
4685 0
4717 0
4739 0
4744 0
4810 0
4843 0
