351 0
390 0
400 0
420 0
443 0
462 0
535 0
618 0
641 0
647 0
763 0
770 0
793 0
863 0
906 0
950 0
1028 0
1210 0
1265 0
1297 0
1345 0
1372 0
1408 0
1474 0
1520 0
1536 0
1597 0
1625 0
1663 0
1692 0
1702 0
1725 0
1790 0
1829 0
1913 0
1933 0
1959 0
2004 0
2084 0
2107 0
2122 0
2127 0
2171 0
2201 0
2214 0
2296 0
2442 0
2449 0
2489 0
2600 0
2634 0
2735 0
2763 0
2772 0
2913 0
3006 0
3013 0
3058 0
3090 0
3099 0
3114 0
3144 0
3228 0
3257 0
3289 0
3314 0
3389 0
3422 0
3498 0
3514 0
3527 0
3554 0
3597 0
3637 0
3675 0
3695 0
3744 0
3810 0
3849 0
3865 0
3923 0
3960 0
3996 0
4186 0
4281 0
4317 0
4363 0
4423 0
4450 0
4459 0
4564 0
4580 0
4602 0
4682 0
4744 0
4770 0
4800 0
4822 0
4843 0
4875 0
