311 0
390 0
432 0
452 0
460 0
541 0
576 0
664 0
684 0
727 0
736 0
808 0
933 0
949 0
964 0
1008 0
1095 0
1133 0
1141 0
1182 0
1208 0
1269 0
1289 0
1410 0
1432 0
1478 0
1554 0
1602 0
1647 0
1657 0
1694 0
1706 0
1859 0
1909 0
1951 0
1970 0
1997 0
2064 0
2119 0
2174 0
2190 0
2263 0
2287 0
2351 0
2393 0
2422 0
2464 0
2508 0
2522 0
2554 0
2577 0
2650 0
2665 0
2696 0
2717 0
2763 0
2799 0
2838 0
2863 0
2938 0
2951 0
3032 0
3056 0
3097 0
3146 0
3221 0
3252 0
3273 0
3300 0
3363 0
3511 0
3531 0
3558 0
3583 0
3615 0
3657 0
3746 0
3777 0
3824 0
3938 0
3949 0
4001 0
4036 0
4064 0
4082 0
4124 0
4215 0
4259 0
4280 0
4287 0
4418 0
4480 0
4491 0
4536 0
4540 0
4654 0
4680 0
4747 0
4763 0
4785 0
4830 0
4905 0
