333 0
359 0
389 0
432 0
465 0
489 0
521 0
531 0
636 0
658 0
669 0
696 0
710 0
723 0
756 0
775 0
836 0
1032 0
1090 0
1128 0
1155 0
1253 0
1313 0
1358 0
1384 0
1412 0
1474 0
1493 0
1521 0
1566 0
1636 0
1775 0
1787 0
1808 0
1846 0
1967 0
1983 0
2134 0
2192 0
2205 0
2238 0
2285 0
2334 0
2378 0
2391 0
2467 0
2492 0
2558 0
2581 0
2588 0
2634 0
2648 0
2663 0
2728 0
2741 0
2831 0
2841 0
2880 0
2925 0
2982 0
3014 0
3028 0
3093 0
3236 0
3261 0
3371 0
3410 0
3433 0
3445 0
3571 0
3645 0
3693 0
3736 0
3743 0
3803 0
3832 0
3867 0
3908 0
3975 0
4067 0
4082 0
4130 0
4193 0
4384 0
4442 0
4461 0
4497 0
4516 0
4530 0
4549 0
4559 0
4574 0
4678 0
4702 0
4732 0
4752 0
4790 0
4840 0
4861 0
4884 0
