331 0
346 0
395 0
466 0
503 0
522 0
541 0
614 0
633 0
662 0
687 0
706 0
756 0
768 0
889 0
908 0
955 0
1031 0
1092 0
1154 0
1239 0
1257 0
1281 0
1293 0
1356 0
1388 0
1433 0
1495 0
1506 0
1578 0
1588 0
1634 0
1755 0
1820 0
1910 0
1970 0
2046 0
2088 0
2104 0
2127 0
2169 0
2264 0
2290 0
2311 0
2409 0
2447 0
2503 0
2540 0
2580 0
2640 0
2676 0
2713 0
2773 0
2813 0
2916 0
2938 0
2953 0
3053 0
3082 0
3113 0
3132 0
3173 0
3253 0
3311 0
3397 0
3460 0
3586 0
3627 0
3650 0
3711 0
3738 0
3785 0
3829 0
3872 0
3922 0
3930 0
3976 0
3992 0
4071 0
4128 0
4186 0
4263 0
4306 0
4330 0
4451 0
4462 0
4510 0
4533 0
4565 0
4575 0
4591 0
4680 0
4701 0
4716 0
4746 0
4819 0
4873 0
4883 0
