350 0
362 0
383 0
433 0
454 0
560 0
576 0
596 0
626 0
659 0
746 0
773 0
798 0
835 0
856 0
909 0
963 0
984 0
1022 0
1047 0
1101 0
1197 0
1278 0
1310 0
1331 0
1385 0
1398 0
1464 0
1491 0
1499 0
1556 0
1612 0
1662 0
1673 0
1767 0
1777 0
1792 0
1803 0
1850 0
1912 0
1984 0
1994 0
2051 0
2105 0
2137 0
2179 0
2236 0
2271 0
2415 0
2437 0
2486 0
2598 0
2631 0
2731 0
2785 0
2791 0
2955 0
2987 0
3033 0
3078 0
3120 0
3175 0
3219 0
3238 0
3312 0
3375 0
3416 0
3428 0
3438 0
3452 0
3543 0
3554 0
3619 0
3671 0
3720 0
3726 0
3752 0
3824 0
3834 0
3881 0
3905 0
3940 0
4020 0
4118 0
4173 0
4183 0
4243 0
4255 0
4315 0
4364 0
4371 0
4427 0
4441 0
4480 0
4557 0
4603 0
4617 0
4651 0
4663 0
4773 0
4784 0
4830 0
4856 0
4877 0
