313 0
384 0
417 0
505 0
514 0
533 0
549 0
617 0
667 0
682 0
713 0
737 0
825 0
999 0
1051 0
1150 0
1225 0
1264 0
1297 0
1313 0
1345 0
1368 0
1414 0
1524 0
1545 0
1556 0
1652 0
1678 0
1697 0
1708 0
1777 0
1814 0
1835 0
1901 0
1975 0
2048 0
2121 0
2202 0
2226 0
2245 0
2263 0
2300 0
2334 0
2376 0
2383 0
2418 0
2467 0
2505 0
2526 0
2549 0
2557 0
2578 0
2638 0
2654 0
2676 0
2695 0
2708 0
2751 0
2799 0
2828 0
2854 0
2885 0
2908 0
2950 0
2974 0
2995 0
3021 0
3108 0
3172 0
3234 0
3328 0
3389 0
3409 0
3435 0
3515 0
3530 0
3542 0
3561 0
3667 0
3674 0
3694 0
3798 0
3847 0
3871 0
3904 0
3911 0
3952 0
3981 0
4066 0
4172 0
4218 0
4398 0
4481 0
4511 0
4527 0
4548 0
4594 0
4662 0
4676 0
4702 0
4723 0
4797 0
4841 0
4903 0
