336 0
371 0
379 0
428 0
444 0
460 0
533 0
573 0
618 0
708 0
763 0
773 0
825 0
843 0
866 0
944 0
987 0
1057 0
1085 0
1127 0
1146 0
1178 0
1205 0
1210 0
1236 0
1313 0
1408 0
1531 0
1578 0
1592 0
1638 0
1658 0
1676 0
1703 0
1862 0
1886 0
1902 0
1922 0
2008 0
2050 0
2083 0
2107 0
2130 0
2174 0
2201 0
2230 0
2285 0
2354 0
2364 0
2409 0
2496 0
2542 0
2670 0
2722 0
2809 0
2849 0
2872 0
2929 0
2982 0
3025 0
3057 0
3079 0
3122 0
3136 0
3168 0
3199 0
3295 0
3320 0
3333 0
3360 0
3518 0
3547 0
3556 0
3574 0
3630 0
3648 0
3680 0
3812 0
3907 0
3984 0
3997 0
4021 0
4030 0
4071 0
4082 0
4135 0
4151 0
4225 0
4272 0
4364 0
4372 0
4391 0
4438 0
4469 0
4507 0
4594 0
4650 0
4691 0
4748 0
4773 0
4787 0
4835 0
4859 0
4887 0
