322 0
350 0
370 0
463 0
488 0
541 0
549 0
603 0
621 0
686 0
806 0
849 0
932 0
959 0
1059 0
1082 0
1096 0
1126 0
1202 0
1226 0
1262 0
1306 0
1317 0
1346 0
1376 0
1387 0
1434 0
1473 0
1529 0
1555 0
1571 0
1613 0
1652 0
1667 0
1721 0
1766 0
1872 0
1898 0
1958 0
2097 0
2190 0
2209 0
2217 0
2235 0
2249 0
2271 0
2304 0
2403 0
2442 0
2503 0
2528 0
2696 0
2705 0
2774 0
2806 0
2920 0
2947 0
2961 0
2989 0
3003 0
3017 0
3035 0
3126 0
3254 0
3321 0
3345 0
3453 0
3487 0
3546 0
3568 0
3616 0
3649 0
3663 0
3703 0
3741 0
3778 0
3836 0
3844 0
3875 0
3901 0
3917 0
3954 0
3990 0
4018 0
4096 0
4126 0
4140 0
4163 0
4255 0
4287 0
4371 0
4404 0
4531 0
4597 0
4622 0
4661 0
4688 0
4733 0
4753 0
4849 0
4864 0
4901 0
