413 0
434 0
443 0
479 0
533 0
558 0
596 0
626 0
641 0
683 0
722 0
740 0
763 0
894 0
971 0
987 0
1067 0
1131 0
1154 0
1184 0
1233 0
1305 0
1334 0
1357 0
1511 0
1566 0
1652 0
1723 0
1765 0
1769 0
1793 0
1944 0
1964 0
1987 0
2009 0
2068 0
2080 0
2117 0
2157 0
2207 0
2217 0
2239 0
2257 0
2280 0
2332 0
2396 0
2419 0
2435 0
2460 0
2564 0
2656 0
2757 0
2777 0
2789 0
2833 0
2889 0
2927 0
2963 0
2989 0
3000 0
3020 0
3076 0
3098 0
3129 0
3151 0
3204 0
3240 0
3258 0
3265 0
3429 0
3439 0
3453 0
3491 0
3565 0
3649 0
3709 0
3871 0
3889 0
3921 0
3980 0
4030 0
4065 0
4090 0
4155 0
4219 0
4248 0
4327 0
4460 0
4481 0
4492 0
4538 0
4586 0
4605 0
4614 0
4671 0
4686 0
4742 0
4761 0
4785 0
4806 0
