332 0
345 0
377 0
422 0
503 0
573 0
627 0
643 0
657 0
703 0
734 0
894 0
921 0
987 0
1032 0
1058 0
1084 0
1102 0
1211 0
1251 0
1263 0
1291 0
1303 0
1311 0
1334 0
1390 0
1434 0
1465 0
1490 0
1593 0
1634 0
1713 0
1727 0
1781 0
1824 0
1861 0
1872 0
1924 0
1970 0
2000 0
2076 0
2096 0
2131 0
2152 0
2163 0
2190 0
2247 0
2303 0
2356 0
2394 0
2473 0
2497 0
2521 0
2702 0
2722 0
2738 0
2832 0
2870 0
2914 0
2968 0
3032 0
3059 0
3061 0
3091 0
3122 0
3140 0
3227 0
3263 0
3296 0
3336 0
3352 0
3389 0
3439 0
3486 0
3506 0
3584 0
3628 0
3729 0
3755 0
3782 0
3832 0
3880 0
3898 0
3921 0
3936 0
3950 0
3964 0
3997 0
4118 0
4133 0
4160 0
4198 0
4230 0
4297 0
4329 0
4486 0
4507 0
4557 0
4589 0
4597 0
4646 0
4720 0
4807 0
4840 0
4868 0
4889 0
