344 0
439 0
494 0
518 0
540 0
639 0
649 0
671 0
794 0
825 0
844 0
895 0
933 0
970 0
999 0
1046 0
1087 0
1134 0
1220 0
1277 0
1303 0
1314 0
1329 0
1378 0
1417 0
1438 0
1537 0
1567 0
1694 0
1732 0
1844 0
1872 0
1890 0
1905 0
1971 0
2063 0
2081 0
2107 0
2117 0
2171 0
2184 0
2296 0
2374 0
2394 0
2430 0
2432 0
2454 0
2475 0
2525 0
2596 0
2621 0
2687 0
2742 0
2761 0
2781 0
2803 0
2831 0
2853 0
2919 0
3029 0
3047 0
3108 0
3121 0
3143 0
3153 0
3262 0
3312 0
3323 0
3348 0
3371 0
3495 0
3520 0
3651 0
3674 0
3790 0
3800 0
3826 0
3880 0
3908 0
3923 0
3933 0
3998 0
4092 0
4134 0
4172 0
4220 0
4235 0
4294 0
4326 0
4379 0
4400 0
4436 0
4546 0
4567 0
4585 0
4678 0
4694 0
4721 0
4786 0
4866 0
