351 0
371 0
447 0
471 0
512 0
577 0
608 0
645 0
667 0
823 0
834 0
859 0
885 0
905 0
1091 0
1127 0
1179 0
1219 0
1233 0
1274 0
1282 0
1361 0
1407 0
1543 0
1572 0
1592 0
1612 0
1638 0
1716 0
1719 0
1814 0
1845 0
1871 0
1917 0
1943 0
1993 0
2082 0
2092 0
2123 0
2156 0
2171 0
2221 0
2266 0
2291 0
2298 0
2355 0
2402 0
2433 0
2480 0
2500 0
2556 0
2667 0
2710 0
2739 0
2772 0
2813 0
2866 0
2910 0
2938 0
2942 0
2998 0
3054 0
3070 0
3103 0
3127 0
3130 0
3218 0
3280 0
3299 0
3344 0
3368 0
3406 0
3495 0
3515 0
3581 0
3613 0
3625 0
3654 0
3687 0
3813 0
3844 0
3933 0
3953 0
3986 0
3999 0
4044 0
4088 0
4129 0
4310 0
4330 0
4364 0
4376 0
4396 0
4550 0
4576 0
4613 0
4652 0
4695 0
4758 0
4766 0
4850 0
4863 0
