313 0
388 0
452 0
501 0
538 0
574 0
608 0
664 0
726 0
781 0
814 0
820 0
896 0
916 0
919 0
943 0
1141 0
1195 0
1210 0
1245 0
1266 0
1281 0
1384 0
1420 0
1471 0
1490 0
1537 0
1606 0
1646 0
1701 0
1754 0
1784 0
1795 0
1840 0
1865 0
1872 0
1902 0
1922 0
1966 0
1985 0
2071 0
2079 0
2121 0
2237 0
2310 0
2330 0
2354 0
2365 0
2424 0
2447 0
2495 0
2523 0
2701 0
2734 0
2782 0
2798 0
2851 0
2869 0
2874 0
2912 0
2985 0
3100 0
3143 0
3159 0
3236 0
3251 0
3294 0
3316 0
3346 0
3358 0
3369 0
3427 0
3441 0
3459 0
3512 0
3573 0
3613 0
3674 0
3729 0
3751 0
3792 0
3830 0
3930 0
3950 0
3972 0
4003 0
4022 0
4069 0
4281 0
4287 0
4312 0
4330 0
4390 0
4412 0
4453 0
4500 0
4552 0
4614 0
4651 0
4689 0
4721 0
4768 0
4829 0
4900 0
