318 0
405 0
411 0
427 0
458 0
536 0
550 0
644 0
655 0
670 0
732 0
813 0
863 0
892 0
958 0
1016 0
1040 0
1069 0
1116 0
1138 0
1177 0
1217 0
1287 0
1366 0
1412 0
1433 0
1489 0
1517 0
1573 0
1637 0
1651 0
1703 0
1724 0
1816 0
1829 0
1843 0
1875 0
1980 0
2002 0
2015 0
2066 0
2173 0
2239 0
2250 0
2277 0
2365 0
2387 0
2426 0
2491 0
2532 0
2577 0
2588 0
2631 0
2639 0
2689 0
2727 0
2804 0
2833 0
2849 0
2942 0
2966 0
2986 0
3058 0
3159 0
3203 0
3218 0
3236 0
3341 0
3377 0
3397 0
3408 0
3495 0
3513 0
3558 0
3576 0
3651 0
3696 0
3735 0
3789 0
3804 0
3856 0
3937 0
3998 0
4040 0
4088 0
4101 0
4153 0
4175 0
4201 0
4261 0
4332 0
4361 0
4413 0
4487 0
4547 0
4557 0
4585 0
4660 0
4680 0
4767 0
4780 0
4810 0
4824 0
4904 0
