320 0
377 0
413 0
521 0
535 0
599 0
640 0
652 0
676 0
709 0
747 0
916 0
934 0
945 0
1017 0
1060 0
1112 0
1186 0
1210 0
1290 0
1299 0
1327 0
1348 0
1465 0
1498 0
1528 0
1537 0
1586 0
1631 0
1650 0
1674 0
1757 0
1780 0
1790 0
1846 0
1867 0
1886 0
1942 0
1996 0
2095 0
2138 0
2150 0
2273 0
2304 0
2336 0
2373 0
2440 0
2471 0
2507 0
2564 0
2583 0
2640 0
2661 0
2717 0
2750 0
2774 0
2845 0
2877 0
2915 0
2955 0
3070 0
3081 0
3123 0
3217 0
3273 0
3337 0
3363 0
3367 0
3433 0
3447 0
3466 0
3543 0
3555 0
3598 0
3633 0
3678 0
3703 0
3716 0
3748 0
3862 0
3883 0
3918 0
3942 0
4000 0
4041 0
4104 0
4156 0
4202 0
4271 0
4293 0
4316 0
4486 0
4510 0
4549 0
4562 0
4574 0
4623 0
4683 0
4708 0
4803 0
4841 0
4910 0
