430 0
504 0
531 0
640 0
666 0
704 0
724 0
740 0
750 0
771 0
800 0
862 0
933 0
949 0
980 0
995 0
1090 0
1110 0
1125 0
1199 0
1264 0
1276 0
1300 0
1373 0
1422 0
1444 0
1519 0
1539 0
1551 0
1579 0
1625 0
1639 0
1671 0
1696 0
1780 0
1794 0
1858 0
1881 0
1919 0
1941 0
2065 0
2094 0
2126 0
2180 0
2206 0
2219 0
2268 0
2339 0
2347 0
2461 0
2488 0
2547 0
2552 0
2593 0
2631 0
2668 0
2670 0
2734 0
2757 0
2868 0
2875 0
2947 0
3002 0
3011 0
3038 0
3091 0
3118 0
3146 0
3265 0
3301 0
3344 0
3354 0
3426 0
3438 0
3521 0
3548 0
3586 0
3595 0
3645 0
3668 0
3673 0
3704 0
3777 0
3806 0
3844 0
3923 0
3928 0
3955 0
4026 0
4084 0
4110 0
4123 0
4230 0
4245 0
4275 0
4294 0
4357 0
4414 0
4446 0
4458 0
4485 0
4494 0
4513 0
4549 0
4585 0
4687 0
4719 0
4782 0
