316 0
406 0
410 0
436 0
502 0
533 0
545 0
620 0
670 0
703 0
732 0
753 0
827 0
837 0
934 0
938 0
1008 0
1129 0
1177 0
1274 0
1316 0
1336 0
1345 0
1392 0
1468 0
1507 0
1529 0
1596 0
1606 0
1684 0
1756 0
1814 0
1822 0
1893 0
1932 0
1948 0
2041 0
2219 0
2276 0
2299 0
2359 0
2367 0
2420 0
2443 0
2462 0
2483 0
2531 0
2569 0
2589 0
2627 0
2637 0
2694 0
2730 0
2765 0
2786 0
2794 0
2846 0
2870 0
2919 0
2954 0
2995 0
3168 0
3280 0
3294 0
3327 0
3387 0
3401 0
3454 0
3520 0
3610 0
3626 0
3702 0
3714 0
3750 0
3838 0
3871 0
3890 0
3897 0
3952 0
4036 0
4091 0
4215 0
4275 0
4298 0
4375 0
4393 0
4467 0
4479 0
4517 0
4550 0
4606 0
4663 0
4683 0
4724 0
4787 0
4801 0
4815 0
4907 0
