312 0
328 0
390 0
395 0
444 0
504 0
542 0
597 0
653 0
672 0
707 0
780 0
822 0
864 0
904 0
945 0
970 0
988 0
1025 0
1053 0
1066 0
1211 0
1329 0
1393 0
1419 0
1540 0
1562 0
1582 0
1706 0
1755 0
1791 0
1804 0
1861 0
1877 0
1898 0
1919 0
1922 0
2002 0
2015 0
2056 0
2071 0
2199 0
2214 0
2296 0
2347 0
2445 0
2454 0
2477 0
2502 0
2523 0
2543 0
2685 0
2687 0
2715 0
2739 0
2768 0
2779 0
2861 0
2916 0
3002 0
3013 0
3152 0
3177 0
3207 0
3226 0
3286 0
3301 0
3331 0
3347 0
3353 0
3414 0
3418 0
3453 0
3510 0
3630 0
3668 0
3684 0
3793 0
3838 0
3892 0
4003 0
4154 0
4176 0
4192 0
4228 0
4242 0
4269 0
4315 0
4364 0
4397 0
4451 0
4510 0
4549 0
4565 0
4623 0
4680 0
4721 0
4769 0
4825 0
4843 0
4883 0
4907 0
