317 0
437 0
464 0
489 0
607 0
620 0
638 0
651 0
694 0
713 0
835 0
953 0
994 0
1034 0
1114 0
1132 0
1205 0
1251 0
1269 0
1282 0
1349 0
1393 0
1415 0
1440 0
1483 0
1512 0
1522 0
1532 0
1629 0
1633 0
1660 0
1674 0
1759 0
1814 0
1830 0
1851 0
1873 0
1947 0
1961 0
2022 0
2067 0
2126 0
2156 0
2239 0
2249 0
2272 0
2360 0
2440 0
2468 0
2497 0
2545 0
2685 0
2730 0
2748 0
2775 0
2869 0
2947 0
2971 0
2987 0
3069 0
3091 0
3161 0
3206 0
3261 0
3277 0
3340 0
3371 0
3398 0
3402 0
3455 0
3539 0
3561 0
3572 0
3593 0
3688 0
3699 0
3707 0
3735 0
3790 0
3804 0
3833 0
3863 0
3929 0
3953 0
3975 0
4023 0
4082 0
4111 0
4188 0
4224 0
4254 0
4370 0
4508 0
4533 0
4569 0
4583 0
4598 0
4609 0
4734 0
4745 0
4793 0
4910 0
