368 0
443 0
491 0
569 0
655 0
678 0
681 0
724 0
805 0
863 0
886 0
983 0
1011 0
1031 0
1047 0
1058 0
1140 0
1205 0
1303 0
1339 0
1348 0
1386 0
1406 0
1415 0
1430 0
1490 0
1504 0
1583 0
1602 0
1650 0
1790 0
1832 0
1903 0
1912 0
1930 0
1965 0
2064 0
2090 0
2122 0
2186 0
2205 0
2229 0
2293 0
2333 0
2386 0
2398 0
2424 0
2502 0
2535 0
2671 0
2716 0
2804 0
2816 0
2834 0
2878 0
2936 0
2980 0
3011 0
3035 0
3109 0
3135 0
3153 0
3255 0
3292 0
3301 0
3327 0
3390 0
3419 0
3557 0
3610 0
3634 0
3722 0
3724 0
3783 0
3792 0
3810 0
3837 0
3874 0
3882 0
3913 0
4028 0
4068 0
4160 0
4166 0
4186 0
4214 0
4246 0
4328 0
4367 0
4419 0
4500 0
4523 0
4547 0
4561 0
4651 0
4731 0
4776 0
4852 0
