474 0
495 0
530 0
567 0
628 0
640 0
648 0
684 0
702 0
814 0
864 0
892 0
944 0
964 0
988 0
1042 0
1060 0
1115 0
1126 0
1150 0
1289 0
1305 0
1320 0
1379 0
1402 0
1423 0
1464 0
1510 0
1575 0
1593 0
1614 0
1624 0
1652 0
1674 0
1687 0
1724 0
1781 0
1850 0
1871 0
1950 0
2016 0
2063 0
2140 0
2150 0
2163 0
2237 0
2258 0
2339 0
2368 0
2413 0
2444 0
2523 0
2599 0
2629 0
2699 0
2779 0
2806 0
2853 0
2878 0
2963 0
2979 0
3045 0
3076 0
3080 0
3155 0
3203 0
3275 0
3346 0
3376 0
3437 0
3497 0
3532 0
3537 0
3568 0
3590 0
3618 0
3628 0
3649 0
3712 0
3742 0
3795 0
3810 0
3839 0
3898 0
3920 0
3930 0
4068 0
4088 0
4104 0
4159 0
4181 0
4228 0
4265 0
4271 0
4319 0
4355 0
4416 0
4512 0
4526 0
4561 0
4585 0
4604 0
4657 0
4687 0
4710 0
4747 0
