308 0
385 0
418 0
434 0
473 0
481 0
494 0
565 0
653 0
671 0
759 0
794 0
919 0
946 0
968 0
981 0
1006 0
1062 0
1075 0
1101 0
1112 0
1272 0
1276 0
1296 0
1336 0
1350 0
1363 0
1400 0
1439 0
1517 0
1533 0
1685 0
1706 0
1732 0
1762 0
1771 0
1834 0
1883 0
1986 0
1993 0
2014 0
2087 0
2100 0
2114 0
2311 0
2343 0
2365 0
2386 0
2404 0
2418 0
2473 0
2485 0
2531 0
2551 0
2580 0
2651 0
2657 0
2690 0
2728 0
2748 0
2802 0
2814 0
2828 0
2852 0
2875 0
2908 0
3107 0
3115 0
3139 0
3208 0
3224 0
3237 0
3338 0
3393 0
3443 0
3454 0
3489 0
3511 0
3533 0
3683 0
3701 0
3781 0
3811 0
3852 0
3864 0
3882 0
3921 0
3940 0
3959 0
4101 0
4128 0
4132 0
4163 0
4202 0
4239 0
4252 0
4283 0
4294 0
4429 0
4458 0
4544 0
4558 0
4650 0
4721 0
4729 0
4745 0
4787 0
4795 0
4835 0
4902 0
