349 0
423 0
430 0
452 0
478 0
509 0
611 0
619 0
674 0
701 0
726 0
847 0
902 0
922 0
943 0
979 0
1002 0
1023 0
1066 0
1077 0
1195 0
1267 0
1293 0
1385 0
1519 0
1534 0
1569 0
1641 0
1650 0
1698 0
1733 0
1817 0
1856 0
1901 0
1945 0
1961 0
1973 0
2101 0
2153 0
2174 0
2223 0
2270 0
2290 0
2350 0
2379 0
2428 0
2457 0
2514 0
2560 0
2586 0
2619 0
2666 0
2719 0
2759 0
2798 0
2845 0
2864 0
2939 0
2949 0
2996 0
3050 0
3073 0
3127 0
3240 0
3254 0
3272 0
3321 0
3353 0
3405 0
3496 0
3522 0
3562 0
3575 0
3646 0
3684 0
3702 0
3836 0
3916 0
3958 0
4027 0
4132 0
4161 0
4198 0
4219 0
4240 0
4279 0
4295 0
4303 0
4372 0
4504 0
4506 0
4549 0
4596 0
4621 0
4723 0
4732 0
4762 0
4785 0
4809 0
4878 0
