336 0
347 0
360 0
414 0
490 0
520 0
599 0
708 0
722 0
768 0
817 0
903 0
946 0
957 0
995 0
1019 0
1069 0
1096 0
1111 0
1126 0
1198 0
1240 0
1320 0
1349 0
1392 0
1399 0
1568 0
1611 0
1617 0
1641 0
1729 0
1841 0
1866 0
1871 0
1903 0
1975 0
2056 0
2072 0
2103 0
2144 0
2179 0
2279 0
2360 0
2387 0
2409 0
2458 0
2504 0
2554 0
2599 0
2628 0
2666 0
2719 0
2766 0
2807 0
2825 0
2864 0
2930 0
3030 0
3063 0
3120 0
3160 0
3172 0
3231 0
3320 0
3346 0
3355 0
3374 0
3496 0
3582 0
3588 0
3607 0
3653 0
3824 0
3826 0
3874 0
3907 0
3982 0
4025 0
4091 0
4102 0
4129 0
4149 0
4208 0
4229 0
4257 0
4279 0
4317 0
4392 0
4446 0
4503 0
4521 0
4618 0
4701 0
4728 0
4798 0
4846 0
4877 0
4882 0
