333 0
386 0
406 0
428 0
477 0
516 0
601 0
617 0
677 0
713 0
809 0
829 0
842 0
853 0
915 0
927 0
938 0
982 0
994 0
1089 0
1223 0
1225 0
1267 0
1285 0
1297 0
1349 0
1363 0
1392 0
1401 0
1423 0
1442 0
1463 0
1483 0
1559 0
1590 0
1634 0
1781 0
1787 0
1867 0
1877 0
1950 0
1995 0
2066 0
2088 0
2101 0
2141 0
2148 0
2174 0
2184 0
2266 0
2306 0
2385 0
2400 0
2456 0
2510 0
2704 0
2761 0
2814 0
2833 0
2912 0
2952 0
3036 0
3055 0
3074 0
3085 0
3120 0
3129 0
3148 0
3229 0
3279 0
3337 0
3360 0
3423 0
3444 0
3584 0
3627 0
3670 0
3725 0
3756 0
3776 0
3802 0
3812 0
3838 0
3858 0
3864 0
3920 0
3939 0
3951 0
3986 0
3998 0
4128 0
4229 0
4238 0
4271 0
4300 0
4316 0
4361 0
4375 0
4398 0
4411 0
4521 0
4550 0
4597 0
4609 0
4707 0
4734 0
4779 0
4820 0
4834 0
4893 0
