321 0
360 0
385 0
509 0
518 0
570 0
620 0
669 0
721 0
745 0
751 0
795 0
854 0
895 0
944 0
998 0
1058 0
1202 0
1223 0
1272 0
1290 0
1297 0
1380 0
1400 0
1412 0
1476 0
1525 0
1607 0
1623 0
1635 0
1672 0
1687 0
1755 0
1794 0
1881 0
1935 0
1945 0
2058 0
2085 0
2168 0
2209 0
2222 0
2246 0
2352 0
2368 0
2426 0
2439 0
2483 0
2581 0
2597 0
2630 0
2642 0
2730 0
2773 0
2797 0
2850 0
2861 0
2966 0
3003 0
3016 0
3059 0
3130 0
3158 0
3269 0
3285 0
3333 0
3431 0
3454 0
3533 0
3551 0
3579 0
3589 0
3617 0
3705 0
3741 0
3794 0
3820 0
3839 0
3925 0
3931 0
3952 0
4011 0
4014 0
4151 0
4223 0
4268 0
4326 0
4362 0
4436 0
4467 0
4473 0
4499 0
4548 0
4605 0
4648 0
4703 0
4721 0
4830 0
4859 0
4902 0
