318 0
353 0
399 0
411 0
429 0
444 0
483 0
499 0
606 0
645 0
670 0
698 0
716 0
741 0
830 0
865 0
925 0
941 0
974 0
1066 0
1126 0
1141 0
1198 0
1239 0
1369 0
1417 0
1511 0
1566 0
1629 0
1661 0
1701 0
1765 0
1779 0
1791 0
1804 0
1837 0
1866 0
1894 0
1998 0
2103 0
2153 0
2185 0
2199 0
2211 0
2246 0
2371 0
2396 0
2417 0
2476 0
2486 0
2531 0
2589 0
2633 0
2699 0
2736 0
2751 0
2791 0
2830 0
2843 0
2969 0
3007 0
3015 0
3038 0
3067 0
3114 0
3219 0
3320 0
3361 0
3380 0
3407 0
3432 0
3444 0
3467 0
3518 0
3556 0
3591 0
3647 0
3718 0
3800 0
3844 0
3982 0
4025 0
4066 0
4085 0
4162 0
4237 0
4273 0
4286 0
4360 0
4398 0
4472 0
4494 0
4507 0
4544 0
4576 0
4618 0
4724 0
4742 0
4763 0
4785 0
4795 0
4822 0
4871 0
4910 0
