308 0
429 0
450 0
483 0
526 0
554 0
572 0
627 0
689 0
747 0
754 0
803 0
819 0
841 0
912 0
985 0
993 0
1005 0
1035 0
1057 0
1085 0
1117 0
1148 0
1230 0
1246 0
1303 0
1347 0
1413 0
1472 0
1522 0
1578 0
1582 0
1611 0
1656 0
1671 0
1801 0
1839 0
1876 0
1969 0
2019 0
2054 0
2079 0
2132 0
2172 0
2225 0
2230 0
2297 0
2405 0
2419 0
2491 0
2570 0
2594 0
2624 0
2642 0
2732 0
2796 0
2820 0
2919 0
2988 0
3007 0
3054 0
3083 0
3135 0
3178 0
3205 0
3257 0
3335 0
3367 0
3423 0
3551 0
3560 0
3614 0
3623 0
3642 0
3692 0
3752 0
3804 0
3865 0
3915 0
3977 0
3979 0
4066 0
4109 0
4142 0
4158 0
4189 0
4213 0
4231 0
4246 0
4306 0
4375 0
4396 0
4417 0
4458 0
4476 0
4533 0
4605 0
4648 0
4660 0
4697 0
4739 0
4775 0
4789 0
4900 0
