338 0
353 0
413 0
436 0
475 0
500 0
563 0
618 0
651 0
672 0
692 0
710 0
733 0
786 0
830 0
904 0
1031 0
1118 0
1147 0
1182 0
1228 0
1244 0
1265 0
1290 0
1339 0
1368 0
1475 0
1516 0
1576 0
1589 0
1614 0
1761 0
1820 0
1839 0
1869 0
1923 0
1964 0
1993 0
2089 0
2099 0
2161 0
2198 0
2236 0
2271 0
2291 0
2365 0
2442 0
2452 0
2492 0
2598 0
2630 0
2727 0
2760 0
2773 0
2842 0
2935 0
2946 0
2988 0
3017 0
3047 0
3118 0
3140 0
3220 0
3260 0
3292 0
3352 0
3375 0
3395 0
3452 0
3609 0
3628 0
3649 0
3704 0
3749 0
3857 0
3890 0
3934 0
3947 0
3972 0
3986 0
4042 0
4078 0
4113 0
4192 0
4310 0
4389 0
4431 0
4483 0
4520 0
4535 0
4555 0
4558 0
4600 0
4652 0
4711 0
4752 0
4778 0
4798 0
4867 0
4894 0
