376 0
443 0
469 0
522 0
535 0
599 0
618 0
641 0
712 0
742 0
795 0
808 0
885 0
927 0
951 0
966 0
972 0
1013 0
1062 0
1154 0
1246 0
1286 0
1340 0
1346 0
1404 0
1434 0
1468 0
1498 0
1572 0
1582 0
1608 0
1643 0
1665 0
1703 0
1779 0
1805 0
1894 0
2092 0
2112 0
2205 0
2212 0
2260 0
2284 0
2305 0
2356 0
2395 0
2534 0
2596 0
2630 0
2676 0
2827 0
2864 0
2920 0
2939 0
2967 0
3000 0
3016 0
3095 0
3122 0
3327 0
3410 0
3443 0
3504 0
3559 0
3575 0
3618 0
3625 0
3653 0
3718 0
3756 0
3777 0
3815 0
3870 0
3889 0
3936 0
3969 0
4074 0
4162 0
4204 0
4237 0
4262 0
4282 0
4285 0
4325 0
4417 0
4432 0
4478 0
4516 0
4576 0
4595 0
4609 0
4680 0
4704 0
4744 0
4768 0
4842 0
