338 0
366 0
402 0
492 0
530 0
575 0
615 0
654 0
670 0
706 0
777 0
796 0
827 0
843 0
955 0
1001 0
1015 0
1024 0
1076 0
1101 0
1146 0
1177 0
1206 0
1242 0
1306 0
1329 0
1352 0
1426 0
1472 0
1626 0
1645 0
1706 0
1722 0
1763 0
1775 0
1817 0
1854 0
1912 0
1947 0
2082 0
2124 0
2128 0
2216 0
2251 0
2372 0
2399 0
2444 0
2481 0
2514 0
2523 0
2545 0
2558 0
2663 0
2681 0
2694 0
2707 0
2744 0
2786 0
2811 0
2852 0
2968 0
3007 0
3091 0
3105 0
3134 0
3278 0
3314 0
3359 0
3415 0
3445 0
3460 0
3500 0
3510 0
3576 0
3590 0
3744 0
3793 0
3866 0
3886 0
3915 0
3964 0
4020 0
4045 0
4071 0
4130 0
4146 0
4185 0
4212 0
4222 0
4251 0
4381 0
4389 0
4424 0
4450 0
4521 0
4554 0
4562 0
4597 0
4642 0
4682 0
4735 0
4822 0
4849 0
4882 0
