327 0
379 0
431 0
495 0
513 0
552 0
568 0
692 0
704 0
728 0
792 0
827 0
893 0
1018 0
1050 0
1065 0
1121 0
1128 0
1176 0
1204 0
1237 0
1277 0
1315 0
1433 0
1478 0
1492 0
1511 0
1557 0
1569 0
1583 0
1602 0
1674 0
1714 0
1776 0
1811 0
1834 0
1852 0
1882 0
1918 0
1973 0
2162 0
2218 0
2291 0
2311 0
2368 0
2528 0
2539 0
2577 0
2586 0
2626 0
2642 0
2680 0
2695 0
2842 0
2920 0
2940 0
2998 0
3054 0
3234 0
3311 0
3342 0
3372 0
3397 0
3402 0
3435 0
3514 0
3542 0
3608 0
3634 0
3641 0
3662 0
3714 0
3734 0
3755 0
3780 0
3900 0
3929 0
3993 0
4015 0
4042 0
4082 0
4106 0
4151 0
4175 0
4215 0
4332 0
4398 0
4426 0
4495 0
4510 0
4532 0
4652 0
4668 0
4706 0
4725 0
4789 0
4832 0
4888 0
