315 0
351 0
360 0
395 0
560 0
599 0
627 0
687 0
717 0
788 0
829 0
845 0
934 0
947 0
962 0
974 0
1012 0
1052 0
1082 0
1183 0
1191 0
1384 0
1434 0
1482 0
1597 0
1599 0
1629 0
1634 0
1661 0
1670 0
1690 0
1779 0
1815 0
1858 0
1963 0
2059 0
2097 0
2139 0
2143 0
2218 0
2253 0
2289 0
2305 0
2367 0
2405 0
2427 0
2443 0
2450 0
2485 0
2525 0
2548 0
2673 0
2691 0
2729 0
2760 0
2783 0
2803 0
2806 0
2841 0
2919 0
2937 0
2966 0
3007 0
3071 0
3084 0
3116 0
3148 0
3248 0
3362 0
3410 0
3443 0
3529 0
3551 0
3556 0
3582 0
3603 0
3617 0
3629 0
3730 0
3777 0
3827 0
4020 0
4044 0
4144 0
4173 0
4201 0
4234 0
4253 0
4279 0
4293 0
4378 0
4387 0
4427 0
4503 0
4534 0
4595 0
4609 0
4666 0
4827 0
4858 0
4873 0
4899 0
