338 0
346 0
373 0
388 0
419 0
443 0
513 0
556 0
608 0
619 0
707 0
750 0
788 0
817 0
865 0
958 0
971 0
999 0
1004 0
1034 0
1052 0
1148 0
1204 0
1209 0
1256 0
1335 0
1346 0
1383 0
1464 0
1576 0
1585 0
1621 0
1673 0
1805 0
1900 0
1908 0
1997 0
2008 0
2079 0
2098 0
2136 0
2185 0
2194 0
2225 0
2284 0
2355 0
2410 0
2437 0
2494 0
2518 0
2534 0
2587 0
2630 0
2677 0
2696 0
2727 0
2787 0
2814 0
2861 0
2926 0
2995 0
3014 0
3032 0
3090 0
3127 0
3132 0
3206 0
3219 0
3299 0
3317 0
3408 0
3540 0
3603 0
3633 0
3643 0
3741 0
3831 0
3869 0
3880 0
3962 0
4009 0
4015 0
4064 0
4179 0
4194 0
4206 0
4219 0
4242 0
4260 0
4360 0
4389 0
4425 0
4463 0
4518 0
4591 0
4614 0
4670 0
4702 0
4776 0
4808 0
4843 0
4856 0
4868 0
4892 0
