311 0
390 0
404 0
434 0
448 0
518 0
559 0
575 0
605 0
620 0
655 0
674 0
728 0
744 0
849 0
917 0
962 0
1028 0
1055 0
1131 0
1175 0
1196 0
1263 0
1290 0
1293 0
1323 0
1376 0
1401 0
1432 0
1504 0
1528 0
1577 0
1660 0
1693 0
1760 0
1771 0
1795 0
1818 0
1823 0
1847 0
1917 0
1953 0
1962 0
2008 0
2079 0
2104 0
2117 0
2149 0
2192 0
2231 0
2381 0
2506 0
2580 0
2646 0
2712 0
2834 0
2987 0
3030 0
3071 0
3097 0
3126 0
3129 0
3200 0
3257 0
3266 0
3299 0
3379 0
3397 0
3409 0
3420 0
3442 0
3467 0
3521 0
3568 0
3645 0
3703 0
3710 0
3782 0
3812 0
3855 0
3903 0
3919 0
3928 0
3950 0
4014 0
4036 0
4090 0
4160 0
4198 0
4258 0
4305 0
4376 0
4473 0
4499 0
4552 0
4557 0
4602 0
4616 0
4655 0
4667 0
4704 0
4766 0
4781 0
4827 0
4830 0
4906 0
