358 0
389 0
518 0
548 0
563 0
618 0
681 0
718 0
741 0
828 0
914 0
930 0
950 0
1024 0
1097 0
1136 0
1193 0
1240 0
1285 0
1305 0
1352 0
1375 0
1383 0
1395 0
1497 0
1577 0
1637 0
1685 0
1708 0
1761 0
1816 0
1852 0
1856 0
1927 0
1939 0
2002 0
2018 0
2061 0
2082 0
2114 0
2191 0
2200 0
2222 0
2275 0
2335 0
2351 0
2426 0
2478 0
2510 0
2548 0
2557 0
2663 0
2674 0
2706 0
2739 0
2792 0
2862 0
2886 0
2948 0
2996 0
3025 0
3034 0
3108 0
3139 0
3154 0
3199 0
3227 0
3277 0
3290 0
3357 0
3368 0
3407 0
3455 0
3511 0
3525 0
3577 0
3648 0
3722 0
3817 0
3831 0
3853 0
3872 0
3915 0
3942 0
3990 0
4028 0
4088 0
4126 0
4198 0
4271 0
4287 0
4303 0
4388 0
4483 0
4489 0
4530 0
4600 0
4652 0
4674 0
4695 0
4832 0
4846 0
