325 0
382 0
464 0
477 0
508 0
548 0
634 0
667 0
723 0
839 0
863 0
957 0
997 0
1018 0
1057 0
1097 0
1113 0
1149 0
1270 0
1281 0
1299 0
1337 0
1359 0
1364 0
1408 0
1433 0
1471 0
1483 0
1552 0
1594 0
1642 0
1673 0
1702 0
1778 0
1793 0
1865 0
1898 0
1968 0
2012 0
2043 0
2104 0
2115 0
2254 0
2273 0
2408 0
2417 0
2439 0
2488 0
2528 0
2538 0
2582 0
2593 0
2628 0
2646 0
2676 0
2688 0
2725 0
2783 0
2794 0
2814 0
2955 0
2974 0
3099 0
3117 0
3163 0
3208 0
3249 0
3321 0
3359 0
3426 0
3441 0
3503 0
3544 0
3584 0
3625 0
3668 0
3733 0
3742 0
3779 0
3812 0
3855 0
3870 0
3879 0
3922 0
3943 0
3946 0
4071 0
4108 0
4126 0
4155 0
4204 0
4225 0
4256 0
4366 0
4382 0
4495 0
4542 0
4575 0
4664 0
4721 0
4730 0
4758 0
4836 0
4895 0
