351 0
418 0
462 0
563 0
618 0
661 0
671 0
682 0
775 0
817 0
838 0
861 0
984 0
997 0
1017 0
1026 0
1079 0
1132 0
1197 0
1216 0
1263 0
1383 0
1415 0
1487 0
1542 0
1629 0
1647 0
1655 0
1722 0
1767 0
1788 0
1813 0
1844 0
1889 0
1945 0
2020 0
2177 0
2209 0
2215 0
2230 0
2271 0
2284 0
2303 0
2342 0
2430 0
2494 0
2507 0
2544 0
2565 0
2570 0
2637 0
2665 0
2675 0
2707 0
2728 0
2797 0
2876 0
2921 0
2935 0
2946 0
2990 0
2993 0
3015 0
3028 0
3206 0
3273 0
3327 0
3370 0
3414 0
3424 0
3457 0
3492 0
3567 0
3581 0
3600 0
3688 0
3735 0
3803 0
3833 0
3950 0
3998 0
4014 0
4083 0
4132 0
4187 0
4215 0
4218 0
4245 0
4357 0
4384 0
4388 0
4447 0
4525 0
4552 0
4565 0
4597 0
4647 0
4757 0
4809 0
4878 0
