377 0
423 0
426 0
495 0
516 0
540 0
711 0
740 0
752 0
772 0
793 0
860 0
974 0
1002 0
1010 0
1028 0
1137 0
1185 0
1192 0
1215 0
1225 0
1305 0
1341 0
1349 0
1381 0
1435 0
1527 0
1556 0
1644 0
1699 0
1732 0
1786 0
1815 0
1826 0
1865 0
1907 0
1966 0
1977 0
2046 0
2064 0
2146 0
2162 0
2178 0
2204 0
2224 0
2286 0
2345 0
2357 0
2420 0
2490 0
2526 0
2695 0
2727 0
2799 0
2858 0
2887 0
2937 0
2993 0
3019 0
3030 0
3048 0
3072 0
3152 0
3173 0
3236 0
3257 0
3303 0
3356 0
3392 0
3416 0
3425 0
3499 0
3526 0
3581 0
3671 0
3701 0
3776 0
3837 0
3862 0
3887 0
3911 0
3987 0
4002 0
4026 0
4045 0
4096 0
4191 0
4214 0
4230 0
4235 0
4353 0
4432 0
4451 0
4467 0
4486 0
4511 0
4680 0
4696 0
4725 0
4789 0
4803 0
4835 0
