315 0
353 0
361 0
393 0
415 0
469 0
479 0
501 0
607 0
620 0
643 0
719 0
750 0
798 0
805 0
820 0
842 0
865 0
900 0
916 0
966 0
1048 0
1060 0
1174 0
1209 0
1257 0
1431 0
1477 0
1505 0
1520 0
1534 0
1574 0
1583 0
1780 0
1818 0
1832 0
1901 0
1923 0
1963 0
2054 0
2116 0
2132 0
2158 0
2160 0
2221 0
2246 0
2273 0
2334 0
2429 0
2509 0
2559 0
2573 0
2600 0
2622 0
2644 0
2663 0
2716 0
2803 0
2885 0
2946 0
2973 0
3004 0
3059 0
3066 0
3078 0
3108 0
3171 0
3257 0
3282 0
3331 0
3394 0
3415 0
3439 0
3634 0
3645 0
3674 0
3690 0
3720 0
3751 0
3784 0
3966 0
4006 0
4033 0
4162 0
4180 0
4251 0
4314 0
4328 0
4359 0
4373 0
4389 0
4412 0
4431 0
4459 0
4494 0
4575 0
4605 0
4608 0
4710 0
4736 0
4745 0
4797 0
4825 0
4854 0
4869 0
4902 0
