319 0
334 0
355 0
376 0
499 0
520 0
575 0
804 0
835 0
856 0
887 0
923 0
1021 0
1068 0
1080 0
1112 0
1196 0
1208 0
1236 0
1307 0
1325 0
1346 0
1398 0
1424 0
1541 0
1577 0
1607 0
1644 0
1654 0
1691 0
1810 0
1838 0
1865 0
1901 0
1937 0
2017 0
2049 0
2107 0
2114 0
2129 0
2157 0
2186 0
2230 0
2256 0
2296 0
2341 0
2390 0
2434 0
2449 0
2490 0
2510 0
2555 0
2662 0
2710 0
2722 0
2757 0
2785 0
2830 0
2886 0
2914 0
2971 0
2991 0
3040 0
3070 0
3082 0
3102 0
3114 0
3164 0
3210 0
3294 0
3319 0
3360 0
3381 0
3407 0
3528 0
3556 0
3585 0
3615 0
3654 0
3684 0
3807 0
3810 0
3862 0
3900 0
3918 0
3992 0
4007 0
4016 0
4100 0
4146 0
4160 0
4184 0
4285 0
4323 0
4367 0
4376 0
4414 0
4647 0
4696 0
4717 0
4842 0
4864 0
4886 0
4905 0
