348 0
376 0
465 0
480 0
502 0
568 0
621 0
687 0
761 0
815 0
837 0
894 0
931 0
953 0
989 0
1027 0
1094 0
1120 0
1131 0
1189 0
1196 0
1284 0
1320 0
1345 0
1441 0
1475 0
1493 0
1521 0
1541 0
1556 0
1569 0
1616 0
1665 0
1670 0
1685 0
1715 0
1757 0
1884 0
1911 0
1951 0
2001 0
2123 0
2185 0
2303 0
2344 0
2396 0
2409 0
2418 0
2468 0
2504 0
2542 0
2568 0
2598 0
2626 0
2638 0
2684 0
2717 0
2741 0
2789 0
2810 0
2834 0
2882 0
2916 0
3027 0
3101 0
3225 0
3271 0
3306 0
3342 0
3455 0
3503 0
3521 0
3549 0
3562 0
3603 0
3642 0
3667 0
3686 0
3700 0
3726 0
3755 0
3779 0
3872 0
3902 0
3941 0
4018 0
4041 0
4095 0
4098 0
4120 0
4185 0
4225 0
4254 0
4291 0
4334 0
4379 0
4410 0
4458 0
4538 0
4598 0
4653 0
4725 0
4741 0
4749 0
4838 0
4871 0
