350 0
363 0
404 0
426 0
458 0
487 0
512 0
547 0
607 0
613 0
696 0
725 0
739 0
792 0
837 0
864 0
898 0
920 0
939 0
995 0
1038 0
1084 0
1095 0
1182 0
1197 0
1385 0
1487 0
1520 0
1558 0
1579 0
1590 0
1612 0
1653 0
1705 0
1754 0
1832 0
1846 0
1877 0
1929 0
2004 0
2046 0
2150 0
2208 0
2238 0
2254 0
2287 0
2447 0
2454 0
2472 0
2485 0
2500 0
2525 0
2537 0
2682 0
2689 0
2711 0
2734 0
2747 0
2765 0
2775 0
2927 0
2968 0
2982 0
3015 0
3065 0
3166 0
3225 0
3296 0
3342 0
3380 0
3385 0
3454 0
3517 0
3562 0
3606 0
3624 0
3646 0
3661 0
3703 0
3730 0
3828 0
4014 0
4044 0
4126 0
4145 0
4170 0
4232 0
4276 0
4292 0
4331 0
4357 0
4380 0
4428 0
4474 0
4497 0
4524 0
4600 0
4619 0
4667 0
4700 0
4728 0
4775 0
4789 0
4816 0
4848 0
4869 0
