312 0
355 0
375 0
419 0
463 0
483 0
536 0
560 0
617 0
683 0
742 0
771 0
817 0
886 0
925 0
946 0
985 0
1102 0
1142 0
1174 0
1227 0
1251 0
1263 0
1283 0
1338 0
1373 0
1405 0
1418 0
1498 0
1582 0
1618 0
1675 0
1733 0
1755 0
1882 0
1917 0
1939 0
2003 0
2073 0
2082 0
2155 0
2204 0
2254 0
2264 0
2279 0
2301 0
2347 0
2389 0
2404 0
2429 0
2526 0
2563 0
2588 0
2627 0
2665 0
2701 0
2792 0
2816 0
2825 0
2864 0
2912 0
2932 0
2953 0
2973 0
3018 0
3062 0
3134 0
3156 0
3224 0
3270 0
3300 0
3341 0
3458 0
3488 0
3546 0
3599 0
3629 0
3708 0
3793 0
3813 0
3855 0
3880 0
3937 0
3955 0
3967 0
3993 0
4037 0
4078 0
4118 0
4235 0
4272 0
4291 0
4332 0
4400 0
4445 0
4473 0
4534 0
4599 0
4667 0
4691 0
4737 0
4744 0
4801 0
4833 0
4872 0
4908 0
