318 0
329 0
372 0
396 0
490 0
503 0
513 0
536 0
552 0
670 0
684 0
712 0
774 0
818 0
862 0
927 0
942 0
1006 0
1049 0
1062 0
1086 0
1140 0
1229 0
1346 0
1367 0
1383 0
1409 0
1424 0
1524 0
1622 0
1679 0
1697 0
1704 0
1719 0
1783 0
1805 0
1893 0
1925 0
1956 0
2143 0
2190 0
2198 0
2226 0
2229 0
2264 0
2290 0
2375 0
2382 0
2423 0
2445 0
2476 0
2490 0
2529 0
2577 0
2642 0
2687 0
2724 0
2745 0
2780 0
2801 0
2833 0
2849 0
2933 0
2942 0
2987 0
3005 0
3020 0
3040 0
3062 0
3260 0
3288 0
3325 0
3402 0
3437 0
3490 0
3513 0
3529 0
3540 0
3589 0
3705 0
3793 0
3813 0
3839 0
3846 0
3860 0
3988 0
4069 0
4142 0
4150 0
4174 0
4207 0
4279 0
4297 0
4356 0
4399 0
4443 0
4519 0
4527 0
4542 0
4666 0
4691 0
4702 0
4722 0
4740 0
4813 0
4854 0
4885 0
4901 0
