381 0
413 0
426 0
524 0
550 0
610 0
628 0
643 0
710 0
754 0
766 0
806 0
820 0
919 0
942 0
1050 0
1083 0
1116 0
1185 0
1218 0
1302 0
1313 0
1420 0
1433 0
1536 0
1557 0
1567 0
1705 0
1754 0
1885 0
1913 0
1934 0
1993 0
2008 0
2089 0
2099 0
2126 0
2198 0
2216 0
2241 0
2331 0
2410 0
2439 0
2459 0
2466 0
2511 0
2532 0
2565 0
2590 0
2626 0
2658 0
2697 0
2715 0
2750 0
2764 0
2786 0
2810 0
2882 0
2984 0
3008 0
3010 0
3088 0
3115 0
3136 0
3200 0
3227 0
3283 0
3308 0
3338 0
3466 0
3515 0
3641 0
3663 0
3681 0
3784 0
3806 0
3898 0
3924 0
4011 0
4032 0
4104 0
4139 0
4180 0
4272 0
4298 0
4388 0
4416 0
4441 0
4470 0
4513 0
4583 0
4605 0
4619 0
4661 0
4704 0
4790 0
4796 0
4829 0
