366 0
404 0
410 0
466 0
521 0
566 0
641 0
664 0
750 0
824 0
840 0
863 0
993 0
1009 0
1032 0
1047 0
1069 0
1131 0
1223 0
1226 0
1246 0
1273 0
1313 0
1373 0
1408 0
1465 0
1488 0
1540 0
1613 0
1645 0
1673 0
1716 0
1753 0
1773 0
1808 0
1828 0
1854 0
1895 0
1925 0
1958 0
2056 0
2065 0
2239 0
2282 0
2364 0
2393 0
2445 0
2472 0
2594 0
2619 0
2753 0
2780 0
2830 0
2842 0
2931 0
2979 0
3147 0
3174 0
3251 0
3282 0
3329 0
3361 0
3386 0
3415 0
3447 0
3460 0
3516 0
3552 0
3576 0
3619 0
3682 0
3724 0
3747 0
3819 0
3857 0
3896 0
3956 0
3966 0
3988 0
4001 0
4093 0
4160 0
4169 0
4192 0
4202 0
4224 0
4360 0
4381 0
4400 0
4470 0
4550 0
4578 0
4650 0
4695 0
4748 0
4798 0
4812 0
4857 0
