377 0
399 0
453 0
520 0
534 0
545 0
570 0
628 0
635 0
727 0
772 0
807 0
925 0
975 0
1000 0
1018 0
1025 0
1135 0
1151 0
1210 0
1248 0
1269 0
1287 0
1308 0
1339 0
1352 0
1374 0
1434 0
1463 0
1506 0
1563 0
1569 0
1640 0
1730 0
1763 0
1772 0
1787 0
1808 0
1828 0
1953 0
2011 0
2070 0
2098 0
2143 0
2250 0
2310 0
2338 0
2368 0
2396 0
2452 0
2466 0
2492 0
2578 0
2649 0
2730 0
2749 0
2770 0
2827 0
2847 0
2884 0
2917 0
2959 0
3072 0
3125 0
3154 0
3212 0
3277 0
3387 0
3402 0
3429 0
3440 0
3461 0
3492 0
3584 0
3644 0
3666 0
3721 0
3744 0
3785 0
3858 0
3871 0
3889 0
3917 0
3941 0
3954 0
3962 0
4004 0
4066 0
4088 0
4189 0
4211 0
4220 0
4248 0
4289 0
4417 0
4446 0
4490 0
4579 0
4597 0
4643 0
4665 0
4687 0
4707 0
4774 0
4814 0
4837 0
