308 0
332 0
397 0
419 0
520 0
617 0
654 0
676 0
746 0
793 0
851 0
902 0
1012 0
1032 0
1087 0
1111 0
1179 0
1193 0
1276 0
1319 0
1340 0
1348 0
1444 0
1470 0
1522 0
1551 0
1586 0
1605 0
1627 0
1634 0
1701 0
1758 0
1799 0
1907 0
1929 0
1943 0
1966 0
1999 0
2078 0
2145 0
2206 0
2283 0
2364 0
2428 0
2461 0
2491 0
2515 0
2565 0
2579 0
2651 0
2654 0
2718 0
2730 0
2758 0
2800 0
2848 0
2935 0
3014 0
3076 0
3138 0
3220 0
3253 0
3268 0
3283 0
3306 0
3431 0
3462 0
3514 0
3586 0
3600 0
3615 0
3626 0
3661 0
3692 0
3742 0
3790 0
3870 0
3891 0
3896 0
3928 0
4018 0
4038 0
4107 0
4147 0
4184 0
4207 0
4315 0
4365 0
4427 0
4472 0
4548 0
4561 0
4594 0
4703 0
4796 0
4825 0
4887 0
4909 0
