318 0
330 0
443 0
537 0
577 0
606 0
650 0
729 0
757 0
775 0
795 0
818 0
834 0
999 0
1009 0
1036 0
1040 0
1059 0
1099 0
1109 0
1147 0
1221 0
1230 0
1257 0
1279 0
1355 0
1399 0
1426 0
1470 0
1551 0
1571 0
1603 0
1635 0
1710 0
1784 0
1789 0
1862 0
1871 0
2050 0
2130 0
2200 0
2212 0
2235 0
2262 0
2447 0
2486 0
2514 0
2536 0
2563 0
2581 0
2589 0
2633 0
2637 0
2655 0
2676 0
2716 0
2728 0
2783 0
2942 0
2981 0
3006 0
3020 0
3085 0
3169 0
3336 0
3350 0
3429 0
3436 0
3507 0
3571 0
3607 0
3649 0
3661 0
3750 0
3805 0
3818 0
3874 0
3943 0
3965 0
3990 0
4006 0
4068 0
4103 0
4125 0
4164 0
4166 0
4195 0
4207 0
4226 0
4372 0
4393 0
4434 0
4439 0
4464 0
4500 0
4564 0
4622 0
4654 0
4690 0
4771 0
4895 0
4899 0
