307 0
338 0
397 0
452 0
481 0
514 0
601 0
628 0
641 0
704 0
860 0
888 0
988 0
1038 0
1066 0
1087 0
1111 0
1135 0
1154 0
1203 0
1229 0
1252 0
1273 0
1285 0
1304 0
1366 0
1475 0
1481 0
1507 0
1618 0
1712 0
1724 0
1801 0
1837 0
1862 0
1880 0
1906 0
1932 0
1950 0
1986 0
1992 0
2092 0
2121 0
2161 0
2224 0
2231 0
2294 0
2300 0
2372 0
2435 0
2480 0
2552 0
2657 0
2746 0
2775 0
2852 0
2916 0
2928 0
2981 0
3006 0
3046 0
3104 0
3113 0
3216 0
3243 0
3279 0
3289 0
3303 0
3348 0
3358 0
3373 0
3421 0
3493 0
3508 0
3603 0
3709 0
3733 0
3749 0
3846 0
3921 0
3939 0
3960 0
3968 0
3986 0
4027 0
4068 0
4081 0
4112 0
4140 0
4155 0
4179 0
4229 0
4321 0
4359 0
4515 0
4584 0
4592 0
4621 0
4703 0
4728 0
4775 0
4815 0
4888 0
4908 0
