311 0
373 0
404 0
420 0
436 0
463 0
537 0
604 0
635 0
665 0
695 0
730 0
846 0
894 0
909 0
930 0
957 0
1060 0
1095 0
1218 0
1226 0
1301 0
1333 0
1368 0
1380 0
1594 0
1728 0
1754 0
1779 0
1787 0
1814 0
1827 0
1894 0
1934 0
2061 0
2083 0
2101 0
2177 0
2218 0
2241 0
2274 0
2283 0
2298 0
2364 0
2447 0
2469 0
2509 0
2521 0
2542 0
2556 0
2665 0
2670 0
2692 0
2715 0
2744 0
2773 0
2842 0
2921 0
2936 0
2948 0
2986 0
2995 0
3036 0
3127 0
3132 0
3151 0
3285 0
3316 0
3389 0
3412 0
3425 0
3444 0
3456 0
3491 0
3631 0
3834 0
3858 0
3889 0
3915 0
3982 0
3997 0
4118 0
4153 0
4252 0
4285 0
4308 0
4332 0
4382 0
4504 0
4534 0
4549 0
4582 0
4613 0
4690 0
4746 0
4786 0
4807 0
4822 0
4853 0
4912 0
