336 0
401 0
429 0
449 0
487 0
511 0
529 0
606 0
639 0
672 0
722 0
769 0
812 0
853 0
888 0
949 0
980 0
1033 0
1098 0
1148 0
1240 0
1248 0
1402 0
1422 0
1469 0
1504 0
1578 0
1582 0
1620 0
1641 0
1655 0
1713 0
1727 0
1767 0
1825 0
1857 0
1883 0
1935 0
1948 0
1957 0
1994 0
2041 0
2087 0
2110 0
2175 0
2208 0
2217 0
2258 0
2301 0
2343 0
2382 0
2407 0
2436 0
2459 0
2498 0
2553 0
2668 0
2730 0
2757 0
2785 0
2810 0
2829 0
2886 0
2915 0
2971 0
3006 0
3020 0
3053 0
3103 0
3134 0
3178 0
3227 0
3251 0
3272 0
3297 0
3347 0
3360 0
3390 0
3453 0
3500 0
3509 0
3565 0
3576 0
3596 0
3637 0
3642 0
3716 0
3748 0
3799 0
3812 0
3963 0
3993 0
4066 0
4120 0
4191 0
4243 0
4272 0
4332 0
4357 0
4404 0
4439 0
4497 0
4554 0
4586 0
4619 0
4684 0
4707 0
4727 0
4770 0
4791 0
4823 0
4887 0
