345 0
419 0
577 0
633 0
690 0
704 0
717 0
773 0
804 0
828 0
844 0
898 0
903 0
973 0
995 0
1004 0
1095 0
1113 0
1191 0
1230 0
1243 0
1274 0
1321 0
1375 0
1475 0
1546 0
1709 0
1721 0
1786 0
1804 0
1858 0
1880 0
1919 0
1942 0
1978 0
1997 0
2064 0
2102 0
2114 0
2144 0
2172 0
2232 0
2352 0
2422 0
2435 0
2527 0
2548 0
2553 0
2668 0
2670 0
2695 0
2778 0
2798 0
2862 0
2982 0
3051 0
3064 0
3110 0
3123 0
3158 0
3226 0
3232 0
3279 0
3308 0
3333 0
3352 0
3408 0
3431 0
3491 0
3517 0
3684 0
3741 0
3843 0
3901 0
3951 0
3963 0
3984 0
4015 0
4103 0
4127 0
4213 0
4227 0
4242 0
4316 0
4325 0
4378 0
4400 0
4410 0
4450 0
4493 0
4506 0
4528 0
4584 0
4642 0
4806 0
4872 0
