313 0
379 0
420 0
440 0
450 0
623 0
642 0
779 0
808 0
915 0
930 0
975 0
994 0
1039 0
1092 0
1115 0
1127 0
1178 0
1234 0
1255 0
1267 0
1279 0
1299 0
1341 0
1373 0
1412 0
1434 0
1501 0
1545 0
1594 0
1614 0
1624 0
1668 0
1753 0
1791 0
1841 0
1856 0
1888 0
1914 0
1988 0
2020 0
2095 0
2190 0
2216 0
2254 0
2272 0
2345 0
2502 0
2546 0
2574 0
2589 0
2628 0
2651 0
2677 0
2716 0
2885 0
2942 0
2969 0
3000 0
3031 0
3114 0
3209 0
3233 0
3312 0
3319 0
3356 0
3382 0
3418 0
3461 0
3538 0
3588 0
3614 0
3633 0
3683 0
3715 0
3785 0
3803 0
3844 0
3891 0
3920 0
3935 0
3957 0
3964 0
3979 0
4033 0
4083 0
4113 0
4128 0
4171 0
4221 0
4248 0
4297 0
4311 0
4408 0
4441 0
4588 0
4599 0
4772 0
4784 0
4798 0
4844 0
4907 0
