346 0
372 0
429 0
509 0
515 0
574 0
598 0
613 0
795 0
814 0
824 0
843 0
931 0
1010 0
1025 0
1047 0
1079 0
1094 0
1106 0
1177 0
1195 0
1217 0
1308 0
1328 0
1375 0
1503 0
1522 0
1542 0
1558 0
1689 0
1762 0
1774 0
1793 0
1805 0
1845 0
1866 0
1891 0
1965 0
2133 0
2164 0
2185 0
2204 0
2217 0
2298 0
2345 0
2382 0
2401 0
2438 0
2495 0
2544 0
2559 0
2599 0
2631 0
2654 0
2681 0
2730 0
2780 0
2812 0
2823 0
2881 0
2916 0
3004 0
3015 0
3027 0
3057 0
3090 0
3255 0
3318 0
3350 0
3377 0
3414 0
3429 0
3447 0
3460 0
3520 0
3670 0
3682 0
3705 0
3717 0
3850 0
3891 0
3917 0
4009 0
4021 0
4030 0
4113 0
4127 0
4142 0
4179 0
4188 0
4200 0
4299 0
4384 0
4398 0
4417 0
4429 0
4596 0
4611 0
4648 0
4698 0
4712 0
4790 0
4853 0
4878 0
