319 0
337 0
379 0
435 0
466 0
501 0
511 0
547 0
679 0
693 0
733 0
848 0
887 0
975 0
997 0
1025 0
1072 0
1135 0
1143 0
1202 0
1218 0
1230 0
1282 0
1300 0
1329 0
1373 0
1387 0
1408 0
1526 0
1572 0
1619 0
1789 0
1839 0
1858 0
1881 0
1947 0
1962 0
2063 0
2134 0
2256 0
2280 0
2306 0
2343 0
2404 0
2447 0
2488 0
2514 0
2519 0
2585 0
2634 0
2701 0
2713 0
2733 0
2779 0
2811 0
2887 0
2917 0
2935 0
2970 0
3086 0
3151 0
3251 0
3276 0
3333 0
3351 0
3373 0
3425 0
3588 0
3648 0
3704 0
3822 0
3826 0
3845 0
3886 0
3925 0
3940 0
3984 0
4004 0
4023 0
4067 0
4088 0
4142 0
4184 0
4232 0
4234 0
4330 0
4384 0
4477 0
4525 0
4544 0
4663 0
4703 0
4718 0
4755 0
4781 0
4830 0
4887 0
4899 0
