332 0
393 0
446 0
465 0
523 0
534 0
571 0
607 0
693 0
724 0
779 0
821 0
939 0
975 0
1018 0
1047 0
1065 0
1080 0
1096 0
1124 0
1142 0
1183 0
1312 0
1376 0
1389 0
1417 0
1443 0
1471 0
1482 0
1520 0
1563 0
1609 0
1630 0
1695 0
1772 0
1786 0
1850 0
1863 0
1882 0
1907 0
1970 0
1988 0
2008 0
2059 0
2084 0
2105 0
2115 0
2157 0
2223 0
2283 0
2439 0
2521 0
2560 0
2656 0
2698 0
2779 0
2925 0
3002 0
3071 0
3097 0
3116 0
3143 0
3158 0
3209 0
3242 0
3257 0
3300 0
3333 0
3363 0
3375 0
3421 0
3450 0
3535 0
3591 0
3605 0
3660 0
3703 0
3734 0
3746 0
3778 0
3804 0
3828 0
3850 0
3904 0
4034 0
4077 0
4091 0
4129 0
4140 0
4160 0
4178 0
4205 0
4236 0
4271 0
4395 0
4441 0
4501 0
4523 0
4614 0
4643 0
4682 0
4693 0
4746 0
4766 0
4819 0
4888 0
