334 0
383 0
413 0
432 0
482 0
541 0
560 0
716 0
757 0
817 0
856 0
907 0
945 0
966 0
1033 0
1039 0
1066 0
1127 0
1143 0
1227 0
1285 0
1298 0
1396 0
1426 0
1498 0
1629 0
1658 0
1803 0
1829 0
1929 0
1957 0
1979 0
2021 0
2052 0
2104 0
2139 0
2149 0
2175 0
2182 0
2198 0
2211 0
2286 0
2298 0
2335 0
2360 0
2388 0
2467 0
2494 0
2549 0
2554 0
2578 0
2643 0
2662 0
2671 0
2734 0
2741 0
2834 0
2862 0
2878 0
2920 0
2927 0
3002 0
3011 0
3035 0
3055 0
3066 0
3091 0
3126 0
3169 0
3203 0
3236 0
3256 0
3293 0
3387 0
3414 0
3564 0
3588 0
3714 0
3800 0
3821 0
3917 0
3931 0
3983 0
4074 0
4085 0
4163 0
4173 0
4192 0
4251 0
4270 0
4303 0
4366 0
4393 0
4465 0
4493 0
4660 0
4678 0
4730 0
4785 0
4807 0
4834 0
4886 0
