393 0
422 0
481 0
503 0
514 0
562 0
601 0
628 0
660 0
671 0
707 0
735 0
828 0
859 0
889 0
980 0
1019 0
1029 0
1067 0
1124 0
1188 0
1200 0
1214 0
1226 0
1340 0
1372 0
1383 0
1484 0
1505 0
1563 0
1565 0
1588 0
1626 0
1651 0
1803 0
1862 0
1872 0
1892 0
1912 0
1924 0
1986 0
2012 0
2052 0
2071 0
2165 0
2254 0
2302 0
2479 0
2506 0
2534 0
2679 0
2704 0
2752 0
2911 0
2965 0
3044 0
3148 0
3173 0
3199 0
3245 0
3289 0
3309 0
3327 0
3334 0
3365 0
3405 0
3560 0
3603 0
3624 0
3650 0
3669 0
3721 0
3733 0
3834 0
3845 0
3883 0
3994 0
4005 0
4018 0
4034 0
4087 0
4154 0
4192 0
4215 0
4248 0
4322 0
4365 0
4389 0
4476 0
4514 0
4553 0
4558 0
4597 0
4622 0
4651 0
4697 0
4725 0
4735 0
4807 0
4812 0
