467 0
551 0
563 0
618 0
636 0
661 0
722 0
750 0
795 0
800 0
820 0
902 0
939 0
1002 0
1035 0
1064 0
1077 0
1096 0
1235 0
1253 0
1298 0
1380 0
1408 0
1498 0
1531 0
1558 0
1568 0
1593 0
1612 0
1648 0
1659 0
1696 0
1763 0
1833 0
1866 0
1924 0
1974 0
1998 0
2014 0
2071 0
2113 0
2169 0
2189 0
2218 0
2250 0
2282 0
2310 0
2376 0
2406 0
2483 0
2505 0
2718 0
2731 0
2819 0
2848 0
2913 0
2939 0
2972 0
2997 0
3035 0
3059 0
3095 0
3147 0
3212 0
3215 0
3234 0
3284 0
3359 0
3391 0
3462 0
3529 0
3555 0
3582 0
3617 0
3627 0
3649 0
3659 0
3687 0
3713 0
3814 0
3827 0
3911 0
3964 0
3991 0
4123 0
4141 0
4161 0
4189 0
4220 0
4279 0
4306 0
4394 0
4413 0
4426 0
4463 0
4493 0
4558 0
4589 0
4605 0
4654 0
4674 0
4745 0
