308 0
336 0
354 0
386 0
400 0
452 0
499 0
565 0
622 0
712 0
821 0
842 0
923 0
959 0
1013 0
1032 0
1065 0
1075 0
1128 0
1174 0
1196 0
1311 0
1329 0
1369 0
1393 0
1407 0
1438 0
1478 0
1514 0
1539 0
1574 0
1594 0
1622 0
1681 0
1704 0
1843 0
1856 0
2008 0
2045 0
2085 0
2156 0
2165 0
2191 0
2220 0
2342 0
2418 0
2442 0
2479 0
2484 0
2505 0
2528 0
2534 0
2577 0
2600 0
2621 0
2646 0
2678 0
2687 0
2718 0
2736 0
2744 0
2781 0
2792 0
2885 0
3002 0
3034 0
3059 0
3069 0
3132 0
3167 0
3206 0
3361 0
3369 0
3517 0
3541 0
3599 0
3628 0
3649 0
3674 0
3695 0
3741 0
3785 0
3818 0
3833 0
3847 0
3885 0
3907 0
4027 0
4035 0
4082 0
4135 0
4160 0
4197 0
4200 0
4257 0
4292 0
4374 0
4402 0
4519 0
4603 0
4647 0
4719 0
4761 0
4823 0
4839 0
4878 0
4893 0
4905 0
