344 0
367 0
375 0
416 0
457 0
470 0
529 0
575 0
621 0
685 0
713 0
767 0
796 0
814 0
854 0
906 0
1049 0
1121 0
1189 0
1208 0
1273 0
1304 0
1313 0
1346 0
1369 0
1387 0
1417 0
1469 0
1570 0
1606 0
1659 0
1684 0
1801 0
1898 0
1918 0
1943 0
2015 0
2045 0
2067 0
2080 0
2134 0
2174 0
2223 0
2255 0
2275 0
2358 0
2372 0
2408 0
2428 0
2464 0
2522 0
2555 0
2657 0
2699 0
2770 0
2799 0
2807 0
2846 0
2859 0
2951 0
2974 0
2998 0
3056 0
3091 0
3136 0
3156 0
3177 0
3205 0
3271 0
3303 0
3319 0
3430 0
3532 0
3555 0
3618 0
3646 0
3752 0
3795 0
3837 0
3858 0
3861 0
3902 0
3915 0
3945 0
4001 0
4032 0
4104 0
4177 0
4303 0
4353 0
4408 0
4435 0
4444 0
4515 0
4538 0
4604 0
4649 0
4690 0
4757 0
4763 0
4801 0
4841 0
4850 0
4871 0
