335 0
371 0
464 0
478 0
501 0
519 0
602 0
657 0
686 0
719 0
774 0
807 0
846 0
927 0
938 0
956 0
1010 0
1021 0
1043 0
1127 0
1195 0
1261 0
1354 0
1396 0
1415 0
1474 0
1609 0
1639 0
1652 0
1670 0
1710 0
1761 0
1784 0
1806 0
1826 0
1881 0
1906 0
1933 0
1986 0
2014 0
2089 0
2096 0
2135 0
2171 0
2264 0
2330 0
2400 0
2452 0
2496 0
2507 0
2531 0
2566 0
2579 0
2645 0
2666 0
2698 0
2705 0
2727 0
2758 0
2814 0
2886 0
2953 0
3050 0
3082 0
3117 0
3129 0
3201 0
3234 0
3294 0
3301 0
3347 0
3394 0
3402 0
3450 0
3461 0
3515 0
3537 0
3558 0
3578 0
3613 0
3743 0
3805 0
3818 0
3864 0
3959 0
4023 0
4091 0
4169 0
4184 0
4207 0
4263 0
4277 0
4289 0
4372 0
4415 0
4452 0
4493 0
4532 0
4570 0
4611 0
4698 0
4719 0
4742 0
4756 0
4857 0
4887 0
