345 0
429 0
475 0
516 0
622 0
703 0
732 0
780 0
786 0
905 0
926 0
938 0
996 0
1029 0
1068 0
1123 0
1189 0
1222 0
1254 0
1311 0
1346 0
1368 0
1384 0
1421 0
1439 0
1549 0
1571 0
1624 0
1659 0
1689 0
1711 0
1758 0
1774 0
1844 0
1952 0
1959 0
1988 0
2008 0
2102 0
2131 0
2175 0
2188 0
2194 0
2232 0
2286 0
2302 0
2351 0
2435 0
2458 0
2522 0
2563 0
2665 0
2702 0
2764 0
2774 0
2860 0
2917 0
2925 0
2982 0
3021 0
3039 0
3057 0
3085 0
3122 0
3204 0
3242 0
3251 0
3278 0
3375 0
3437 0
3464 0
3518 0
3525 0
3557 0
3598 0
3651 0
3667 0
3777 0
3803 0
3826 0
3852 0
3866 0
3904 0
3970 0
4000 0
4035 0
4091 0
4149 0
4194 0
4226 0
4283 0
4287 0
4308 0
4429 0
4441 0
4486 0
4512 0
4603 0
4700 0
4759 0
4782 0
4871 0
