355 0
422 0
436 0
451 0
489 0
539 0
563 0
675 0
705 0
723 0
764 0
797 0
855 0
921 0
948 0
970 0
1031 0
1042 0
1060 0
1138 0
1149 0
1216 0
1245 0
1274 0
1378 0
1441 0
1541 0
1568 0
1600 0
1662 0
1710 0
1756 0
1832 0
1871 0
1937 0
1941 0
1967 0
1983 0
1996 0
2208 0
2235 0
2274 0
2359 0
2369 0
2429 0
2475 0
2503 0
2538 0
2558 0
2569 0
2649 0
2662 0
2673 0
2705 0
2749 0
2803 0
2846 0
2864 0
2942 0
2991 0
3022 0
3228 0
3241 0
3256 0
3274 0
3284 0
3348 0
3395 0
3452 0
3505 0
3554 0
3610 0
3652 0
3674 0
3778 0
3840 0
3951 0
3962 0
3997 0
4079 0
4082 0
4160 0
4174 0
4186 0
4238 0
4273 0
4285 0
4363 0
4425 0
4470 0
4500 0
4511 0
4548 0
4650 0
4687 0
4736 0
4773 0
4781 0
4805 0
4876 0
