328 0
453 0
559 0
567 0
601 0
633 0
675 0
725 0
744 0
753 0
781 0
792 0
825 0
834 0
858 0
926 0
944 0
1008 0
1066 0
1085 0
1091 0
1183 0
1203 0
1227 0
1311 0
1327 0
1352 0
1399 0
1423 0
1514 0
1588 0
1685 0
1708 0
1798 0
1822 0
1844 0
1901 0
1916 0
1987 0
1999 0
2048 0
2113 0
2134 0
2148 0
2175 0
2225 0
2257 0
2360 0
2412 0
2418 0
2442 0
2475 0
2529 0
2534 0
2674 0
2692 0
2740 0
2782 0
2789 0
2809 0
2858 0
2969 0
3006 0
3051 0
3063 0
3079 0
3110 0
3175 0
3216 0
3232 0
3299 0
3324 0
3372 0
3390 0
3421 0
3506 0
3525 0
3626 0
3701 0
3803 0
3815 0
3860 0
3890 0
3903 0
3984 0
4028 0
4032 0
4127 0
4142 0
4153 0
4202 0
4281 0
4292 0
4355 0
4377 0
4400 0
4433 0
4444 0
4463 0
4473 0
4494 0
4551 0
4583 0
4608 0
4643 0
4664 0
4768 0
4890 0
