336 0
388 0
461 0
501 0
548 0
570 0
600 0
635 0
716 0
741 0
806 0
848 0
896 0
926 0
995 0
1008 0
1033 0
1142 0
1188 0
1231 0
1245 0
1261 0
1287 0
1359 0
1549 0
1577 0
1654 0
1697 0
1784 0
1790 0
1868 0
1884 0
1913 0
2000 0
2018 0
2043 0
2076 0
2120 0
2133 0
2224 0
2243 0
2254 0
2270 0
2291 0
2310 0
2393 0
2400 0
2432 0
2507 0
2557 0
2662 0
2715 0
2777 0
2814 0
2837 0
2916 0
2936 0
2957 0
2960 0
2982 0
2993 0
3087 0
3097 0
3141 0
3173 0
3197 0
3218 0
3309 0
3340 0
3361 0
3419 0
3443 0
3534 0
3555 0
3652 0
3656 0
3865 0
3940 0
3947 0
3962 0
3987 0
4037 0
4073 0
4195 0
4208 0
4223 0
4288 0
4319 0
4370 0
4414 0
4475 0
4500 0
4579 0
4620 0
4647 0
4667 0
4720 0
4753 0
4830 0
4891 0
