314 0
327 0
421 0
462 0
482 0
519 0
528 0
572 0
662 0
694 0
738 0
766 0
809 0
989 0
1024 0
1050 0
1083 0
1127 0
1212 0
1242 0
1353 0
1362 0
1398 0
1442 0
1480 0
1498 0
1538 0
1553 0
1571 0
1607 0
1704 0
1776 0
1816 0
1831 0
1875 0
1898 0
1924 0
1970 0
2019 0
2055 0
2069 0
2151 0
2173 0
2182 0
2218 0
2237 0
2285 0
2357 0
2372 0
2415 0
2458 0
2512 0
2710 0
2767 0
2803 0
2853 0
2868 0
2937 0
2984 0
2997 0
3042 0
3057 0
3066 0
3147 0
3172 0
3208 0
3257 0
3294 0
3317 0
3340 0
3390 0
3404 0
3449 0
3511 0
3610 0
3648 0
3660 0
3675 0
3719 0
3724 0
3776 0
3816 0
3853 0
3868 0
3977 0
4002 0
4094 0
4138 0
4171 0
4183 0
4228 0
4416 0
4453 0
4474 0
4533 0
4564 0
4652 0
4687 0
4695 0
4730 0
4745 0
4803 0
4893 0
4911 0
