356 0
392 0
445 0
507 0
515 0
536 0
673 0
699 0
723 0
738 0
760 0
787 0
817 0
1026 0
1046 0
1072 0
1124 0
1150 0
1182 0
1208 0
1261 0
1351 0
1480 0
1527 0
1574 0
1620 0
1641 0
1682 0
1711 0
1732 0
1789 0
1805 0
1828 0
1872 0
1903 0
1912 0
1935 0
1949 0
2016 0
2048 0
2076 0
2155 0
2164 0
2191 0
2213 0
2267 0
2307 0
2334 0
2469 0
2547 0
2576 0
2587 0
2622 0
2640 0
2675 0
2750 0
2881 0
2921 0
2950 0
3002 0
3037 0
3044 0
3067 0
3140 0
3178 0
3199 0
3270 0
3286 0
3307 0
3327 0
3342 0
3398 0
3411 0
3431 0
3497 0
3504 0
3552 0
3574 0
3602 0
3641 0
3695 0
3724 0
3867 0
3949 0
4011 0
4042 0
4065 0
4088 0
4135 0
4172 0
4192 0
4399 0
4435 0
4470 0
4485 0
4499 0
4511 0
4551 0
4690 0
4704 0
4722 0
4766 0
4815 0
4873 0
