307 0
345 0
400 0
420 0
501 0
517 0
537 0
546 0
611 0
667 0
694 0
707 0
733 0
780 0
802 0
825 0
862 0
955 0
984 0
1008 0
1031 0
1066 0
1087 0
1123 0
1182 0
1228 0
1374 0
1477 0
1508 0
1548 0
1638 0
1680 0
1728 0
1762 0
1781 0
1828 0
1848 0
1860 0
1905 0
1943 0
1970 0
2009 0
2058 0
2080 0
2145 0
2190 0
2256 0
2274 0
2294 0
2353 0
2589 0
2625 0
2867 0
2930 0
2952 0
2966 0
3035 0
3070 0
3133 0
3152 0
3200 0
3262 0
3272 0
3299 0
3354 0
3373 0
3392 0
3448 0
3457 0
3498 0
3539 0
3575 0
3666 0
3710 0
3742 0
3855 0
3979 0
4036 0
4088 0
4146 0
4158 0
4184 0
4202 0
4234 0
4262 0
4357 0
4396 0
4404 0
4440 0
4483 0
4520 0
4536 0
4545 0
4620 0
4662 0
4690 0
4708 0
4716 0
4796 0
4819 0
4874 0
4906 0
