327 0
400 0
415 0
495 0
520 0
543 0
630 0
649 0
692 0
712 0
745 0
776 0
798 0
838 0
974 0
999 0
1043 0
1064 0
1112 0
1147 0
1217 0
1291 0
1338 0
1348 0
1400 0
1412 0
1431 0
1482 0
1537 0
1619 0
1640 0
1667 0
1760 0
1774 0
1817 0
1852 0
1864 0
1871 0
1917 0
1996 0
2011 0
2239 0
2252 0
2281 0
2311 0
2334 0
2347 0
2384 0
2450 0
2560 0
2667 0
2760 0
2825 0
2869 0
2884 0
2921 0
2934 0
2960 0
2984 0
3202 0
3224 0
3300 0
3333 0
3356 0
3369 0
3405 0
3438 0
3461 0
3545 0
3576 0
3597 0
3686 0
3731 0
3785 0
3804 0
3822 0
3863 0
3885 0
3929 0
4000 0
4066 0
4103 0
4159 0
4166 0
4230 0
4237 0
4377 0
4422 0
4447 0
4478 0
4516 0
4528 0
4571 0
4586 0
4687 0
4702 0
4725 0
4802 0
4820 0
4885 0
