336 0
343 0
384 0
410 0
429 0
447 0
542 0
562 0
686 0
713 0
717 0
762 0
809 0
828 0
858 0
946 0
1000 0
1056 0
1205 0
1263 0
1287 0
1329 0
1396 0
1425 0
1439 0
1485 0
1504 0
1556 0
1591 0
1645 0
1671 0
1732 0
1760 0
1857 0
1889 0
2020 0
2053 0
2069 0
2084 0
2092 0
2139 0
2179 0
2232 0
2260 0
2336 0
2374 0
2409 0
2524 0
2560 0
2573 0
2638 0
2667 0
2695 0
2809 0
2853 0
2886 0
2967 0
2979 0
3038 0
3084 0
3126 0
3136 0
3155 0
3167 0
3207 0
3322 0
3361 0
3457 0
3501 0
3541 0
3578 0
3635 0
3670 0
3710 0
3732 0
3789 0
3800 0
3812 0
3886 0
3928 0
3947 0
4024 0
4152 0
4218 0
4280 0
4357 0
4387 0
4415 0
4467 0
4494 0
4520 0
4536 0
4647 0
4691 0
4762 0
4787 0
4807 0
4837 0
4869 0
4880 0
