316 0
342 0
472 0
508 0
560 0
564 0
655 0
676 0
696 0
705 0
735 0
785 0
847 0
862 0
915 0
948 0
963 0
972 0
1005 0
1036 0
1193 0
1354 0
1366 0
1469 0
1488 0
1532 0
1606 0
1616 0
1646 0
1662 0
1669 0
1706 0
1784 0
1813 0
1880 0
1907 0
1962 0
1985 0
2059 0
2088 0
2112 0
2126 0
2167 0
2217 0
2277 0
2330 0
2351 0
2412 0
2423 0
2455 0
2488 0
2545 0
2676 0
2721 0
2760 0
2793 0
2813 0
2868 0
2886 0
2951 0
2997 0
3054 0
3078 0
3108 0
3132 0
3154 0
3239 0
3248 0
3308 0
3344 0
3414 0
3442 0
3510 0
3538 0
3567 0
3585 0
3603 0
3615 0
3682 0
3730 0
3741 0
3845 0
3872 0
4027 0
4194 0
4202 0
4248 0
4251 0
4276 0
4303 0
4361 0
4384 0
4427 0
4472 0
4517 0
4528 0
4555 0
4567 0
4647 0
4659 0
4719 0
4748 0
4869 0
4910 0
