349 0
423 0
484 0
505 0
548 0
641 0
660 0
703 0
725 0
808 0
858 0
931 0
950 0
970 0
1015 0
1025 0
1046 0
1070 0
1078 0
1181 0
1193 0
1225 0
1243 0
1336 0
1371 0
1410 0
1443 0
1477 0
1502 0
1612 0
1654 0
1685 0
1716 0
1789 0
1811 0
1900 0
1910 0
1933 0
2051 0
2062 0
2140 0
2166 0
2179 0
2229 0
2256 0
2270 0
2309 0
2347 0
2456 0
2481 0
2489 0
2561 0
2666 0
2721 0
2746 0
2765 0
2858 0
2917 0
2944 0
2962 0
2989 0
3039 0
3055 0
3079 0
3153 0
3178 0
3297 0
3309 0
3318 0
3407 0
3423 0
3508 0
3530 0
3565 0
3606 0
3709 0
3749 0
3783 0
3824 0
3853 0
3884 0
3964 0
3982 0
4027 0
4031 0
4140 0
4150 0
4168 0
4197 0
4209 0
4238 0
4273 0
4298 0
4358 0
4413 0
4495 0
4516 0
4572 0
4581 0
4672 0
4722 0
4730 0
4806 0
4867 0
