311 0
372 0
377 0
560 0
562 0
596 0
636 0
659 0
713 0
722 0
759 0
769 0
852 0
886 0
961 0
974 0
1050 0
1085 0
1108 0
1201 0
1232 0
1298 0
1314 0
1376 0
1392 0
1408 0
1487 0
1529 0
1554 0
1594 0
1634 0
1659 0
1677 0
1698 0
1701 0
1770 0
1812 0
1862 0
1951 0
2070 0
2075 0
2141 0
2248 0
2280 0
2353 0
2389 0
2416 0
2477 0
2490 0
2566 0
2655 0
2733 0
2753 0
2794 0
2836 0
2864 0
2933 0
2972 0
3090 0
3132 0
3151 0
3278 0
3350 0
3416 0
3441 0
3518 0
3527 0
3541 0
3557 0
3571 0
3624 0
3669 0
3698 0
3734 0
3823 0
3827 0
3849 0
3904 0
3911 0
3990 0
4026 0
4106 0
4137 0
4180 0
4249 0
4254 0
4323 0
4360 0
4446 0
4457 0
4494 0
4519 0
4563 0
4586 0
4623 0
4654 0
4659 0
4840 0
4847 0
4907 0
