308 0
403 0
433 0
506 0
545 0
565 0
608 0
628 0
638 0
651 0
721 0
737 0
813 0
824 0
885 0
926 0
972 0
992 0
1032 0
1046 0
1069 0
1129 0
1185 0
1286 0
1334 0
1383 0
1485 0
1498 0
1545 0
1599 0
1693 0
1761 0
1790 0
1867 0
1895 0
1906 0
1930 0
1959 0
2021 0
2089 0
2094 0
2135 0
2165 0
2189 0
2204 0
2234 0
2389 0
2415 0
2433 0
2504 0
2544 0
2592 0
2621 0
2671 0
2719 0
2776 0
2789 0
2830 0
2982 0
3022 0
3036 0
3058 0
3088 0
3116 0
3144 0
3203 0
3248 0
3287 0
3310 0
3326 0
3362 0
3432 0
3453 0
3523 0
3606 0
3680 0
3718 0
3733 0
3838 0
3892 0
3942 0
4039 0
4087 0
4161 0
4175 0
4197 0
4219 0
4239 0
4298 0
4323 0
4400 0
4413 0
4476 0
4499 0
4571 0
4574 0
4598 0
4613 0
4656 0
4667 0
4710 0
4791 0
4819 0
4903 0
