341 0
424 0
434 0
455 0
517 0
549 0
677 0
698 0
753 0
798 0
825 0
835 0
910 0
926 0
1008 0
1058 0
1135 0
1188 0
1300 0
1328 0
1372 0
1442 0
1561 0
1579 0
1676 0
1691 0
1759 0
1769 0
1835 0
1858 0
1891 0
1923 0
1947 0
1979 0
2004 0
2071 0
2076 0
2097 0
2109 0
2213 0
2242 0
2249 0
2277 0
2339 0
2396 0
2425 0
2433 0
2470 0
2494 0
2539 0
2593 0
2621 0
2673 0
2728 0
2748 0
2786 0
2794 0
2835 0
2874 0
2955 0
2968 0
2979 0
3001 0
3101 0
3113 0
3140 0
3161 0
3220 0
3243 0
3269 0
3297 0
3330 0
3358 0
3386 0
3444 0
3462 0
3535 0
3537 0
3642 0
3667 0
3781 0
3850 0
3888 0
3919 0
4044 0
4091 0
4152 0
4213 0
4297 0
4302 0
4373 0
4391 0
4426 0
4461 0
4508 0
4541 0
4674 0
4707 0
4774 0
4787 0
4795 0
4864 0
