319 0
355 0
397 0
445 0
470 0
492 0
514 0
618 0
707 0
723 0
743 0
789 0
819 0
949 0
982 0
1018 0
1039 0
1077 0
1106 0
1146 0
1214 0
1277 0
1323 0
1361 0
1407 0
1422 0
1498 0
1522 0
1551 0
1582 0
1613 0
1661 0
1713 0
1781 0
1835 0
1918 0
1928 0
1948 0
2085 0
2120 0
2147 0
2189 0
2209 0
2230 0
2254 0
2279 0
2345 0
2500 0
2556 0
2569 0
2599 0
2629 0
2639 0
2657 0
2704 0
2883 0
2925 0
2965 0
2988 0
3015 0
3030 0
3075 0
3096 0
3140 0
3267 0
3286 0
3307 0
3397 0
3438 0
3505 0
3568 0
3618 0
3630 0
3660 0
3695 0
3708 0
3798 0
3812 0
3844 0
3909 0
3935 0
4004 0
4078 0
4098 0
4142 0
4169 0
4205 0
4235 0
4279 0
4400 0
4429 0
4481 0
4489 0
4510 0
4593 0
4697 0
4740 0
4744 0
4772 0
4815 0
4877 0
4907 0
