324 0
350 0
379 0
421 0
456 0
496 0
634 0
655 0
670 0
701 0
744 0
749 0
797 0
843 0
858 0
950 0
970 0
1014 0
1112 0
1223 0
1226 0
1290 0
1295 0
1352 0
1405 0
1416 0
1561 0
1617 0
1657 0
1707 0
1727 0
1759 0
1779 0
1789 0
1876 0
1897 0
1922 0
1951 0
1984 0
2046 0
2094 0
2112 0
2183 0
2226 0
2334 0
2364 0
2443 0
2456 0
2480 0
2505 0
2580 0
2586 0
2620 0
2651 0
2716 0
2741 0
2762 0
2777 0
2842 0
2880 0
2998 0
3031 0
3108 0
3123 0
3178 0
3236 0
3274 0
3290 0
3322 0
3348 0
3419 0
3438 0
3456 0
3489 0
3510 0
3556 0
3601 0
3657 0
3794 0
3823 0
3866 0
3911 0
3931 0
3986 0
4004 0
4105 0
4208 0
4236 0
4274 0
4353 0
4376 0
4433 0
4463 0
4486 0
4515 0
4545 0
4561 0
4589 0
4715 0
4770 0
4810 0
4835 0
4875 0
4891 0
