329 0
402 0
435 0
464 0
500 0
543 0
621 0
694 0
699 0
776 0
785 0
860 0
887 0
931 0
950 0
1022 0
1062 0
1095 0
1150 0
1175 0
1197 0
1308 0
1336 0
1349 0
1373 0
1419 0
1429 0
1478 0
1514 0
1557 0
1630 0
1706 0
1779 0
1827 0
1876 0
1905 0
1934 0
1976 0
2005 0
2088 0
2151 0
2238 0
2256 0
2384 0
2410 0
2445 0
2449 0
2473 0
2494 0
2560 0
2655 0
2730 0
2746 0
2767 0
2778 0
2813 0
2823 0
2964 0
2980 0
3062 0
3131 0
3218 0
3241 0
3283 0
3313 0
3336 0
3389 0
3447 0
3515 0
3588 0
3667 0
3705 0
3755 0
3789 0
3794 0
3843 0
3867 0
3882 0
3926 0
4026 0
4033 0
4075 0
4128 0
4157 0
4184 0
4273 0
4297 0
4334 0
4363 0
4424 0
4450 0
4513 0
4532 0
4592 0
4691 0
4724 0
4750 0
4788 0
4815 0
4889 0
