332 0
345 0
361 0
390 0
448 0
478 0
554 0
564 0
639 0
677 0
716 0
735 0
764 0
806 0
951 0
965 0
973 0
997 0
1023 0
1153 0
1188 0
1210 0
1284 0
1300 0
1337 0
1393 0
1495 0
1505 0
1713 0
1756 0
1797 0
1809 0
1849 0
1857 0
1881 0
1903 0
1910 0
1953 0
2007 0
2065 0
2111 0
2221 0
2339 0
2347 0
2491 0
2519 0
2535 0
2588 0
2624 0
2680 0
2688 0
2735 0
2859 0
2886 0
3002 0
3106 0
3149 0
3198 0
3268 0
3303 0
3324 0
3342 0
3352 0
3382 0
3411 0
3425 0
3463 0
3514 0
3713 0
3738 0
3831 0
3877 0
3921 0
3941 0
4000 0
4044 0
4077 0
4188 0
4218 0
4236 0
4258 0
4280 0
4412 0
4462 0
4486 0
4493 0
4552 0
4575 0
4653 0
4673 0
4737 0
4773 0
4844 0
4849 0
4868 0
4888 0
