328 0
347 0
410 0
426 0
467 0
485 0
513 0
541 0
603 0
650 0
725 0
733 0
838 0
902 0
927 0
983 0
993 0
1040 0
1087 0
1236 0
1246 0
1266 0
1477 0
1486 0
1543 0
1570 0
1595 0
1610 0
1636 0
1725 0
1776 0
1808 0
1830 0
1840 0
1877 0
1901 0
1940 0
1971 0
2059 0
2077 0
2135 0
2189 0
2202 0
2272 0
2342 0
2356 0
2364 0
2396 0
2521 0
2596 0
2624 0
2694 0
2826 0
2842 0
2871 0
2880 0
2953 0
3020 0
3031 0
3083 0
3144 0
3146 0
3252 0
3265 0
3321 0
3347 0
3373 0
3386 0
3408 0
3436 0
3488 0
3586 0
3614 0
3629 0
3642 0
3684 0
3729 0
3749 0
3957 0
3969 0
3980 0
4145 0
4181 0
4223 0
4245 0
4285 0
4305 0
4375 0
4474 0
4492 0
4570 0
4622 0
4679 0
4695 0
4731 0
4755 0
4786 0
4804 0
4869 0
4895 0
