331 0
362 0
404 0
437 0
470 0
541 0
681 0
724 0
750 0
779 0
790 0
805 0
845 0
854 0
898 0
905 0
1019 0
1032 0
1046 0
1084 0
1095 0
1108 0
1124 0
1144 0
1185 0
1192 0
1210 0
1263 0
1301 0
1336 0
1359 0
1366 0
1470 0
1489 0
1509 0
1644 0
1650 0
1680 0
1690 0
1726 0
1756 0
1777 0
1806 0
1835 0
1859 0
1884 0
1895 0
2068 0
2076 0
2103 0
2118 0
2143 0
2219 0
2248 0
2336 0
2416 0
2443 0
2461 0
2485 0
2503 0
2543 0
2558 0
2585 0
2620 0
2664 0
2677 0
2712 0
2725 0
2768 0
2772 0
2794 0
2883 0
2971 0
3003 0
3072 0
3096 0
3120 0
3133 0
3152 0
3317 0
3341 0
3353 0
3390 0
3411 0
3447 0
3463 0
3496 0
3535 0
3545 0
3565 0
3574 0
3707 0
3731 0
3742 0
3847 0
3869 0
3889 0
3911 0
3947 0
3997 0
4021 0
4035 0
4073 0
4081 0
4108 0
4117 0
4146 0
4167 0
4188 0
4212 0
4315 0
4325 0
4358 0
4381 0
4405 0
4421 0
4440 0
4463 0
4495 0
4533 0
4684 0
4759 0
4787 0
4813 0
4857 0
4880 0
