326 0
354 0
362 0
384 0
398 0
611 0
618 0
674 0
712 0
727 0
791 0
840 0
864 0
910 0
928 0
970 0
1026 0
1067 0
1087 0
1113 0
1154 0
1198 0
1222 0
1263 0
1281 0
1310 0
1531 0
1556 0
1566 0
1586 0
1631 0
1657 0
1679 0
1687 0
1715 0
1852 0
1880 0
2049 0
2072 0
2079 0
2116 0
2149 0
2229 0
2254 0
2275 0
2296 0
2337 0
2390 0
2434 0
2454 0
2470 0
2496 0
2500 0
2549 0
2670 0
2716 0
2732 0
2748 0
2768 0
2779 0
2826 0
2879 0
2912 0
2950 0
2965 0
2981 0
3061 0
3097 0
3130 0
3161 0
3170 0
3347 0
3368 0
3513 0
3527 0
3551 0
3555 0
3588 0
3630 0
3644 0
3667 0
3682 0
3905 0
3929 0
3959 0
4004 0
4020 0
4075 0
4108 0
4135 0
4150 0
4191 0
4236 0
4300 0
4314 0
4362 0
4373 0
4423 0
4500 0
4512 0
4552 0
4592 0
4618 0
4825 0
4839 0
4846 0
4872 0
4891 0
