336 0
380 0
430 0
467 0
488 0
503 0
605 0
641 0
655 0
710 0
787 0
802 0
817 0
841 0
887 0
943 0
1000 0
1024 0
1093 0
1107 0
1135 0
1148 0
1187 0
1262 0
1406 0
1489 0
1550 0
1579 0
1597 0
1624 0
1645 0
1663 0
1721 0
1752 0
1841 0
1880 0
1899 0
2042 0
2071 0
2121 0
2213 0
2234 0
2283 0
2341 0
2349 0
2387 0
2439 0
2503 0
2517 0
2549 0
2672 0
2702 0
2717 0
2772 0
2835 0
2858 0
2883 0
2933 0
2982 0
2998 0
3105 0
3159 0
3174 0
3318 0
3347 0
3373 0
3456 0
3500 0
3558 0
3583 0
3599 0
3635 0
3642 0
3665 0
3729 0
3815 0
3959 0
4042 0
4068 0
4091 0
4113 0
4118 0
4190 0
4219 0
4277 0
4325 0
4370 0
4399 0
4415 0
4422 0
4521 0
4570 0
4576 0
4613 0
4718 0
4733 0
4748 0
4787 0
4834 0
4883 0
