335 0
397 0
413 0
432 0
460 0
563 0
600 0
621 0
659 0
666 0
692 0
849 0
858 0
937 0
1012 0
1060 0
1092 0
1227 0
1257 0
1279 0
1294 0
1319 0
1357 0
1409 0
1418 0
1434 0
1483 0
1505 0
1529 0
1542 0
1625 0
1681 0
1684 0
1758 0
1783 0
1793 0
1833 0
1888 0
1916 0
2042 0
2079 0
2123 0
2233 0
2277 0
2291 0
2366 0
2401 0
2447 0
2456 0
2544 0
2684 0
2770 0
2784 0
2816 0
2844 0
2925 0
2953 0
2980 0
3096 0
3134 0
3175 0
3304 0
3316 0
3397 0
3424 0
3449 0
3462 0
3532 0
3543 0
3602 0
3673 0
3703 0
3708 0
3735 0
3783 0
3804 0
3824 0
3870 0
3896 0
3916 0
3942 0
3965 0
3985 0
4118 0
4162 0
4201 0
4268 0
4358 0
4371 0
4534 0
4547 0
4559 0
4604 0
4616 0
4642 0
4745 0
4791 0
4797 0
4820 0
4890 0
