335 0
388 0
448 0
571 0
642 0
649 0
692 0
789 0
822 0
849 0
852 0
885 0
916 0
1048 0
1057 0
1073 0
1096 0
1112 0
1221 0
1243 0
1290 0
1299 0
1397 0
1432 0
1473 0
1502 0
1597 0
1599 0
1668 0
1688 0
1758 0
1844 0
1857 0
1899 0
1947 0
1987 0
2017 0
2065 0
2115 0
2156 0
2191 0
2199 0
2215 0
2274 0
2311 0
2394 0
2408 0
2419 0
2461 0
2501 0
2524 0
2534 0
2673 0
2689 0
2710 0
2763 0
2799 0
2817 0
2838 0
2912 0
2957 0
3006 0
3022 0
3041 0
3070 0
3100 0
3149 0
3211 0
3241 0
3280 0
3323 0
3362 0
3367 0
3454 0
3521 0
3545 0
3616 0
3626 0
3714 0
3755 0
3784 0
3812 0
3921 0
3929 0
3962 0
4011 0
4100 0
4129 0
4132 0
4157 0
4177 0
4307 0
4331 0
4361 0
4380 0
4394 0
4430 0
4534 0
4559 0
4574 0
4657 0
4766 0
4842 0
4889 0
