334 0
363 0
384 0
405 0
440 0
545 0
626 0
647 0
684 0
717 0
743 0
756 0
788 0
840 0
927 0
1024 0
1068 0
1094 0
1135 0
1151 0
1180 0
1284 0
1363 0
1402 0
1481 0
1542 0
1548 0
1577 0
1620 0
1659 0
1774 0
1834 0
1867 0
1872 0
1900 0
1958 0
1997 0
2041 0
2061 0
2088 0
2102 0
2134 0
2165 0
2218 0
2234 0
2271 0
2308 0
2344 0
2401 0
2424 0
2456 0
2471 0
2511 0
2569 0
2638 0
2705 0
2751 0
2764 0
2803 0
2810 0
2882 0
2911 0
2951 0
2980 0
3003 0
3046 0
3086 0
3112 0
3140 0
3160 0
3164 0
3222 0
3261 0
3325 0
3348 0
3351 0
3396 0
3439 0
3562 0
3590 0
3649 0
3661 0
3684 0
3733 0
3819 0
3856 0
3931 0
4036 0
4072 0
4096 0
4129 0
4151 0
4183 0
4297 0
4381 0
4433 0
4469 0
4487 0
4496 0
4532 0
4558 0
4599 0
4671 0
4782 0
4818 0
4837 0
4855 0
4893 0
