347 0
411 0
434 0
463 0
512 0
644 0
675 0
688 0
701 0
738 0
750 0
800 0
945 0
974 0
1038 0
1087 0
1094 0
1187 0
1192 0
1228 0
1303 0
1317 0
1352 0
1375 0
1390 0
1538 0
1609 0
1722 0
1769 0
1813 0
1822 0
1862 0
1909 0
1946 0
2001 0
2012 0
2046 0
2066 0
2107 0
2139 0
2188 0
2262 0
2297 0
2332 0
2361 0
2365 0
2404 0
2432 0
2475 0
2544 0
2592 0
2625 0
2681 0
2738 0
2782 0
2811 0
2852 0
2870 0
2876 0
2918 0
2944 0
3042 0
3082 0
3115 0
3147 0
3172 0
3212 0
3223 0
3277 0
3309 0
3357 0
3390 0
3405 0
3435 0
3489 0
3609 0
3674 0
3833 0
3843 0
3862 0
3899 0
3915 0
3993 0
4016 0
4042 0
4127 0
4141 0
4177 0
4237 0
4274 0
4404 0
4469 0
4475 0
4518 0
4530 0
4553 0
4582 0
4701 0
4759 0
4778 0
4801 0
4867 0
