333 0
342 0
362 0
387 0
420 0
448 0
570 0
608 0
635 0
658 0
673 0
791 0
813 0
853 0
887 0
922 0
1033 0
1083 0
1140 0
1208 0
1231 0
1244 0
1289 0
1311 0
1334 0
1416 0
1481 0
1537 0
1569 0
1641 0
1652 0
1667 0
1868 0
1899 0
1915 0
1996 0
2046 0
2106 0
2112 0
2141 0
2162 0
2297 0
2339 0
2396 0
2437 0
2461 0
2497 0
2541 0
2554 0
2660 0
2678 0
2730 0
2759 0
2775 0
2824 0
2879 0
2919 0
3052 0
3087 0
3101 0
3127 0
3170 0
3229 0
3301 0
3319 0
3363 0
3549 0
3568 0
3581 0
3654 0
3673 0
3737 0
3795 0
3877 0
3907 0
3934 0
3963 0
3981 0
4011 0
4065 0
4147 0
4197 0
4294 0
4325 0
4361 0
4406 0
4426 0
4553 0
4561 0
4581 0
4622 0
4642 0
4771 0
4799 0
4843 0
4854 0
4875 0
4891 0
