311 0
339 0
348 0
384 0
409 0
465 0
491 0
512 0
541 0
704 0
719 0
735 0
805 0
819 0
891 0
982 0
1005 0
1070 0
1081 0
1123 0
1304 0
1331 0
1345 0
1424 0
1498 0
1536 0
1557 0
1569 0
1592 0
1692 0
1730 0
1777 0
1821 0
1892 0
1912 0
1982 0
1995 0
2101 0
2116 0
2129 0
2151 0
2222 0
2276 0
2296 0
2344 0
2352 0
2391 0
2445 0
2508 0
2549 0
2558 0
2569 0
2642 0
2662 0
2685 0
2705 0
2784 0
2823 0
2861 0
2876 0
2913 0
2955 0
2995 0
3069 0
3084 0
3099 0
3119 0
3228 0
3235 0
3306 0
3328 0
3399 0
3438 0
3494 0
3531 0
3624 0
3653 0
3659 0
3680 0
3717 0
3804 0
3866 0
3879 0
3919 0
4083 0
4147 0
4153 0
4214 0
4246 0
4332 0
4395 0
4410 0
4475 0
4489 0
4507 0
4686 0
4697 0
4727 0
4753 0
4801 0
4834 0
4864 0
4894 0
4908 0
