348 0
424 0
456 0
496 0
550 0
570 0
732 0
756 0
767 0
798 0
810 0
828 0
902 0
923 0
948 0
963 0
989 0
1018 0
1024 0
1060 0
1147 0
1199 0
1247 0
1371 0
1392 0
1399 0
1489 0
1542 0
1549 0
1603 0
1663 0
1672 0
1704 0
1776 0
1806 0
1841 0
1868 0
1883 0
1898 0
1906 0
1988 0
2018 0
2162 0
2258 0
2302 0
2335 0
2359 0
2401 0
2468 0
2483 0
2552 0
2653 0
2732 0
2739 0
2812 0
2869 0
2883 0
2917 0
2969 0
3056 0
3208 0
3239 0
3311 0
3325 0
3338 0
3360 0
3380 0
3404 0
3450 0
3516 0
3552 0
3556 0
3605 0
3665 0
3676 0
3731 0
3818 0
3839 0
3858 0
3976 0
4024 0
4064 0
4158 0
4187 0
4206 0
4220 0
4263 0
4283 0
4290 0
4303 0
4392 0
4408 0
4421 0
4440 0
4456 0
4479 0
4654 0
4660 0
4724 0
4772 0
4810 0
4876 0
