321 0
335 0
390 0
433 0
622 0
669 0
710 0
721 0
769 0
810 0
831 0
862 0
886 0
907 0
967 0
1017 0
1031 0
1084 0
1097 0
1130 0
1206 0
1218 0
1242 0
1315 0
1407 0
1504 0
1539 0
1562 0
1567 0
1591 0
1603 0
1663 0
1773 0
1795 0
1844 0
1871 0
1896 0
1920 0
1932 0
2054 0
2080 0
2100 0
2136 0
2158 0
2164 0
2200 0
2223 0
2296 0
2332 0
2375 0
2437 0
2524 0
2581 0
2638 0
2697 0
2775 0
2840 0
2887 0
2916 0
3005 0
3023 0
3059 0
3065 0
3085 0
3117 0
3135 0
3166 0
3282 0
3305 0
3318 0
3345 0
3372 0
3427 0
3443 0
3565 0
3620 0
3622 0
3649 0
3669 0
3687 0
3709 0
3815 0
3897 0
3972 0
4004 0
4018 0
4088 0
4128 0
4134 0
4195 0
4203 0
4259 0
4306 0
4325 0
4358 0
4388 0
4407 0
4451 0
4500 0
4508 0
4540 0
4603 0
4792 0
4834 0
4890 0
4906 0
