322 0
372 0
460 0
489 0
497 0
518 0
529 0
614 0
712 0
726 0
736 0
772 0
803 0
856 0
961 0
971 0
1154 0
1179 0
1200 0
1212 0
1242 0
1279 0
1317 0
1534 0
1558 0
1590 0
1627 0
1718 0
1788 0
1875 0
1931 0
1970 0
2001 0
2022 0
2068 0
2081 0
2096 0
2160 0
2179 0
2275 0
2305 0
2337 0
2362 0
2428 0
2450 0
2497 0
2505 0
2521 0
2546 0
2588 0
2630 0
2671 0
2696 0
2711 0
2731 0
2760 0
2793 0
2869 0
2876 0
2912 0
2957 0
3033 0
3047 0
3122 0
3137 0
3151 0
3205 0
3216 0
3253 0
3297 0
3343 0
3432 0
3495 0
3596 0
3637 0
3663 0
3674 0
3901 0
3940 0
3968 0
4007 0
4022 0
4040 0
4074 0
4249 0
4262 0
4355 0
4416 0
4449 0
4487 0
4497 0
4509 0
4592 0
4690 0
4699 0
4722 0
4735 0
4749 0
4848 0
4901 0
