351 0
396 0
429 0
458 0
534 0
554 0
665 0
691 0
722 0
758 0
831 0
863 0
905 0
950 0
996 0
1019 0
1028 0
1055 0
1145 0
1196 0
1236 0
1254 0
1261 0
1375 0
1393 0
1402 0
1429 0
1478 0
1596 0
1621 0
1642 0
1658 0
1677 0
1708 0
1773 0
1900 0
1940 0
1998 0
2067 0
2088 0
2126 0
2201 0
2257 0
2298 0
2342 0
2347 0
2378 0
2422 0
2470 0
2506 0
2545 0
2554 0
2573 0
2594 0
2621 0
2650 0
2661 0
2674 0
2710 0
2751 0
2801 0
2849 0
2857 0
2875 0
2918 0
2971 0
3011 0
3091 0
3133 0
3161 0
3225 0
3274 0
3326 0
3447 0
3504 0
3552 0
3558 0
3585 0
3600 0
3627 0
3751 0
3775 0
3810 0
3828 0
3851 0
3950 0
3966 0
3993 0
4024 0
4067 0
4160 0
4188 0
4201 0
4229 0
4275 0
4306 0
4364 0
4391 0
4465 0
4503 0
4526 0
4549 0
4669 0
4681 0
4765 0
4791 0
4819 0
4875 0
