308 0
345 0
420 0
438 0
486 0
501 0
511 0
608 0
638 0
695 0
743 0
759 0
770 0
849 0
912 0
933 0
941 0
1013 0
1046 0
1075 0
1180 0
1202 0
1232 0
1262 0
1280 0
1327 0
1345 0
1386 0
1397 0
1422 0
1520 0
1669 0
1730 0
1787 0
1850 0
1909 0
1971 0
1983 0
1997 0
2045 0
2070 0
2120 0
2179 0
2224 0
2276 0
2280 0
2337 0
2362 0
2395 0
2467 0
2495 0
2511 0
2711 0
2731 0
2738 0
2835 0
2868 0
2887 0
2926 0
2942 0
3008 0
3031 0
3100 0
3148 0
3171 0
3221 0
3244 0
3250 0
3304 0
3367 0
3419 0
3501 0
3547 0
3699 0
3797 0
3815 0
3839 0
3864 0
3879 0
3929 0
3955 0
3990 0
4021 0
4045 0
4146 0
4178 0
4207 0
4269 0
4294 0
4315 0
4379 0
4449 0
4463 0
4487 0
4535 0
4577 0
4622 0
4694 0
4723 0
4737 0
4793 0
4806 0
4870 0
4901 0
