339 0
360 0
392 0
422 0
467 0
486 0
546 0
606 0
630 0
672 0
690 0
760 0
778 0
841 0
925 0
943 0
1007 0
1187 0
1196 0
1217 0
1270 0
1299 0
1344 0
1380 0
1422 0
1463 0
1543 0
1589 0
1639 0
1665 0
1729 0
1757 0
1775 0
1787 0
1820 0
1909 0
1970 0
2005 0
2015 0
2044 0
2105 0
2219 0
2238 0
2262 0
2334 0
2407 0
2434 0
2480 0
2488 0
2501 0
2540 0
2676 0
2707 0
2735 0
2738 0
2781 0
2813 0
2889 0
2953 0
2986 0
2995 0
3119 0
3167 0
3212 0
3226 0
3262 0
3305 0
3395 0
3423 0
3435 0
3453 0
3493 0
3555 0
3579 0
3628 0
3685 0
3743 0
3795 0
3831 0
3864 0
3913 0
3959 0
4004 0
4026 0
4039 0
4211 0
4283 0
4287 0
4379 0
4450 0
4466 0
4526 0
4548 0
4575 0
4618 0
4667 0
4741 0
4744 0
4810 0
4825 0
4850 0
4891 0
