337 0
429 0
457 0
472 0
492 0
571 0
637 0
658 0
664 0
736 0
752 0
792 0
810 0
857 0
885 0
998 0
1065 0
1079 0
1128 0
1192 0
1281 0
1327 0
1381 0
1403 0
1433 0
1527 0
1542 0
1563 0
1592 0
1600 0
1637 0
1687 0
1709 0
1804 0
1856 0
1876 0
1911 0
1925 0
1952 0
1965 0
2056 0
2064 0
2100 0
2139 0
2169 0
2333 0
2368 0
2395 0
2421 0
2439 0
2586 0
2633 0
2773 0
2791 0
2831 0
2855 0
2884 0
3059 0
3087 0
3112 0
3153 0
3175 0
3257 0
3271 0
3293 0
3312 0
3333 0
3360 0
3402 0
3515 0
3528 0
3581 0
3605 0
3633 0
3662 0
3678 0
3703 0
3780 0
3818 0
3833 0
3892 0
3941 0
4019 0
4089 0
4141 0
4154 0
4232 0
4322 0
4354 0
4404 0
4433 0
4459 0
4486 0
4546 0
4559 0
4579 0
4644 0
4734 0
4750 0
4769 0
4790 0
4889 0
