322 0
333 0
361 0
386 0
447 0
473 0
485 0
567 0
657 0
668 0
705 0
716 0
737 0
806 0
830 0
886 0
907 0
925 0
955 0
1021 0
1065 0
1093 0
1120 0
1134 0
1215 0
1281 0
1311 0
1395 0
1438 0
1474 0
1519 0
1585 0
1787 0
1844 0
1890 0
1950 0
1994 0
2047 0
2106 0
2117 0
2154 0
2173 0
2197 0
2232 0
2267 0
2334 0
2362 0
2442 0
2491 0
2513 0
2543 0
2558 0
2574 0
2639 0
2667 0
2685 0
2710 0
2730 0
2779 0
2857 0
2887 0
2953 0
2983 0
3024 0
3047 0
3065 0
3108 0
3122 0
3165 0
3222 0
3268 0
3331 0
3376 0
3430 0
3636 0
3693 0
3742 0
3777 0
3814 0
3903 0
3934 0
4004 0
4081 0
4107 0
4122 0
4150 0
4187 0
4263 0
4291 0
4304 0
4333 0
4402 0
4408 0
4482 0
4496 0
4506 0
4549 0
4569 0
4645 0
4732 0
4746 0
4768 0
4830 0
4859 0
4889 0
4897 0
