389 0
433 0
485 0
532 0
550 0
596 0
658 0
701 0
773 0
793 0
888 0
932 0
950 0
997 0
1016 0
1061 0
1100 0
1115 0
1148 0
1264 0
1306 0
1330 0
1375 0
1393 0
1524 0
1578 0
1620 0
1659 0
1667 0
1691 0
1709 0
1764 0
1791 0
1818 0
1830 0
1868 0
1891 0
1935 0
2054 0
2134 0
2161 0
2183 0
2247 0
2293 0
2300 0
2331 0
2350 0
2398 0
2455 0
2485 0
2578 0
2640 0
2729 0
2769 0
2807 0
2864 0
2874 0
2923 0
2936 0
2967 0
3030 0
3051 0
3078 0
3177 0
3296 0
3327 0
3356 0
3392 0
3405 0
3428 0
3464 0
3517 0
3527 0
3543 0
3567 0
3603 0
3644 0
3699 0
3828 0
3846 0
3882 0
3922 0
3949 0
4071 0
4101 0
4116 0
4155 0
4205 0
4230 0
4276 0
4296 0
4321 0
4433 0
4438 0
4513 0
4571 0
4621 0
4668 0
4680 0
4740 0
4779 0
4835 0
