345 0
371 0
390 0
418 0
460 0
488 0
557 0
605 0
619 0
668 0
694 0
706 0
726 0
750 0
776 0
802 0
895 0
922 0
1005 0
1070 0
1247 0
1259 0
1318 0
1334 0
1387 0
1425 0
1435 0
1470 0
1584 0
1631 0
1660 0
1697 0
1709 0
1727 0
1757 0
1780 0
1804 0
1874 0
1892 0
1913 0
1975 0
2021 0
2144 0
2223 0
2230 0
2256 0
2262 0
2283 0
2412 0
2505 0
2524 0
2571 0
2586 0
2622 0
2649 0
2695 0
2709 0
2821 0
2937 0
2951 0
2974 0
2978 0
3003 0
3075 0
3197 0
3245 0
3314 0
3328 0
3344 0
3414 0
3441 0
3454 0
3497 0
3505 0
3528 0
3555 0
3601 0
3634 0
3751 0
3789 0
3807 0
3836 0
3882 0
3901 0
3949 0
3970 0
4157 0
4209 0
4292 0
4331 0
4407 0
4442 0
4465 0
4491 0
4511 0
4529 0
4553 0
4600 0
4619 0
4668 0
4730 0
4750 0
4805 0
4840 0
4847 0
4877 0
