311 0
336 0
365 0
388 0
415 0
426 0
482 0
564 0
712 0
724 0
777 0
786 0
817 0
841 0
855 0
905 0
934 0
1055 0
1114 0
1152 0
1226 0
1308 0
1323 0
1346 0
1443 0
1529 0
1555 0
1567 0
1585 0
1600 0
1616 0
1695 0
1723 0
1807 0
1835 0
1842 0
1872 0
1902 0
1915 0
1928 0
1956 0
2046 0
2152 0
2214 0
2247 0
2275 0
2332 0
2358 0
2376 0
2488 0
2515 0
2548 0
2569 0
2643 0
2684 0
2715 0
2724 0
2844 0
2857 0
2875 0
2952 0
2972 0
2999 0
3072 0
3171 0
3256 0
3283 0
3299 0
3329 0
3345 0
3381 0
3391 0
3407 0
3492 0
3520 0
3593 0
3612 0
3624 0
3642 0
3657 0
3699 0
3775 0
3869 0
3898 0
3922 0
3991 0
4077 0
4109 0
4149 0
4291 0
4304 0
4362 0
4385 0
4394 0
4423 0
4452 0
4493 0
4519 0
4643 0
4740 0
4783 0
4801 0
4844 0
4853 0
4889 0
4897 0
