320 0
383 0
501 0
525 0
547 0
599 0
619 0
632 0
675 0
695 0
710 0
715 0
779 0
808 0
826 0
937 0
957 0
972 0
996 0
1046 0
1117 0
1186 0
1282 0
1381 0
1396 0
1427 0
1429 0
1467 0
1511 0
1548 0
1590 0
1614 0
1769 0
1813 0
1832 0
1848 0
1872 0
1945 0
1975 0
2048 0
2060 0
2114 0
2156 0
2237 0
2282 0
2336 0
2394 0
2419 0
2439 0
2451 0
2497 0
2512 0
2551 0
2666 0
2709 0
2721 0
2764 0
2784 0
2804 0
2825 0
2885 0
2930 0
2990 0
3062 0
3106 0
3159 0
3170 0
3242 0
3271 0
3346 0
3377 0
3388 0
3410 0
3436 0
3616 0
3629 0
3661 0
3719 0
3744 0
3775 0
3800 0
3812 0
3828 0
3939 0
4044 0
4104 0
4167 0
4224 0
4234 0
4266 0
4280 0
4402 0
4416 0
4446 0
4495 0
4519 0
4525 0
4550 0
4577 0
4595 0
4617 0
4660 0
4700 0
4725 0
4832 0
4903 0
