307 0
329 0
355 0
418 0
479 0
497 0
536 0
628 0
631 0
649 0
712 0
755 0
844 0
854 0
930 0
949 0
1012 0
1059 0
1091 0
1128 0
1155 0
1216 0
1249 0
1271 0
1311 0
1357 0
1361 0
1392 0
1440 0
1507 0
1552 0
1608 0
1678 0
1732 0
1818 0
1821 0
1864 0
1871 0
1918 0
1928 0
1978 0
2054 0
2066 0
2080 0
2093 0
2123 0
2349 0
2447 0
2507 0
2521 0
2597 0
2624 0
2696 0
2712 0
2772 0
2864 0
3102 0
3117 0
3132 0
3157 0
3172 0
3243 0
3289 0
3304 0
3346 0
3358 0
3390 0
3402 0
3493 0
3541 0
3616 0
3668 0
3709 0
3778 0
3833 0
3853 0
3865 0
3900 0
3953 0
3971 0
4011 0
4066 0
4094 0
4120 0
4160 0
4204 0
4276 0
4294 0
4361 0
4381 0
4462 0
4518 0
4567 0
4575 0
4593 0
4680 0
4718 0
4742 0
4809 0
4874 0
4880 0
4902 0
