307 0
365 0
452 0
489 0
498 0
553 0
638 0
807 0
829 0
848 0
857 0
897 0
932 0
961 0
987 0
1011 0
1041 0
1065 0
1083 0
1142 0
1194 0
1282 0
1341 0
1406 0
1507 0
1548 0
1583 0
1625 0
1639 0
1679 0
1760 0
1774 0
1814 0
1830 0
1843 0
1861 0
1883 0
1922 0
1952 0
1958 0
2059 0
2243 0
2250 0
2268 0
2356 0
2367 0
2411 0
2470 0
2485 0
2508 0
2544 0
2552 0
2585 0
2629 0
2665 0
2678 0
2717 0
2723 0
2753 0
2807 0
2849 0
2860 0
2946 0
2961 0
2976 0
3152 0
3249 0
3276 0
3285 0
3347 0
3358 0
3374 0
3393 0
3414 0
3447 0
3457 0
3546 0
3583 0
3589 0
3635 0
3667 0
3711 0
3816 0
3886 0
3932 0
4018 0
4073 0
4138 0
4156 0
4181 0
4208 0
4229 0
4256 0
4288 0
4329 0
4364 0
4378 0
4389 0
4407 0
4574 0
4671 0
4724 0
4728 0
4763 0
4850 0
4904 0
