307 0
325 0
402 0
455 0
465 0
560 0
575 0
664 0
701 0
730 0
734 0
780 0
796 0
801 0
863 0
890 0
945 0
1036 0
1038 0
1150 0
1204 0
1243 0
1267 0
1316 0
1351 0
1397 0
1443 0
1466 0
1518 0
1542 0
1573 0
1604 0
1633 0
1656 0
1719 0
1808 0
1838 0
1861 0
1920 0
1950 0
1962 0
1982 0
2011 0
2103 0
2197 0
2229 0
2260 0
2291 0
2365 0
2395 0
2519 0
2545 0
2573 0
2645 0
2673 0
2694 0
2836 0
2852 0
2929 0
2965 0
2978 0
3011 0
3121 0
3198 0
3236 0
3256 0
3271 0
3312 0
3361 0
3376 0
3403 0
3497 0
3564 0
3580 0
3613 0
3641 0
3673 0
3693 0
3748 0
3777 0
3813 0
3873 0
3908 0
3957 0
3967 0
4016 0
4073 0
4168 0
4184 0
4273 0
4319 0
4359 0
4404 0
4433 0
4441 0
4481 0
4496 0
4519 0
4548 0
4650 0
4674 0
4744 0
4767 0
4814 0
4890 0
4906 0
