362 0
384 0
410 0
491 0
502 0
602 0
638 0
674 0
695 0
711 0
744 0
792 0
832 0
855 0
887 0
911 0
936 0
1032 0
1039 0
1059 0
1077 0
1129 0
1179 0
1222 0
1316 0
1467 0
1495 0
1498 0
1559 0
1657 0
1675 0
1686 0
1714 0
1762 0
1859 0
1878 0
1954 0
1977 0
2086 0
2122 0
2230 0
2267 0
2291 0
2310 0
2369 0
2400 0
2486 0
2501 0
2595 0
2633 0
2714 0
2721 0
2807 0
2849 0
2908 0
2926 0
2945 0
2980 0
3107 0
3143 0
3238 0
3276 0
3333 0
3356 0
3454 0
3515 0
3524 0
3546 0
3568 0
3669 0
3714 0
3724 0
3749 0
3908 0
3996 0
4045 0
4088 0
4138 0
4149 0
4170 0
4196 0
4273 0
4303 0
4330 0
4368 0
4393 0
4422 0
4474 0
4511 0
4532 0
4553 0
4582 0
4615 0
4715 0
4739 0
4805 0
4835 0
4849 0
