341 0
385 0
530 0
566 0
669 0
711 0
739 0
770 0
803 0
857 0
907 0
962 0
973 0
1032 0
1080 0
1123 0
1176 0
1219 0
1282 0
1340 0
1347 0
1388 0
1402 0
1427 0
1515 0
1621 0
1646 0
1730 0
1777 0
1792 0
1806 0
1835 0
1953 0
1961 0
2000 0
2069 0
2085 0
2147 0
2172 0
2179 0
2245 0
2275 0
2287 0
2305 0
2373 0
2396 0
2404 0
2439 0
2510 0
2565 0
2661 0
2706 0
2784 0
2810 0
2836 0
2850 0
2919 0
2935 0
2947 0
2972 0
3033 0
3052 0
3076 0
3141 0
3150 0
3216 0
3252 0
3278 0
3391 0
3402 0
3423 0
3449 0
3492 0
3576 0
3596 0
3705 0
3801 0
3823 0
3837 0
3866 0
3889 0
3932 0
3996 0
4033 0
4087 0
4134 0
4186 0
4242 0
4263 0
4315 0
4357 0
4404 0
4452 0
4485 0
4509 0
4549 0
4647 0
4689 0
4839 0
4867 0
