312 0
336 0
344 0
402 0
411 0
443 0
466 0
488 0
509 0
535 0
553 0
606 0
788 0
851 0
902 0
930 0
968 0
1018 0
1127 0
1143 0
1222 0
1232 0
1248 0
1270 0
1305 0
1330 0
1353 0
1391 0
1444 0
1572 0
1659 0
1675 0
1702 0
1732 0
1808 0
1834 0
1862 0
1986 0
1997 0
2049 0
2135 0
2148 0
2178 0
2224 0
2240 0
2245 0
2306 0
2356 0
2430 0
2450 0
2490 0
2573 0
2641 0
2735 0
2766 0
2795 0
2857 0
2912 0
2971 0
2987 0
3000 0
3035 0
3066 0
3080 0
3169 0
3215 0
3239 0
3365 0
3397 0
3410 0
3489 0
3516 0
3537 0
3559 0
3651 0
3775 0
3837 0
3863 0
3883 0
3913 0
3957 0
3963 0
3994 0
4010 0
4078 0
4089 0
4215 0
4255 0
4295 0
4305 0
4359 0
4430 0
4620 0
4661 0
4688 0
4711 0
4735 0
4754 0
4761 0
4809 0
4815 0
4874 0
4893 0
4901 0
