335 0
343 0
367 0
422 0
438 0
464 0
497 0
560 0
625 0
701 0
719 0
768 0
808 0
961 0
1014 0
1067 0
1078 0
1120 0
1132 0
1141 0
1215 0
1251 0
1342 0
1382 0
1408 0
1497 0
1541 0
1680 0
1691 0
1703 0
1784 0
1823 0
1861 0
1888 0
1932 0
1957 0
2021 0
2047 0
2062 0
2089 0
2121 0
2158 0
2173 0
2188 0
2304 0
2342 0
2415 0
2457 0
2481 0
2560 0
2574 0
2650 0
2654 0
2747 0
2759 0
2794 0
2887 0
2913 0
3038 0
3054 0
3064 0
3095 0
3130 0
3154 0
3175 0
3197 0
3256 0
3297 0
3319 0
3351 0
3398 0
3439 0
3516 0
3526 0
3552 0
3685 0
3707 0
3814 0
3840 0
3886 0
3964 0
4002 0
4071 0
4090 0
4106 0
4143 0
4152 0
4213 0
4266 0
4417 0
4439 0
4494 0
4516 0
4594 0
4661 0
4717 0
4750 0
4787 0
4807 0
4846 0
4871 0
4894 0
