308 0
373 0
384 0
419 0
443 0
540 0
660 0
730 0
734 0
771 0
821 0
895 0
906 0
994 0
1009 0
1039 0
1067 0
1108 0
1126 0
1194 0
1230 0
1320 0
1365 0
1389 0
1409 0
1545 0
1555 0
1608 0
1687 0
1722 0
1797 0
1852 0
1857 0
1894 0
1926 0
1963 0
2009 0
2079 0
2155 0
2160 0
2219 0
2273 0
2361 0
2390 0
2400 0
2436 0
2457 0
2490 0
2551 0
2581 0
2647 0
2662 0
2726 0
2759 0
2778 0
2821 0
2826 0
2858 0
2945 0
3004 0
3052 0
3074 0
3135 0
3204 0
3262 0
3295 0
3325 0
3352 0
3378 0
3433 0
3499 0
3530 0
3607 0
3656 0
3674 0
3814 0
3833 0
3855 0
3904 0
3987 0
4017 0
4081 0
4099 0
4151 0
4181 0
4214 0
4222 0
4312 0
4325 0
4395 0
4443 0
4479 0
4501 0
4557 0
4691 0
4767 0
4805 0
4837 0
4848 0
4904 0
