309 0
403 0
419 0
443 0
472 0
498 0
524 0
546 0
605 0
631 0
647 0
706 0
793 0
836 0
863 0
915 0
953 0
1066 0
1155 0
1181 0
1213 0
1294 0
1336 0
1374 0
1401 0
1443 0
1467 0
1495 0
1539 0
1567 0
1585 0
1605 0
1629 0
1655 0
1696 0
1764 0
1769 0
1795 0
1962 0
2009 0
2052 0
2060 0
2138 0
2173 0
2181 0
2297 0
2382 0
2405 0
2497 0
2503 0
2593 0
2625 0
2711 0
2726 0
2809 0
2825 0
2922 0
3031 0
3057 0
3084 0
3153 0
3166 0
3212 0
3252 0
3419 0
3444 0
3458 0
3527 0
3569 0
3591 0
3611 0
3623 0
3649 0
3673 0
3729 0
3752 0
3775 0
3819 0
3854 0
3883 0
3919 0
4005 0
4034 0
4067 0
4153 0
4265 0
4314 0
4354 0
4379 0
4433 0
4517 0
4562 0
4574 0
4621 0
4664 0
4708 0
4712 0
4758 0
4769 0
4799 0
4813 0
4907 0
