308 0
413 0
446 0
494 0
536 0
559 0
573 0
599 0
721 0
933 0
936 0
966 0
975 0
1029 0
1090 0
1118 0
1178 0
1197 0
1260 0
1329 0
1351 0
1400 0
1422 0
1487 0
1508 0
1523 0
1560 0
1565 0
1601 0
1641 0
1670 0
1699 0
1828 0
1848 0
1911 0
1963 0
1992 0
2059 0
2094 0
2156 0
2169 0
2184 0
2208 0
2266 0
2389 0
2421 0
2446 0
2509 0
2530 0
2534 0
2573 0
2639 0
2677 0
2689 0
2714 0
2777 0
2804 0
2832 0
2947 0
3025 0
3034 0
3045 0
3071 0
3124 0
3150 0
3216 0
3258 0
3300 0
3379 0
3393 0
3535 0
3551 0
3584 0
3609 0
3647 0
3662 0
3692 0
3717 0
3725 0
3804 0
3817 0
3864 0
3883 0
3959 0
4028 0
4037 0
4108 0
4120 0
4197 0
4237 0
4259 0
4281 0
4291 0
4501 0
4608 0
4656 0
4659 0
4679 0
4711 0
4769 0
4810 0
4901 0
