324 0
364 0
376 0
404 0
441 0
450 0
611 0
618 0
658 0
678 0
721 0
735 0
793 0
826 0
911 0
1006 0
1043 0
1101 0
1124 0
1155 0
1211 0
1249 0
1264 0
1285 0
1356 0
1386 0
1397 0
1549 0
1593 0
1618 0
1673 0
1697 0
1711 0
1723 0
1788 0
1806 0
1833 0
1957 0
1984 0
1990 0
2088 0
2093 0
2158 0
2200 0
2236 0
2374 0
2400 0
2444 0
2458 0
2559 0
2592 0
2626 0
2653 0
2756 0
2785 0
2808 0
2852 0
2988 0
3010 0
3064 0
3121 0
3136 0
3226 0
3237 0
3252 0
3395 0
3403 0
3421 0
3487 0
3506 0
3531 0
3545 0
3598 0
3634 0
3660 0
3816 0
3838 0
3871 0
3932 0
3950 0
3975 0
3997 0
4070 0
4092 0
4128 0
4180 0
4202 0
4317 0
4402 0
4431 0
4472 0
4500 0
4547 0
4570 0
4599 0
4612 0
4765 0
4784 0
4812 0
4832 0
4853 0
4892 0
