318 0
337 0
427 0
468 0
509 0
525 0
572 0
608 0
709 0
742 0
784 0
950 0
953 0
999 0
1044 0
1093 0
1117 0
1124 0
1175 0
1195 0
1285 0
1306 0
1310 0
1358 0
1431 0
1494 0
1520 0
1650 0
1670 0
1849 0
1880 0
1942 0
2021 0
2076 0
2103 0
2168 0
2181 0
2235 0
2257 0
2289 0
2305 0
2340 0
2390 0
2401 0
2419 0
2485 0
2501 0
2556 0
2576 0
2600 0
2633 0
2641 0
2661 0
2715 0
2722 0
2798 0
2810 0
2836 0
2880 0
2917 0
2926 0
2969 0
2991 0
3027 0
3050 0
3119 0
3143 0
3197 0
3270 0
3335 0
3374 0
3550 0
3562 0
3699 0
3728 0
3777 0
3873 0
3905 0
3916 0
3938 0
4020 0
4033 0
4084 0
4109 0
4123 0
4180 0
4217 0
4260 0
4283 0
4422 0
4478 0
4521 0
4608 0
4646 0
4694 0
4712 0
4751 0
4781 0
4894 0
4908 0
