419 0
428 0
471 0
477 0
523 0
560 0
570 0
654 0
665 0
698 0
736 0
791 0
811 0
856 0
951 0
976 0
1016 0
1028 0
1058 0
1116 0
1127 0
1201 0
1212 0
1357 0
1443 0
1510 0
1534 0
1548 0
1566 0
1630 0
1638 0
1671 0
1695 0
1762 0
1832 0
1899 0
1926 0
1964 0
1976 0
1995 0
2097 0
2164 0
2228 0
2255 0
2276 0
2353 0
2367 0
2437 0
2502 0
2526 0
2600 0
2628 0
2692 0
2714 0
2785 0
2841 0
2865 0
2956 0
2961 0
2982 0
3054 0
3125 0
3226 0
3241 0
3254 0
3283 0
3316 0
3389 0
3455 0
3531 0
3540 0
3579 0
3595 0
3651 0
3671 0
3677 0
3712 0
3781 0
3863 0
4008 0
4026 0
4084 0
4106 0
4158 0
4184 0
4212 0
4240 0
4270 0
4355 0
4414 0
4432 0
4478 0
4506 0
4553 0
4558 0
4646 0
4659 0
4706 0
4732 0
4758 0
4779 0
4798 0
