321 0
345 0
368 0
445 0
475 0
511 0
539 0
620 0
645 0
681 0
746 0
759 0
819 0
839 0
855 0
898 0
910 0
939 0
963 0
1009 0
1042 0
1101 0
1213 0
1256 0
1291 0
1336 0
1422 0
1486 0
1526 0
1569 0
1595 0
1599 0
1659 0
1675 0
1723 0
1795 0
1861 0
1898 0
2010 0
2078 0
2136 0
2148 0
2285 0
2341 0
2351 0
2372 0
2396 0
2410 0
2435 0
2471 0
2513 0
2519 0
2691 0
2709 0
2744 0
2773 0
2820 0
2826 0
2847 0
2865 0
2886 0
2930 0
3069 0
3085 0
3139 0
3200 0
3328 0
3352 0
3431 0
3490 0
3538 0
3567 0
3614 0
3637 0
3642 0
3704 0
3724 0
3795 0
3890 0
3928 0
3969 0
4004 0
4122 0
4172 0
4208 0
4262 0
4270 0
4316 0
4328 0
4358 0
4384 0
4399 0
4463 0
4487 0
4524 0
4577 0
4598 0
4677 0
4699 0
4756 0
4761 0
4859 0
4868 0
4912 0
