350 0
364 0
379 0
393 0
454 0
577 0
624 0
657 0
673 0
730 0
808 0
819 0
897 0
966 0
972 0
994 0
1012 0
1099 0
1120 0
1189 0
1232 0
1245 0
1273 0
1286 0
1304 0
1340 0
1356 0
1430 0
1466 0
1546 0
1609 0
1693 0
1763 0
1775 0
1850 0
1856 0
1874 0
1895 0
2042 0
2065 0
2105 0
2109 0
2149 0
2179 0
2199 0
2226 0
2259 0
2299 0
2386 0
2425 0
2440 0
2475 0
2547 0
2574 0
2649 0
2672 0
2739 0
2784 0
2798 0
2823 0
2916 0
2974 0
2996 0
3014 0
3041 0
3063 0
3100 0
3118 0
3156 0
3172 0
3326 0
3334 0
3357 0
3381 0
3450 0
3457 0
3527 0
3611 0
3688 0
3753 0
3780 0
3875 0
3880 0
3917 0
3932 0
3946 0
3971 0
3981 0
4040 0
4102 0
4116 0
4212 0
4232 0
4247 0
4259 0
4333 0
4390 0
4412 0
4503 0
4547 0
4572 0
4592 0
4649 0
4765 0
4822 0
4832 0
4858 0
4874 0
