308 0
355 0
368 0
429 0
466 0
492 0
505 0
562 0
620 0
706 0
766 0
793 0
847 0
996 0
1011 0
1024 0
1040 0
1059 0
1104 0
1200 0
1227 0
1242 0
1297 0
1317 0
1332 0
1357 0
1386 0
1401 0
1480 0
1521 0
1696 0
1716 0
1779 0
1812 0
1832 0
1845 0
1871 0
1954 0
1975 0
1994 0
2008 0
2056 0
2072 0
2081 0
2230 0
2286 0
2342 0
2355 0
2394 0
2421 0
2505 0
2596 0
2624 0
2713 0
2792 0
2824 0
2867 0
2888 0
2926 0
2987 0
3136 0
3146 0
3169 0
3207 0
3216 0
3242 0
3280 0
3342 0
3368 0
3391 0
3414 0
3438 0
3518 0
3523 0
3692 0
3733 0
3819 0
3841 0
3862 0
3877 0
3903 0
3917 0
3966 0
3991 0
4014 0
4121 0
4163 0
4178 0
4196 0
4210 0
4232 0
4382 0
4422 0
4442 0
4506 0
4597 0
4651 0
4713 0
4732 0
4750 0
4790 0
4856 0
4863 0
4899 0
