316 0
369 0
409 0
438 0
478 0
504 0
513 0
534 0
638 0
699 0
734 0
783 0
805 0
846 0
919 0
995 0
1042 0
1061 0
1084 0
1117 0
1126 0
1150 0
1265 0
1307 0
1355 0
1379 0
1395 0
1427 0
1489 0
1524 0
1637 0
1680 0
1720 0
1755 0
1833 0
1881 0
1948 0
1987 0
1991 0
2093 0
2115 0
2177 0
2248 0
2287 0
2305 0
2337 0
2441 0
2525 0
2561 0
2655 0
2696 0
2782 0
2877 0
2922 0
2936 0
2972 0
3035 0
3102 0
3124 0
3229 0
3232 0
3272 0
3336 0
3398 0
3465 0
3492 0
3544 0
3583 0
3705 0
3735 0
3796 0
3821 0
3835 0
3870 0
3924 0
3952 0
4077 0
4087 0
4101 0
4143 0
4156 0
4180 0
4222 0
4293 0
4370 0
4409 0
4424 0
4474 0
4517 0
4583 0
4691 0
4707 0
4715 0
4735 0
4787 0
4798 0
4856 0
4908 0
