343 0
366 0
467 0
531 0
550 0
608 0
650 0
673 0
692 0
700 0
732 0
780 0
787 0
886 0
957 0
975 0
1036 0
1050 0
1137 0
1179 0
1215 0
1229 0
1303 0
1340 0
1387 0
1437 0
1476 0
1538 0
1593 0
1650 0
1671 0
1777 0
1810 0
1846 0
1890 0
1951 0
2007 0
2045 0
2085 0
2098 0
2138 0
2235 0
2270 0
2294 0
2350 0
2364 0
2393 0
2489 0
2508 0
2541 0
2552 0
2594 0
2622 0
2659 0
2685 0
2717 0
2731 0
2828 0
2840 0
2859 0
2937 0
2947 0
2979 0
3082 0
3113 0
3139 0
3176 0
3199 0
3279 0
3316 0
3380 0
3416 0
3441 0
3538 0
3559 0
3629 0
3683 0
3752 0
3785 0
3837 0
3885 0
3916 0
3992 0
4000 0
4033 0
4082 0
4175 0
4188 0
4234 0
4265 0
4325 0
4423 0
4452 0
4478 0
4507 0
4535 0
4551 0
4565 0
4623 0
4664 0
4679 0
4759 0
4860 0
4874 0
