415 0
436 0
464 0
477 0
547 0
604 0
623 0
649 0
669 0
709 0
792 0
806 0
820 0
849 0
979 0
1005 0
1048 0
1087 0
1145 0
1178 0
1196 0
1223 0
1273 0
1279 0
1311 0
1363 0
1389 0
1439 0
1486 0
1504 0
1553 0
1579 0
1582 0
1675 0
1727 0
1761 0
1799 0
1877 0
1925 0
2008 0
2053 0
2069 0
2097 0
2144 0
2282 0
2310 0
2367 0
2395 0
2409 0
2423 0
2451 0
2547 0
2568 0
2636 0
2685 0
2765 0
2798 0
2809 0
2828 0
2851 0
2913 0
2926 0
3063 0
3124 0
3150 0
3163 0
3200 0
3288 0
3338 0
3425 0
3454 0
3499 0
3549 0
3636 0
3646 0
3660 0
3715 0
3733 0
3785 0
3832 0
3856 0
3908 0
3931 0
3956 0
4000 0
4025 0
4037 0
4065 0
4138 0
4166 0
4202 0
4248 0
4379 0
4401 0
4407 0
4428 0
4519 0
4552 0
4559 0
4601 0
4614 0
4672 0
4737 0
4753 0
4785 0
4795 0
