347 0
395 0
482 0
549 0
628 0
669 0
682 0
723 0
732 0
814 0
820 0
863 0
897 0
903 0
994 0
1006 0
1104 0
1117 0
1181 0
1253 0
1272 0
1290 0
1313 0
1403 0
1414 0
1430 0
1511 0
1516 0
1566 0
1591 0
1614 0
1708 0
1731 0
1757 0
1827 0
1897 0
1905 0
1959 0
1987 0
1996 0
2050 0
2062 0
2140 0
2151 0
2239 0
2262 0
2311 0
2330 0
2426 0
2438 0
2471 0
2553 0
2569 0
2638 0
2658 0
2753 0
2775 0
2797 0
2888 0
2909 0
2950 0
2985 0
3076 0
3092 0
3159 0
3168 0
3217 0
3240 0
3252 0
3304 0
3330 0
3384 0
3462 0
3497 0
3517 0
3605 0
3632 0
3640 0
3698 0
3713 0
3778 0
3799 0
3819 0
3899 0
3937 0
3951 0
3975 0
4032 0
4100 0
4120 0
4207 0
4231 0
4310 0
4330 0
4368 0
4387 0
4410 0
4479 0
4493 0
4534 0
4548 0
4594 0
4668 0
4731 0
4812 0
4868 0
