385 0
404 0
409 0
484 0
541 0
549 0
596 0
623 0
635 0
656 0
677 0
696 0
824 0
837 0
863 0
897 0
991 0
1082 0
1094 0
1121 0
1187 0
1212 0
1232 0
1279 0
1361 0
1477 0
1483 0
1532 0
1554 0
1606 0
1616 0
1642 0
1654 0
1823 0
1862 0
1882 0
1941 0
1970 0
2045 0
2070 0
2205 0
2265 0
2301 0
2389 0
2419 0
2434 0
2449 0
2495 0
2544 0
2574 0
2649 0
2673 0
2722 0
2767 0
2786 0
2789 0
2827 0
2913 0
2948 0
3022 0
3160 0
3172 0
3250 0
3265 0
3334 0
3365 0
3393 0
3561 0
3576 0
3598 0
3611 0
3660 0
3684 0
3736 0
3754 0
3845 0
3929 0
3988 0
4000 0
4037 0
4106 0
4119 0
4138 0
4220 0
4321 0
4362 0
4372 0
4397 0
4538 0
4545 0
4565 0
4580 0
4591 0
4609 0
4659 0
4690 0
4737 0
4797 0
4823 0
4841 0
