315 0
338 0
419 0
458 0
556 0
611 0
626 0
657 0
686 0
733 0
749 0
785 0
860 0
903 0
962 0
995 0
1052 0
1101 0
1183 0
1212 0
1262 0
1283 0
1321 0
1354 0
1383 0
1444 0
1483 0
1502 0
1529 0
1543 0
1588 0
1609 0
1830 0
1839 0
1928 0
1939 0
1977 0
2008 0
2053 0
2127 0
2147 0
2167 0
2202 0
2276 0
2301 0
2331 0
2349 0
2370 0
2406 0
2580 0
2596 0
2629 0
2641 0
2819 0
2851 0
2865 0
2877 0
2914 0
2944 0
3013 0
3044 0
3062 0
3089 0
3173 0
3208 0
3240 0
3269 0
3289 0
3370 0
3399 0
3615 0
3630 0
3677 0
3703 0
3719 0
3725 0
3778 0
3831 0
3864 0
3902 0
3934 0
3945 0
4009 0
4042 0
4115 0
4181 0
4228 0
4252 0
4309 0
4355 0
4428 0
4467 0
4481 0
4531 0
4561 0
4601 0
4608 0
4667 0
4761 0
4800 0
4889 0
4911 0
