312 0
339 0
349 0
480 0
525 0
534 0
575 0
641 0
661 0
666 0
689 0
698 0
733 0
764 0
843 0
863 0
939 0
979 0
1001 0
1059 0
1085 0
1108 0
1209 0
1324 0
1355 0
1420 0
1487 0
1507 0
1516 0
1552 0
1583 0
1638 0
1695 0
1774 0
1852 0
1856 0
1874 0
1945 0
2004 0
2011 0
2058 0
2131 0
2252 0
2281 0
2382 0
2444 0
2462 0
2476 0
2508 0
2574 0
2646 0
2710 0
2746 0
2757 0
2785 0
2823 0
2936 0
2967 0
3085 0
3156 0
3212 0
3227 0
3268 0
3342 0
3354 0
3373 0
3447 0
3523 0
3578 0
3637 0
3656 0
3695 0
3720 0
3728 0
3800 0
3860 0
3898 0
4006 0
4103 0
4138 0
4161 0
4218 0
4236 0
4277 0
4362 0
4371 0
4460 0
4482 0
4520 0
4536 0
4543 0
4561 0
4586 0
4653 0
4676 0
4700 0
4728 0
4871 0
4893 0
4903 0
