318 0
365 0
378 0
410 0
455 0
474 0
526 0
627 0
749 0
769 0
784 0
826 0
858 0
944 0
977 0
997 0
1044 0
1060 0
1106 0
1136 0
1143 0
1206 0
1228 0
1368 0
1389 0
1400 0
1439 0
1508 0
1553 0
1578 0
1585 0
1614 0
1690 0
1708 0
1789 0
1854 0
1906 0
1926 0
1968 0
1987 0
2001 0
2022 0
2056 0
2064 0
2093 0
2147 0
2169 0
2187 0
2245 0
2344 0
2522 0
2589 0
2626 0
2687 0
2886 0
2974 0
3029 0
3050 0
3066 0
3116 0
3146 0
3171 0
3210 0
3222 0
3232 0
3260 0
3288 0
3313 0
3354 0
3429 0
3503 0
3529 0
3617 0
3636 0
3654 0
3658 0
3714 0
3776 0
3824 0
3830 0
3855 0
3985 0
4021 0
4067 0
4091 0
4110 0
4149 0
4173 0
4225 0
4243 0
4270 0
4353 0
4395 0
4430 0
4441 0
4470 0
4601 0
4707 0
4750 0
4769 0
4808 0
4841 0
4855 0
4897 0
