343 0
363 0
378 0
392 0
475 0
554 0
661 0
677 0
682 0
702 0
724 0
778 0
897 0
911 0
977 0
1043 0
1057 0
1089 0
1137 0
1189 0
1212 0
1232 0
1333 0
1371 0
1477 0
1486 0
1585 0
1599 0
1652 0
1760 0
1779 0
1795 0
1848 0
1866 0
1892 0
1918 0
1942 0
1961 0
2096 0
2115 0
2156 0
2168 0
2218 0
2263 0
2330 0
2446 0
2451 0
2543 0
2576 0
2650 0
2670 0
2756 0
2774 0
2882 0
2953 0
3001 0
3054 0
3068 0
3109 0
3125 0
3250 0
3280 0
3302 0
3326 0
3362 0
3367 0
3425 0
3441 0
3466 0
3565 0
3618 0
3627 0
3727 0
3753 0
3857 0
3892 0
3985 0
4007 0
4032 0
4086 0
4126 0
4159 0
4174 0
4249 0
4315 0
4328 0
4451 0
4503 0
4514 0
4528 0
4544 0
4560 0
4663 0
4749 0
4823 0
4836 0
4854 0
4863 0
