316 0
373 0
413 0
440 0
471 0
482 0
501 0
521 0
667 0
706 0
745 0
751 0
801 0
822 0
845 0
890 0
922 0
979 0
994 0
1082 0
1103 0
1129 0
1191 0
1342 0
1404 0
1485 0
1514 0
1541 0
1555 0
1591 0
1601 0
1624 0
1771 0
1882 0
1903 0
2000 0
2008 0
2054 0
2064 0
2082 0
2104 0
2161 0
2253 0
2427 0
2434 0
2488 0
2528 0
2549 0
2575 0
2589 0
2634 0
2646 0
2674 0
2687 0
2727 0
2781 0
2792 0
2972 0
3055 0
3119 0
3130 0
3155 0
3173 0
3211 0
3222 0
3326 0
3334 0
3450 0
3591 0
3609 0
3630 0
3670 0
3678 0
3690 0
3726 0
3809 0
3878 0
4026 0
4090 0
4123 0
4137 0
4229 0
4241 0
4300 0
4325 0
4385 0
4401 0
4407 0
4465 0
4474 0
4510 0
4553 0
4694 0
4722 0
4733 0
4744 0
4787 0
4809 0
4851 0
4899 0
