325 0
377 0
399 0
441 0
455 0
469 0
514 0
608 0
639 0
694 0
702 0
764 0
783 0
842 0
951 0
967 0
975 0
999 0
1010 0
1073 0
1147 0
1242 0
1294 0
1347 0
1375 0
1418 0
1442 0
1476 0
1482 0
1559 0
1572 0
1592 0
1681 0
1687 0
1705 0
1762 0
1849 0
1946 0
1992 0
2015 0
2050 0
2079 0
2098 0
2148 0
2173 0
2273 0
2393 0
2413 0
2434 0
2471 0
2504 0
2534 0
2595 0
2634 0
2673 0
2705 0
2740 0
2778 0
2819 0
2828 0
2949 0
3046 0
3073 0
3127 0
3139 0
3163 0
3203 0
3224 0
3272 0
3382 0
3463 0
3517 0
3533 0
3541 0
3631 0
3640 0
3656 0
3731 0
3743 0
3782 0
3797 0
3855 0
3874 0
3914 0
3964 0
4078 0
4136 0
4213 0
4217 0
4242 0
4260 0
4270 0
4383 0
4426 0
4463 0
4513 0
4534 0
4586 0
4611 0
4695 0
4757 0
4761 0
4793 0
4813 0
4841 0
4890 0
