317 0
324 0
356 0
359 0
394 0
423 0
431 0
449 0
549 0
677 0
684 0
705 0
730 0
797 0
800 0
860 0
923 0
963 0
995 0
1049 0
1120 0
1205 0
1210 0
1369 0
1391 0
1486 0
1519 0
1566 0
1609 0
1619 0
1642 0
1725 0
1761 0
1826 0
1864 0
1889 0
1939 0
1961 0
2056 0
2059 0
2083 0
2222 0
2235 0
2264 0
2351 0
2364 0
2392 0
2400 0
2441 0
2461 0
2515 0
2710 0
2757 0
2787 0
2815 0
2826 0
2852 0
2864 0
2948 0
2985 0
3005 0
3139 0
3151 0
3176 0
3262 0
3265 0
3323 0
3355 0
3388 0
3467 0
3486 0
3581 0
3590 0
3608 0
3652 0
3694 0
3730 0
3826 0
3854 0
3997 0
4015 0
4107 0
4169 0
4221 0
4253 0
4296 0
4365 0
4419 0
4429 0
4498 0
4512 0
4530 0
4551 0
4664 0
4763 0
4790 0
4795 0
4815 0
4855 0
4867 0
4888 0
4903 0
