367 0
389 0
403 0
450 0
540 0
551 0
617 0
720 0
745 0
784 0
819 0
841 0
865 0
899 0
904 0
979 0
1019 0
1067 0
1077 0
1097 0
1116 0
1252 0
1353 0
1391 0
1417 0
1469 0
1493 0
1507 0
1555 0
1630 0
1709 0
1753 0
1781 0
1871 0
1941 0
1967 0
1986 0
2050 0
2113 0
2154 0
2219 0
2228 0
2248 0
2291 0
2302 0
2378 0
2433 0
2528 0
2695 0
2781 0
2854 0
2915 0
2936 0
2963 0
2977 0
3005 0
3074 0
3110 0
3168 0
3243 0
3262 0
3272 0
3333 0
3439 0
3455 0
3509 0
3592 0
3663 0
3716 0
3737 0
3756 0
3795 0
3838 0
3868 0
3971 0
4103 0
4123 0
4141 0
4159 0
4211 0
4240 0
4317 0
4319 0
4368 0
4371 0
4387 0
4434 0
4474 0
4497 0
4600 0
4669 0
4685 0
4767 0
4817 0
4841 0
4848 0
