318 0
339 0
418 0
450 0
466 0
513 0
542 0
574 0
606 0
652 0
666 0
716 0
740 0
813 0
860 0
974 0
1048 0
1068 0
1075 0
1134 0
1182 0
1197 0
1271 0
1300 0
1405 0
1470 0
1492 0
1529 0
1596 0
1638 0
1658 0
1783 0
1787 0
1830 0
1839 0
1859 0
1920 0
1977 0
2071 0
2098 0
2118 0
2141 0
2178 0
2235 0
2264 0
2383 0
2415 0
2564 0
2593 0
2624 0
2660 0
2798 0
2831 0
2950 0
2979 0
3038 0
3078 0
3107 0
3121 0
3159 0
3237 0
3309 0
3353 0
3375 0
3385 0
3423 0
3449 0
3561 0
3580 0
3624 0
3694 0
3730 0
3751 0
3824 0
3923 0
3956 0
4013 0
4044 0
4084 0
4132 0
4159 0
4178 0
4235 0
4359 0
4417 0
4476 0
4489 0
4550 0
4562 0
4609 0
4643 0
4690 0
4704 0
4750 0
4770 0
4808 0
4884 0
4899 0
