322 0
329 0
361 0
398 0
469 0
495 0
541 0
620 0
643 0
655 0
673 0
730 0
837 0
887 0
931 0
957 0
1031 0
1041 0
1070 0
1094 0
1134 0
1202 0
1229 0
1267 0
1312 0
1340 0
1373 0
1378 0
1495 0
1498 0
1514 0
1544 0
1593 0
1605 0
1643 0
1654 0
1675 0
1778 0
1830 0
1877 0
1936 0
1968 0
2003 0
2097 0
2151 0
2231 0
2281 0
2338 0
2360 0
2439 0
2481 0
2545 0
2586 0
2625 0
2677 0
2740 0
2772 0
2858 0
2883 0
2927 0
2984 0
3066 0
3126 0
3228 0
3258 0
3291 0
3340 0
3395 0
3435 0
3549 0
3554 0
3578 0
3610 0
3623 0
3687 0
3700 0
3722 0
3732 0
3835 0
3849 0
3880 0
3902 0
3950 0
3992 0
4017 0
4089 0
4128 0
4164 0
4178 0
4197 0
4257 0
4285 0
4324 0
4370 0
4492 0
4542 0
4572 0
4584 0
4597 0
4686 0
4715 0
4746 0
4825 0
4849 0
4887 0
4908 0
