350 0
379 0
438 0
491 0
501 0
534 0
553 0
614 0
634 0
653 0
728 0
777 0
805 0
910 0
941 0
970 0
988 0
1014 0
1070 0
1091 0
1130 0
1152 0
1291 0
1330 0
1349 0
1382 0
1426 0
1495 0
1511 0
1540 0
1629 0
1639 0
1720 0
1752 0
1876 0
1903 0
1953 0
1996 0
2047 0
2094 0
2154 0
2161 0
2199 0
2223 0
2289 0
2303 0
2369 0
2390 0
2398 0
2418 0
2438 0
2776 0
2798 0
2821 0
2834 0
2841 0
2917 0
2937 0
3007 0
3015 0
3054 0
3068 0
3118 0
3163 0
3214 0
3278 0
3322 0
3336 0
3456 0
3493 0
3586 0
3598 0
3684 0
3721 0
3733 0
3801 0
3841 0
3873 0
3877 0
3934 0
4077 0
4091 0
4126 0
4151 0
4212 0
4232 0
4235 0
4275 0
4305 0
4418 0
4444 0
4500 0
4567 0
4589 0
4591 0
4665 0
4676 0
4720 0
4739 0
4792 0
4842 0
4874 0
