339 0
349 0
379 0
392 0
439 0
491 0
517 0
533 0
569 0
626 0
757 0
795 0
804 0
834 0
968 0
1043 0
1117 0
1143 0
1174 0
1213 0
1235 0
1288 0
1302 0
1351 0
1414 0
1442 0
1489 0
1504 0
1515 0
1594 0
1613 0
1644 0
1677 0
1704 0
1789 0
1865 0
1988 0
1995 0
2058 0
2187 0
2200 0
2216 0
2254 0
2308 0
2342 0
2351 0
2429 0
2434 0
2464 0
2530 0
2551 0
2664 0
2701 0
2767 0
2776 0
2795 0
2870 0
2883 0
2921 0
2964 0
3000 0
3019 0
3029 0
3154 0
3215 0
3246 0
3363 0
3428 0
3515 0
3543 0
3582 0
3615 0
3625 0
3690 0
3709 0
3739 0
3790 0
3798 0
3865 0
3912 0
3931 0
3992 0
4003 0
4032 0
4071 0
4099 0
4172 0
4255 0
4381 0
4408 0
4423 0
4470 0
4600 0
4645 0
4690 0
4695 0
4736 0
4791 0
4827 0
4837 0
4875 0
4886 0
