342 0
418 0
471 0
514 0
555 0
662 0
720 0
732 0
806 0
911 0
938 0
964 0
987 0
1033 0
1048 0
1062 0
1075 0
1127 0
1141 0
1191 0
1211 0
1233 0
1311 0
1367 0
1441 0
1555 0
1586 0
1613 0
1728 0
1776 0
1792 0
1812 0
1873 0
1923 0
1939 0
1969 0
1985 0
1993 0
2075 0
2106 0
2141 0
2172 0
2184 0
2236 0
2288 0
2334 0
2362 0
2438 0
2458 0
2496 0
2505 0
2592 0
2627 0
2708 0
2723 0
2765 0
2786 0
2863 0
2889 0
2935 0
2981 0
3038 0
3047 0
3093 0
3113 0
3137 0
3218 0
3246 0
3261 0
3265 0
3290 0
3338 0
3415 0
3428 0
3437 0
3486 0
3619 0
3624 0
3668 0
3784 0
3858 0
3895 0
3989 0
3999 0
4026 0
4079 0
4092 0
4144 0
4158 0
4180 0
4196 0
4220 0
4261 0
4272 0
4303 0
4407 0
4480 0
4498 0
4572 0
4661 0
4703 0
4751 0
4807 0
4872 0
