367 0
383 0
516 0
539 0
569 0
626 0
676 0
703 0
730 0
743 0
752 0
780 0
834 0
910 0
926 0
953 0
984 0
1085 0
1143 0
1214 0
1225 0
1318 0
1346 0
1393 0
1473 0
1497 0
1521 0
1578 0
1638 0
1656 0
1688 0
1761 0
1780 0
1794 0
1852 0
1902 0
1917 0
1983 0
1995 0
2055 0
2073 0
2113 0
2161 0
2222 0
2350 0
2403 0
2442 0
2492 0
2551 0
2579 0
2650 0
2664 0
2728 0
2778 0
2809 0
2867 0
3006 0
3054 0
3109 0
3148 0
3163 0
3223 0
3241 0
3313 0
3316 0
3379 0
3421 0
3442 0
3458 0
3523 0
3560 0
3576 0
3641 0
3701 0
3720 0
3753 0
3832 0
3860 0
3905 0
3981 0
3997 0
4075 0
4133 0
4240 0
4258 0
4300 0
4305 0
4375 0
4440 0
4464 0
4485 0
4501 0
4507 0
4551 0
4597 0
4643 0
4680 0
4703 0
4844 0
4853 0
