321 0
335 0
438 0
502 0
524 0
662 0
664 0
699 0
723 0
745 0
751 0
780 0
812 0
887 0
932 0
1011 0
1025 0
1055 0
1082 0
1126 0
1154 0
1233 0
1261 0
1316 0
1351 0
1405 0
1444 0
1469 0
1482 0
1600 0
1616 0
1646 0
1653 0
1677 0
1727 0
1781 0
1872 0
1890 0
1932 0
1945 0
2080 0
2103 0
2149 0
2235 0
2247 0
2283 0
2345 0
2350 0
2394 0
2429 0
2478 0
2487 0
2505 0
2586 0
2630 0
2712 0
2728 0
2752 0
2801 0
2824 0
2872 0
2878 0
2933 0
2960 0
2986 0
3067 0
3117 0
3131 0
3268 0
3293 0
3322 0
3340 0
3445 0
3493 0
3540 0
3555 0
3584 0
3593 0
3620 0
3730 0
3741 0
3788 0
3810 0
3863 0
3905 0
3951 0
3983 0
4067 0
4087 0
4136 0
4161 0
4193 0
4215 0
4299 0
4324 0
4408 0
4439 0
4455 0
4477 0
4499 0
4519 0
4552 0
4568 0
4698 0
4716 0
4787 0
4893 0
4909 0
