310 0
355 0
382 0
398 0
509 0
566 0
604 0
656 0
665 0
752 0
772 0
865 0
898 0
1018 0
1026 0
1049 0
1056 0
1116 0
1131 0
1147 0
1175 0
1230 0
1251 0
1286 0
1393 0
1418 0
1493 0
1505 0
1535 0
1563 0
1567 0
1613 0
1687 0
1850 0
1881 0
1925 0
1992 0
2065 0
2102 0
2129 0
2152 0
2215 0
2229 0
2275 0
2336 0
2351 0
2383 0
2543 0
2565 0
2593 0
2623 0
2663 0
2673 0
2823 0
2872 0
2880 0
2953 0
2981 0
3000 0
3075 0
3080 0
3122 0
3159 0
3229 0
3293 0
3333 0
3379 0
3521 0
3605 0
3648 0
3671 0
3676 0
3715 0
3738 0
3800 0
3827 0
3940 0
3964 0
3993 0
4030 0
4071 0
4084 0
4107 0
4163 0
4177 0
4188 0
4206 0
4331 0
4355 0
4439 0
4459 0
4547 0
4560 0
4621 0
4654 0
4725 0
4812 0
4833 0
4864 0
4907 0
