314 0
325 0
350 0
387 0
409 0
577 0
636 0
652 0
683 0
776 0
828 0
906 0
921 0
950 0
961 0
983 0
993 0
1118 0
1177 0
1246 0
1294 0
1321 0
1350 0
1467 0
1521 0
1558 0
1591 0
1627 0
1682 0
1689 0
1709 0
1772 0
1834 0
1877 0
1896 0
1958 0
2003 0
2054 0
2103 0
2138 0
2165 0
2192 0
2212 0
2242 0
2289 0
2376 0
2398 0
2452 0
2579 0
2646 0
2761 0
2814 0
2855 0
2927 0
2991 0
2997 0
3035 0
3051 0
3087 0
3112 0
3177 0
3225 0
3248 0
3318 0
3347 0
3389 0
3442 0
3517 0
3527 0
3546 0
3591 0
3632 0
3667 0
3702 0
3747 0
3874 0
3894 0
3912 0
3977 0
4041 0
4099 0
4225 0
4237 0
4264 0
4273 0
4291 0
4317 0
4400 0
4444 0
4527 0
4558 0
4588 0
4647 0
4802 0
4838 0
4871 0
4880 0
4910 0
