381 0
462 0
526 0
562 0
613 0
690 0
746 0
754 0
781 0
864 0
975 0
1001 0
1017 0
1081 0
1126 0
1147 0
1237 0
1242 0
1291 0
1311 0
1400 0
1426 0
1500 0
1540 0
1559 0
1573 0
1597 0
1654 0
1668 0
1711 0
1724 0
1761 0
1779 0
1793 0
1809 0
1825 0
1874 0
1953 0
1981 0
2009 0
2093 0
2113 0
2182 0
2291 0
2334 0
2364 0
2392 0
2461 0
2581 0
2599 0
2622 0
2641 0
2767 0
2832 0
2842 0
2884 0
2929 0
3032 0
3097 0
3126 0
3197 0
3240 0
3276 0
3337 0
3385 0
3409 0
3431 0
3441 0
3455 0
3493 0
3515 0
3539 0
3562 0
3628 0
3653 0
3667 0
3676 0
3707 0
3795 0
3824 0
3894 0
3939 0
3970 0
3989 0
4074 0
4088 0
4147 0
4213 0
4229 0
4237 0
4364 0
4452 0
4460 0
4480 0
4527 0
4591 0
4656 0
4702 0
4750 0
4844 0
