307 0
339 0
368 0
377 0
399 0
412 0
434 0
466 0
532 0
575 0
632 0
650 0
676 0
713 0
729 0
762 0
767 0
811 0
823 0
942 0
1036 0
1038 0
1212 0
1312 0
1368 0
1427 0
1469 0
1519 0
1550 0
1572 0
1592 0
1625 0
1664 0
1722 0
1789 0
1817 0
1848 0
1907 0
1965 0
1997 0
2165 0
2190 0
2206 0
2234 0
2290 0
2382 0
2411 0
2490 0
2500 0
2574 0
2588 0
2634 0
2637 0
2707 0
2734 0
2818 0
2827 0
2927 0
2986 0
3019 0
3038 0
3044 0
3225 0
3248 0
3305 0
3380 0
3402 0
3432 0
3499 0
3555 0
3590 0
3626 0
3649 0
3665 0
3693 0
3752 0
3801 0
3857 0
3900 0
4007 0
4171 0
4185 0
4283 0
4393 0
4415 0
4447 0
4456 0
4497 0
4521 0
4553 0
4557 0
4586 0
4654 0
4689 0
4752 0
4785 0
4809 0
4815 0
4829 0
4852 0
4882 0
4906 0
