312 0
361 0
427 0
471 0
525 0
545 0
568 0
604 0
615 0
713 0
738 0
767 0
797 0
829 0
860 0
929 0
996 0
1060 0
1072 0
1096 0
1155 0
1197 0
1239 0
1249 0
1281 0
1314 0
1342 0
1408 0
1413 0
1477 0
1508 0
1516 0
1536 0
1560 0
1578 0
1589 0
1633 0
1709 0
1758 0
1777 0
1818 0
1865 0
1935 0
2000 0
2087 0
2102 0
2110 0
2141 0
2293 0
2425 0
2438 0
2485 0
2535 0
2580 0
2598 0
2631 0
2640 0
2677 0
2724 0
2782 0
2804 0
2936 0
3090 0
3108 0
3116 0
3134 0
3228 0
3283 0
3353 0
3414 0
3444 0
3462 0
3513 0
3577 0
3631 0
3643 0
3663 0
3678 0
3702 0
3715 0
3742 0
3799 0
3813 0
3879 0
3909 0
3936 0
3963 0
3989 0
4018 0
4073 0
4126 0
4142 0
4156 0
4229 0
4286 0
4363 0
4395 0
4427 0
4452 0
4485 0
4511 0
4598 0
4619 0
4657 0
4660 0
4698 0
4756 0
4788 0
4855 0
4911 0
