367 0
389 0
433 0
444 0
475 0
555 0
638 0
670 0
730 0
732 0
796 0
848 0
933 0
1000 0
1024 0
1050 0
1114 0
1124 0
1180 0
1206 0
1254 0
1260 0
1320 0
1332 0
1425 0
1482 0
1579 0
1606 0
1643 0
1659 0
1723 0
1774 0
1798 0
1809 0
1835 0
1844 0
1879 0
1919 0
1957 0
1982 0
1992 0
2048 0
2061 0
2093 0
2165 0
2183 0
2207 0
2255 0
2304 0
2344 0
2474 0
2579 0
2592 0
2619 0
2642 0
2751 0
2886 0
2913 0
2961 0
3022 0
3027 0
3057 0
3119 0
3150 0
3174 0
3221 0
3234 0
3256 0
3303 0
3348 0
3376 0
3384 0
3415 0
3431 0
3440 0
3501 0
3561 0
3573 0
3619 0
3642 0
3733 0
3800 0
3892 0
3896 0
3951 0
3967 0
4020 0
4040 0
4091 0
4104 0
4175 0
4187 0
4228 0
4288 0
4383 0
4426 0
4482 0
4503 0
4555 0
4580 0
4670 0
4751 0
4767 0
4787 0
4832 0
4851 0
