333 0
368 0
377 0
458 0
514 0
566 0
607 0
642 0
655 0
718 0
785 0
849 0
851 0
923 0
984 0
998 0
1024 0
1048 0
1068 0
1141 0
1238 0
1257 0
1280 0
1318 0
1373 0
1503 0
1550 0
1578 0
1582 0
1640 0
1769 0
1794 0
1843 0
1898 0
1917 0
1937 0
1950 0
1969 0
1993 0
2053 0
2086 0
2097 0
2134 0
2175 0
2177 0
2229 0
2276 0
2303 0
2345 0
2468 0
2491 0
2561 0
2653 0
2726 0
2744 0
2884 0
2921 0
2947 0
2986 0
3038 0
3051 0
3080 0
3112 0
3137 0
3175 0
3226 0
3250 0
3273 0
3289 0
3313 0
3317 0
3378 0
3431 0
3444 0
3571 0
3634 0
3643 0
3664 0
3713 0
3850 0
3898 0
3928 0
3965 0
3984 0
4069 0
4150 0
4174 0
4196 0
4224 0
4246 0
4285 0
4367 0
4380 0
4427 0
4498 0
4572 0
4575 0
4621 0
4643 0
4702 0
4775 0
4842 0
4852 0
4887 0
