308 0
358 0
385 0
416 0
440 0
540 0
573 0
622 0
655 0
753 0
795 0
834 0
900 0
909 0
947 0
1024 0
1061 0
1115 0
1124 0
1227 0
1255 0
1268 0
1288 0
1341 0
1372 0
1502 0
1589 0
1605 0
1698 0
1722 0
1765 0
1779 0
1804 0
1835 0
1914 0
1925 0
1964 0
2078 0
2123 0
2152 0
2165 0
2224 0
2297 0
2358 0
2401 0
2455 0
2483 0
2519 0
2549 0
2561 0
2573 0
2651 0
2660 0
2680 0
2696 0
2723 0
2755 0
2812 0
2869 0
2912 0
3005 0
3059 0
3072 0
3096 0
3132 0
3254 0
3289 0
3310 0
3389 0
3405 0
3449 0
3461 0
3498 0
3528 0
3615 0
3635 0
3712 0
3850 0
3882 0
3936 0
3946 0
3977 0
3989 0
4095 0
4102 0
4155 0
4185 0
4269 0
4310 0
4331 0
4378 0
4425 0
4465 0
4566 0
4604 0
4651 0
4678 0
4785 0
4805 0
4832 0
4846 0
4911 0
