365 0
377 0
401 0
454 0
466 0
498 0
514 0
572 0
607 0
614 0
687 0
730 0
778 0
831 0
911 0
964 0
977 0
1043 0
1091 0
1127 0
1216 0
1238 0
1277 0
1298 0
1406 0
1482 0
1540 0
1558 0
1586 0
1611 0
1653 0
1673 0
1725 0
1758 0
1797 0
1811 0
1892 0
1973 0
2004 0
2054 0
2070 0
2075 0
2145 0
2250 0
2432 0
2455 0
2522 0
2546 0
2570 0
2594 0
2621 0
2651 0
2682 0
2687 0
2763 0
2775 0
2969 0
3063 0
3137 0
3146 0
3169 0
3220 0
3240 0
3319 0
3408 0
3428 0
3465 0
3494 0
3542 0
3569 0
3618 0
3632 0
3662 0
3684 0
3736 0
3811 0
3916 0
3936 0
3992 0
4003 0
4086 0
4118 0
4174 0
4238 0
4263 0
4317 0
4388 0
4449 0
4504 0
4537 0
4600 0
4620 0
4654 0
4708 0
4723 0
4754 0
4770 0
4814 0
4830 0
4850 0
