317 0
358 0
382 0
406 0
422 0
479 0
514 0
622 0
637 0
666 0
686 0
733 0
778 0
797 0
800 0
924 0
940 0
1085 0
1101 0
1120 0
1138 0
1148 0
1192 0
1221 0
1305 0
1336 0
1385 0
1463 0
1554 0
1596 0
1603 0
1652 0
1709 0
1779 0
1824 0
1838 0
1929 0
1951 0
2001 0
2079 0
2100 0
2121 0
2158 0
2195 0
2272 0
2353 0
2365 0
2394 0
2415 0
2456 0
2491 0
2597 0
2630 0
2722 0
2762 0
2802 0
2831 0
2843 0
2866 0
2951 0
3021 0
3067 0
3096 0
3116 0
3142 0
3229 0
3268 0
3289 0
3378 0
3393 0
3435 0
3510 0
3554 0
3611 0
3636 0
3661 0
3752 0
3831 0
3889 0
3911 0
4011 0
4026 0
4079 0
4085 0
4109 0
4125 0
4138 0
4282 0
4290 0
4413 0
4422 0
4441 0
4485 0
4529 0
4548 0
4581 0
4595 0
4699 0
4737 0
4809 0
4816 0
4832 0
4855 0
4897 0
